,0,1,2,3,4,5,6,7,8,9,10,11,12,13,14,15,16,17,18,19,20,21,22,23,24,25,26,27,28,29,30,31,32
0,1000000.0,5.1746895,1.3522595,3.8224301,-0.2807922,0.90179758,1.0140488,0.74655577,-0.61728395,0.5,2.8071645,4.0397872,3.9760824,0.40562389,-0.016351672,0.096535953,0.17512358,2.6575361,2.5248247,0.66721542,0.15,1.5249899,0.5,0.037067523,13.488897,2.4779159,32.30635,0.014328182,-0.19494349,-0.013563125,0.15550488,-1.1015182,-4.385576
1,1001000.0,5.2019241,1.3905765,3.8113476,-0.2883176,0.9273505,1.0173321,0.8030651,-0.61728395,0.5,2.83933,4.0311132,4.0497564,0.43712025,-0.0046216417,-0.37210812,-0.0031241631,2.6783757,2.556076,0.66325376,0.15,1.5147867,0.5,0.036847431,13.569467,2.4695094,32.30635,-0.0024404652,-0.1514127,-0.0049658211,0.15120734,4.6801185,5.3743614
2,1002000.0,5.2269099,1.4282548,3.798655,-0.28584572,0.95247754,1.0469045,0.82203607,-0.61728395,0.5,2.5963107,3.8690132,3.8718571,0.048061734,-0.044505735,0.015738679,-0.094066224,2.4315541,2.3048229,0.66151601,0.15,1.5167853,0.5,0.03675089,13.605113,2.4724815,32.30635,-0.00040708229,-0.2231547,0.028736433,0.18720657,-1.3603076,-2.5387918
3,1003000.0,5.1958683,1.4264599,3.7694085,-0.28116599,0.95128052,1.0653519,0.79354844,-0.61728395,0.5,2.7243805,3.9711809,3.9306507,0.27130989,0.03555079,0.088334983,-0.13047473,2.5653335,2.4277564,0.66199153,0.15,1.5194133,0.5,0.036777307,13.59534,2.4976544,32.30635,-0.01315392,-0.17282754,-0.0097553291,0.20022491,-5.1738161,-3.5221556
4,1004000.0,5.2153795,1.3925899,3.8227896,-0.27847269,0.92869326,1.0192381,0.80362646,-0.61728395,0.5,3.0035303,4.1486804,4.1654415,0.69646894,0.0071297031,-0.19114155,-0.052093896,2.8424634,2.7197456,0.65946801,0.15,1.5383479,0.5,0.036637111,13.647364,2.4665799,32.30635,0.0085049568,-0.20733361,0.024400145,0.15353771,0.86304597,1.0283708
5,1005000.0,5.1866715,1.3953008,3.7913707,-0.26896987,0.9305011,1.0495129,0.76588968,-0.61728395,0.5,2.8927377,4.0466983,4.1366189,0.49489583,-0.030777184,-0.10148001,-0.024582173,2.7392342,2.6005236,0.65907178,0.15,1.6064564,0.5,0.036615099,13.655569,2.4820878,32.30635,0.0024264304,-0.17580557,-0.017325473,0.14182132,-2.1797248,1.6057211
6,1006000.0,5.2370026,1.4401824,3.7968202,-0.29055764,0.96043183,1.0686453,0.81084445,-0.61728395,0.5,2.6450142,3.8414582,3.8745238,0.21906073,0.0098278703,-0.24923507,0.077846274,2.4825007,2.3474732,0.66429619,0.15,1.6411055,0.5,0.036905344,13.548173,2.4742574,32.30635,0.019537382,-0.14525386,-0.0033445397,0.17542396,-3.1102915,-4.1464202
7,1007000.0,5.2138405,1.4155004,3.7983401,-0.28020532,0.94397184,1.0826568,0.75204112,-0.61728395,0.5,2.9012208,4.0542912,4.1198311,0.52954014,0.015572426,-0.11812322,-0.085957551,2.750493,2.5997786,0.66684813,0.15,1.652202,0.5,0.037047118,13.496326,2.4758202,32.30635,-0.052546292,-0.16285324,-0.0022899856,0.19759696,0.56065032,3.3949286
8,1008000.0,5.2268121,1.4480913,3.7787208,-0.2835657,0.9657061,1.0826967,0.80392977,-0.61728395,0.5,2.7174241,3.9495295,3.9603868,0.24235598,-0.009599869,0.095848739,0.067614467,2.5562965,2.4159708,0.67191038,0.15,1.6887844,0.5,0.037328354,13.394644,2.4748239,32.30635,-0.017628456,-0.18686927,-0.021967837,0.14675027,-2.287432,-0.479131
9,1009000.0,5.2743127,1.4794839,3.7948288,-0.28636003,0.98664126,1.1108807,0.81481103,-0.61728395,0.5,3.00455,4.1686675,4.162383,0.6825995,-0.015599785,-0.061601512,0.14858207,2.8412415,2.6952494,0.67612461,0.15,1.6899836,0.5,0.037562478,13.311156,2.4750009,32.30635,0.020059314,-0.1969037,-0.016457945,0.17772727,-0.65786,6.8668411
10,1010000.0,5.2447994,1.4593075,3.7854919,-0.29293948,0.97318602,1.1148297,0.77716771,-0.61728395,0.5,2.7851093,3.949673,4.0509535,0.35470145,0.006012061,-0.14190095,-0.0039387517,2.6293455,2.4747093,0.672907,0.15,1.6504557,0.5,0.037383722,13.374805,2.4747487,32.30635,-0.0090343951,-0.22263641,-0.018452916,0.17736738,0.33864258,2.2082381
11,1011000.0,5.2726531,1.4730003,3.7996527,-0.27215994,0.98231752,1.1190728,0.79309713,-0.61728395,0.5,2.9254132,4.0938835,4.1471721,0.53518393,0.016569903,-0.26747679,0.029695082,2.7664567,2.6138317,0.66533393,0.15,1.6671387,0.5,0.036962996,13.527042,2.4733009,32.30635,0.01556366,-0.2233419,0.020096142,0.20436321,1.1708192,5.3949006
12,1012000.0,5.3039805,1.4928752,3.8111053,-0.28445331,0.99557171,1.1319673,0.80686126,-0.61728395,0.5,2.8266753,3.9851894,4.0295484,0.46528818,0.0049421168,-0.20056994,-0.13900796,2.6649602,2.5115037,0.65996243,0.15,1.6821674,0.5,0.036664579,13.63714,2.501458,32.30635,-0.0070930989,-0.16543645,0.0064408926,0.20124619,2.5709064,5.3036507
13,1013000.0,5.3137592,1.4609103,3.8528489,-0.28328667,0.97425489,1.1124664,0.78300522,-0.61728395,0.5,2.5823593,3.7857678,3.8933843,0.067925871,-0.0065194741,-0.024443648,0.092314688,2.4254255,2.2726173,0.65611304,0.15,1.7336708,0.5,0.036450725,13.717148,2.5014386,32.30635,-0.0015533533,-0.12928362,0.013044424,0.24524277,5.0146558,-4.2357164
14,1014000.0,5.288038,1.458299,3.829739,-0.27463743,0.97251345,1.1107018,0.78129462,-0.61728395,0.5,2.5865278,3.9157884,3.809089,0.034706065,0.0070098468,0.075596204,-0.017203598,2.4299368,2.2772771,0.64394062,0.15,1.7480534,0.5,0.035774479,13.976444,2.4710558,32.30635,-0.0019425758,-0.18627575,-0.019465161,0.1341791,2.5592282,0.37243157
15,1015000.0,5.3212862,1.4888852,3.832401,-0.26559878,0.99291081,1.1335101,0.79835856,-0.61728395,0.5,2.5339738,3.7949067,3.8594415,-0.05242679,0.0049635679,0.052924692,-0.035804882,2.3739628,2.2183726,0.64666667,0.15,1.7110328,0.5,0.035925926,13.917526,2.4910586,32.30635,-0.0099093856,-0.20854051,-0.014401774,0.12727071,-2.5204667,2.678659
16,1016000.0,5.3087743,1.4999046,3.8088697,-0.26754196,1.0002595,1.153576,0.78804619,-0.61728395,0.5,2.6643383,3.9242996,3.940288,0.12842729,0.0075140618,-0.28052901,-0.039018979,2.5063941,2.3431502,0.64872236,0.15,1.6911597,0.5,0.036040131,13.873423,2.4710194,32.30635,0.0047528066,-0.21904187,0.044560723,0.19465877,-2.1909779,-3.4709233
17,1017000.0,5.3502236,1.5018292,3.8483944,-0.26549182,1.001543,1.1505307,0.79534427,-0.61728395,0.5,2.7702617,3.9553437,3.999428,0.35601334,0.013544917,-0.22071902,0.0024250489,2.6108548,2.4499214,0.65465676,0.15,1.7010283,0.5,0.03636982,13.747662,2.479692,32.30635,0.01191451,-0.17525363,0.013611134,0.17858684,0.19165223,-0.92171931
18,1018000.0,5.3454489,1.504266,3.8411829,-0.26919906,1.003168,1.1604359,0.78546791,-0.61728395,0.5,2.7602773,3.9517673,4.0351679,0.29389657,-0.1010626,-0.29402088,0.011694213,2.6028499,2.4371791,0.65688363,0.15,1.7038547,0.5,0.036493535,13.701057,2.4744673,32.30635,0.003433936,-0.19382562,0.006808525,0.21040268,1.8231701,2.8818959
19,1019000.0,5.3733784,1.5329782,3.8404002,-0.26878919,1.0223157,1.192853,0.78619649,-0.61728395,0.5,2.5329654,3.8199347,3.779365,-0.00040363589,-0.0087192185,0.25619478,0.034742464,2.3753919,2.2008414,0.66342102,0.15,1.7490304,0.5,0.036856723,13.566046,2.5117999,32.30635,-0.0058566919,-0.20188649,0.010799653,0.1833007,-3.6535471,-1.5927027
20,1020000.0,5.3681364,1.4902492,3.8778872,-0.27005588,0.99382048,1.1514167,0.77565698,-0.61728395,0.5,2.8306577,3.9964623,4.0414177,0.45409306,-0.050442993,-0.055889851,0.058151991,2.6751966,2.5100707,0.66636083,0.15,1.7206709,0.5,0.037020046,13.506196,2.4994241,32.30635,-0.0092262584,-0.12468686,-0.0063400845,0.18454724,0.63248588,0.51591733
21,1021000.0,5.3689013,1.4980838,3.8708176,-0.27435798,0.99904519,1.1600342,0.77617243,-0.61728395,0.5,2.7013837,3.9256381,3.9642916,0.21422154,0.011868505,0.022711572,-0.041318037,2.5458194,2.3783975,0.66390675,0.15,1.7311935,0.5,0.036883709,13.556121,2.4703922,32.30635,-0.012213888,-0.19699713,0.0043774542,0.20274561,0.37124209,-3.5704555
22,1022000.0,5.3399842,1.5110081,3.8289761,-0.2790847,1.0076642,1.182485,0.76558319,-0.61728395,0.5,2.9656524,4.1726567,4.1417946,0.58250592,-0.028386976,-0.13425956,0.0022104055,2.8122104,2.6364152,0.65433811,0.15,1.7204215,0.5,0.036352117,13.754357,2.4767439,32.30635,0.017550465,-0.21279992,-0.037055401,0.17269719,-1.2175508,2.2242091
23,1023000.0,5.4290195,1.5291771,3.8998424,-0.24198585,1.0197808,1.1521406,0.8366955,-0.61728395,0.5,2.684,3.9624581,3.9633739,0.12616788,0.01947124,-0.034097162,-0.055245625,2.5163053,2.3632115,0.64684253,0.15,1.6896957,0.5,0.035935696,13.913742,2.4764589,32.30635,-0.022740598,-0.1284513,0.014030357,0.19028498,-1.6001308,-1.1252657
24,1024000.0,5.4269426,1.5139513,3.9129913,-0.2496861,1.009627,1.1783436,0.7760274,-0.61728395,0.5,2.4169756,3.7192902,3.7272049,-0.19556833,-0.0083083746,-0.071900034,-0.0025108002,2.2614403,2.0888914,0.63992781,0.15,1.6654829,0.5,0.035551545,14.064086,2.4875762,32.30635,-0.0079568581,-0.22080871,0.017916056,0.1297767,1.1796435,-0.38611331
25,1025000.0,5.4335147,1.5601988,3.8733159,-0.26619402,1.0404686,1.18135,0.84556116,-0.61728395,0.5,2.9811258,4.1524752,4.1690564,0.62184572,-0.057080239,-0.2078584,0.031256671,2.8116542,2.6522046,0.63748922,0.15,1.6458759,0.5,0.035416068,14.117886,2.4761899,32.30635,-0.0037161616,-0.18037159,0.0041448937,0.22679754,-0.76815387,-0.35123089
26,1026000.0,5.4291309,1.5541729,3.874958,-0.26963183,1.03645,1.1816185,0.83558393,-0.61728395,0.5,2.6312196,3.9038835,3.9111343,0.078641043,0.018247636,-0.072826834,0.054545642,2.4637477,2.3022237,0.64167196,0.15,1.6643972,0.5,0.035648442,14.025858,2.5022051,32.30635,0.042566542,-0.18269371,-0.0027941299,0.16570826,-0.32884386,-1.5880419
27,1027000.0,5.4080523,1.5155149,3.8925374,-0.26265527,1.0106697,1.1827594,0.77238504,-0.61728395,0.5,2.681093,3.9568471,3.9213589,0.16507321,-0.017844138,-0.19846395,0.10974578,2.5262878,2.3517794,0.64044827,0.15,1.678292,0.5,0.03558046,14.052657,2.4760395,32.30635,-0.013195421,-0.20697007,0.024946813,0.16516163,3.4261224,-1.2711472
28,1028000.0,5.4670202,1.5672511,3.8997691,-0.2536734,1.0451717,1.2115171,0.81489353,-0.61728395,0.5,2.5864178,3.8209292,3.8451977,0.09312638,0.0015410366,-0.055959904,-0.0019733305,2.4230927,2.2490972,0.64764654,0.15,1.6915353,0.5,0.035980363,13.896469,2.4796981,32.30635,0.0050202401,-0.24656215,-0.0017695153,0.23804453,-0.1286014,3.9608971
29,1029000.0,5.4996072,1.5675555,3.9320517,-0.22241033,1.0453747,1.1880159,0.84802617,-0.61728395,0.5,2.94005,4.20065,4.0525883,0.56691178,0.024241505,-0.20488121,-0.11161816,2.7700844,2.6092728,0.65053824,0.15,1.6933258,0.5,0.036141013,13.834698,2.4602122,32.30635,0.019524989,-0.18690754,-0.016095472,0.15919771,0.021661938,8.8493686
30,1030000.0,5.5184825,1.5812803,3.9372023,-0.25109646,1.0545274,1.2244453,0.81929366,-0.61728395,0.5,2.7681469,3.9287836,4.0550109,0.32064637,0.044276922,-0.017983751,0.13387023,2.60394,2.4272268,0.65454288,0.15,1.7227914,0.5,0.036363493,13.750054,2.4882265,32.30635,0.012895463,-0.11780356,-0.019124529,0.15643937,-1.6808912,-3.8783682
31,1031000.0,5.5272781,1.5602726,3.9670055,-0.24570046,1.0405178,1.2256296,0.78416612,-0.61728395,0.5,2.7796996,4.0055078,3.9983345,0.33525638,-0.0047812658,-0.10486465,0.010841574,2.6225331,2.4384497,0.65465209,0.15,1.7294287,0.5,0.036369561,13.74776,2.5238637,32.30635,0.010465698,-0.19310076,-0.0085707694,0.25378493,-1.2025595,0.73829002
32,1032000.0,5.4973496,1.5592787,3.938071,-0.25462048,1.039855,1.2178408,0.79340202,-0.61728395,0.5,2.8177439,4.0010994,4.0473742,0.40475806,-0.015256258,-0.3385039,-0.098981158,2.6587263,2.4786626,0.65172956,0.15,1.6690364,0.5,0.036207198,13.809409,2.4872166,32.30635,-0.021623862,-0.19542543,0.0094945034,0.18149668,2.8107017,1.7913507
33,1033000.0,5.4708017,1.527197,3.9436047,-0.23731999,1.0184603,1.1940333,0.77534263,-0.61728395,0.5,2.9017572,4.0812354,4.1229544,0.50108173,-0.023489446,0.099860865,0.018184598,2.7463591,2.5693046,0.64749978,0.15,1.7029353,0.5,0.03597221,13.899619,2.4944924,32.30635,-0.0090418714,-0.14241966,0.027632236,0.21558541,-3.4965589,4.8718289
34,1034000.0,5.480969,1.5319124,3.9490566,-0.24825053,1.0216049,1.1980889,0.77722422,-0.61728395,0.5,2.5905043,3.8041213,3.8852864,0.082105061,0.016503108,0.14685077,-0.00060892023,2.4347291,2.2569225,0.63875856,0.15,1.7226706,0.5,0.035486587,14.089831,2.493393,32.30635,0.014458989,-0.16515441,-0.017271898,0.20723881,3.4849447,-1.8257991
35,1035000.0,5.4796503,1.5564282,3.9232221,-0.24423473,1.037954,1.2222578,0.7827227,-0.61728395,0.5,2.6074347,3.8502835,3.8524252,0.11959542,-0.0052934877,-0.034741,-0.038606592,2.4505575,2.2671236,0.63801817,0.15,1.734903,0.5,0.035445454,14.106181,2.4864341,32.30635,0.019151836,-0.23937963,-0.0045090781,0.13026391,1.0883287,-6.5582207
36,1036000.0,5.4414008,1.5492087,3.8921921,-0.26175024,1.0331395,1.1944221,0.80988531,-0.61728395,0.5,3.0545275,4.1909184,4.1814851,0.79117897,0.009007515,0.10684371,0.047264523,2.8922062,2.7219666,0.63192963,0.15,1.6838168,0.5,0.035107202,14.242092,2.4753602,32.30635,0.051599281,-0.20406955,0.016846508,0.20752348,1.1153186,2.9575282
37,1037000.0,5.4361959,1.5349063,3.9012896,-0.24613823,1.0236015,1.1948745,0.78646131,-0.61728395,0.5,2.7420767,3.9900821,3.9671973,0.2689508,-0.035135815,0.20370242,-0.072465228,2.5844502,2.4093899,0.63848401,0.15,1.6610018,0.5,0.035471334,14.095889,2.496869,32.30635,0.019222278,-0.15027273,0.014107042,0.14930907,-1.5396909,3.9824121
38,1038000.0,5.4416506,1.5378368,3.9038138,-0.25480732,1.0255558,1.194713,0.79135638,-0.61728395,0.5,2.6823462,3.8367222,3.9473374,0.26297893,0.040111938,-0.096341943,0.027582557,2.5237386,2.3497044,0.64508791,0.15,1.6760183,0.5,0.035838217,13.951587,2.4830747,32.30635,-0.014270385,-0.22137117,-0.0019362241,0.21487232,-0.20636441,6.4493678
39,1039000.0,5.4449321,1.537832,3.9071001,-0.23950982,1.0255526,1.2032605,0.77947453,-0.61728395,0.5,2.9699116,4.2404395,4.1278175,0.54147768,0.045870825,0.088211511,-0.13808169,2.8136854,2.6348899,0.64994986,0.15,1.6699514,0.5,0.036108326,13.847222,2.4856058,32.30635,0.024302368,-0.17473957,-0.017635432,0.20683352,-1.6716258,4.7749762
40,1040000.0,5.4521909,1.5298945,3.9222964,-0.25773056,1.0202592,1.2214585,0.74154308,-0.61728395,0.5,2.6359822,3.9115817,3.872198,0.12416693,-0.026739688,0.020400627,-0.10607797,2.4873584,2.2958937,0.65296103,0.15,1.7257784,0.5,0.036275613,13.783365,2.4864407,32.30635,-0.0050514156,-0.17675458,0.0061722784,0.19838419,-1.6299192,-3.756943
41,1041000.0,5.4334379,1.5297035,3.9037344,-0.24763783,1.0201319,1.187598,0.78827748,-0.61728395,0.5,2.7517157,3.9490667,4.0265225,0.2795579,-0.025590184,-0.31435958,0.11690355,2.5937252,2.4210549,0.65068961,0.15,1.6793173,0.5,0.036149423,13.83148,2.4811128,32.30635,-0.015497565,-0.14965497,0.005065408,0.17579143,2.8702329,-6.6720105
42,1042000.0,5.4627229,1.5515239,3.911199,-0.24738855,1.0346835,1.2013609,0.80393604,-0.61728395,0.5,2.7786531,3.999315,4.0040053,0.33263904,-0.01991021,-0.16506504,-0.018875418,2.6175242,2.4441603,0.64665328,0.15,1.6762084,0.5,0.035925182,13.917814,2.4761705,32.30635,0.014019873,-0.16786626,-0.017690903,0.14109726,2.8846789,-0.25367055
43,1043000.0,5.4951053,1.5454728,3.9496325,-0.24689936,1.0306481,1.184025,0.81837438,-0.61728395,0.5,2.6737065,3.9219186,3.8880022,0.21119882,0.029685614,-0.13423966,-0.067217015,2.5096838,2.3440405,0.64436043,0.15,1.6599934,0.5,0.035797802,13.967338,2.495804,32.30635,-0.0079609658,-0.17450827,-0.0084640721,0.17399967,-0.34689744,0.63703844
44,1044000.0,5.4585462,1.5352224,3.9233238,-0.24220435,1.0238123,1.1825607,0.80407127,-0.61728395,0.5,2.581159,3.8021927,3.9011149,0.040169541,0.035996799,0.30131271,-0.068642477,2.420003,2.2519007,0.6465819,0.15,1.6041695,0.5,0.035921217,13.91935,2.5066134,32.30635,0.0050657782,-0.21733275,-0.024334755,0.1451548,-4.4613091,-2.1752255
45,1045000.0,5.4273379,1.5317253,3.8956126,-0.25745046,1.0214801,1.1914126,0.7862005,-0.61728395,0.5,2.9116908,4.1586697,4.1028562,0.47354662,0.025612723,-0.17147047,-0.011339072,2.7541166,2.5799679,0.64215922,0.15,1.6130524,0.5,0.035675512,14.015216,2.4834308,32.30635,0.031297414,-0.16056532,0.012609887,0.1569902,0.23389719,3.4609114
46,1046000.0,5.4618028,1.5620432,3.8997596,-0.24981994,1.0416986,1.2100348,0.8086522,-0.61728395,0.5,2.8435431,4.0802294,4.0339624,0.41643754,-0.018727154,0.041647425,0.067119806,2.681469,2.5066353,0.64112721,0.15,1.6582657,0.5,0.035618178,14.037776,2.5024413,32.30635,-0.02341924,-0.14872922,0.010505348,0.15735189,0.63993952,1.0362436
47,1047000.0,5.4151614,1.5342384,3.880923,-0.258128,1.0231561,1.1943413,0.78613748,-0.61728395,0.5,2.7464581,3.9128973,4.004029,0.32244802,0.019112781,-0.015704442,0.11532083,2.5888965,2.4139197,0.6398824,0.15,1.7168467,0.5,0.035549022,14.065085,2.4836735,32.30635,-0.026974007,-0.20371173,0.015937091,0.20232439,-2.0786228,-0.46072965
48,1048000.0,5.4188867,1.5267073,3.8921794,-0.25563836,1.0181337,1.1828514,0.79009595,-0.61728395,0.5,2.5488169,3.8993525,3.7776175,-0.030519343,0.0048929612,0.027790466,-0.0094154348,2.3904619,2.2194777,0.64451653,0.15,1.7260828,0.5,0.035806474,13.963955,2.4906107,32.30635,0.0062868597,-0.18489814,0.0091448968,0.18800013,0.32989773,-2.8456558
49,1049000.0,5.4003894,1.5365528,3.8638366,-0.25743076,1.0246995,1.2035493,0.77703459,-0.61728395,0.5,2.7532616,4.0269657,3.996725,0.23609411,-0.001318013,-0.13774989,-0.0010763101,2.5975244,2.4181595,0.64581592,0.15,1.7188708,0.5,0.035878662,13.93586,2.4885392,32.30635,-0.0060478046,-0.19726654,0.011187642,0.16417859,-1.5559254,0.46118552
50,1050000.0,5.4069197,1.5142626,3.8926571,-0.24444149,1.0098345,1.1602976,0.8015927,-0.61728395,0.5,2.8992228,4.1217283,4.1382321,0.43770793,-0.022504437,0.18163716,-0.03104876,2.7385636,2.5761632,0.65365113,0.15,1.689762,0.5,0.036313952,13.768813,2.5103264,32.30635,-0.011857546,-0.21322998,0.026070547,0.24975161,-0.5804258,0.077102583
51,1051000.0,5.4665854,1.5303531,3.9362323,-0.26187706,1.020565,1.1626307,0.82399703,-0.61728395,0.5,2.6500606,3.8725441,3.8979751,0.1796625,-0.0061711992,-0.12123933,0.0068227327,2.484911,2.3263514,0.65570286,0.15,1.6297218,0.5,0.036427937,13.725729,2.4888702,32.30635,-0.0029491322,-0.18278356,-0.0061167052,0.1880919,-1.5917467,-4.1689342
52,1052000.0,5.4174087,1.5123247,3.905084,-0.25899513,1.0085422,1.1537984,0.8075328,-0.61728395,0.5,2.4990989,3.8728222,3.8009219,-0.1764472,-0.056389779,0.049585516,-0.15025333,2.3372492,2.1778489,0.65501759,0.15,1.6475773,0.5,0.036389866,13.740089,2.4883666,32.30635,0.0095110961,-0.18299138,0.01076868,0.18136259,3.6697883,-1.0332367
53,1053000.0,5.4416343,1.5564232,3.8852111,-0.26436567,1.0379507,1.1870177,0.83166987,-0.61728395,0.5,2.6288275,3.9315195,3.8590442,0.095918706,0.021956074,-0.10935479,-0.0025974581,2.46214,2.2983282,0.65404,0.15,1.6490988,0.5,0.036335556,13.760626,2.4851746,32.30635,-0.0091708132,-0.19583729,-0.0032182018,0.21980454,3.9012318,-2.4047645
54,1054000.0,5.4285262,1.5070089,3.9215172,-0.25843496,1.0049972,1.1462154,0.80959452,-0.61728395,0.5,2.7367838,3.954973,3.9858794,0.26949904,0.056024529,0.073663024,0.051377928,2.5745208,2.4176451,0.65053435,0.15,1.6714685,0.5,0.036140797,13.834781,2.4906891,32.30635,0.0077122054,-0.18209293,0.010168373,0.18253268,-0.78293869,1.1240837
55,1055000.0,5.4141883,1.5221727,3.8920157,-0.26659696,1.0151097,1.1853937,0.77933678,-0.61728395,0.5,2.7469541,3.9943261,3.9390246,0.30751164,-0.043475479,-0.096819581,0.049229337,2.5907555,2.416907,0.64841133,0.15,1.6883003,0.5,0.036022852,13.880078,2.4824585,32.30635,0.021281626,-0.19882426,0.015293888,0.20691313,-5.0029291,-4.0326848
56,1056000.0,5.4055797,1.518702,3.8868777,-0.26757568,1.0127951,1.1864673,0.77231369,-0.61728395,0.5,2.7648752,3.9897131,3.9669902,0.33792234,0.0091413575,-0.1150105,-0.030310325,2.6100843,2.4345292,0.64278713,0.15,1.7253509,0.5,0.035710396,14.001525,2.472797,32.30635,-0.0070118316,-0.1837163,0.028356194,0.20835615,1.5866787,3.1946088
57,1057000.0,5.4453954,1.5554845,3.8899109,-0.27635763,1.0373247,1.1834776,0.83509179,-0.61728395,0.5,2.755219,3.9222442,4.0063483,0.33706459,0.0028662627,0.018408865,-0.02535196,2.5878458,2.4257055,0.64345338,0.15,1.7386434,0.5,0.03574741,13.987027,2.4638954,32.30635,-0.017951035,-0.2278187,0.027555453,0.13715905,1.9393695,7.1594071
58,1058000.0,5.4947842,1.5244777,3.9703065,-0.25963271,1.0166468,1.1806953,0.78953758,-0.61728395,0.5,2.6588379,3.8642754,3.8798456,0.23239261,-0.015119956,0.03924425,-0.11002941,2.5005948,2.330099,0.64374443,0.15,1.7203815,0.5,0.035763579,13.980704,2.4715701,32.30635,0.012878689,-0.20929127,-0.0016201035,0.16755166,1.9543788,-1.4851002
59,1059000.0,5.4277498,1.5138518,3.9138981,-0.2624408,1.0095606,1.1643167,0.79535472,-0.61728395,0.5,2.7921882,4.0125317,4.0759348,0.28809794,-0.021436419,-0.014533914,0.1193942,2.6327792,2.4680095,0.6475698,0.15,1.6647095,0.5,0.0359761,13.898116,2.4918223,32.30635,-0.0054706083,-0.21457002,0.0044893156,0.18084198,1.380471,-1.4072558
60,1060000.0,5.4368441,1.5250266,3.9118176,-0.24323701,1.0170129,1.17567,0.79739348,-0.61728395,0.5,2.929073,4.1333569,4.0834936,0.57036859,0.027459043,0.040766995,0.019431464,2.7692554,2.6017333,0.65215884,0.15,1.6608768,0.5,0.036231047,13.800319,2.5049293,32.30635,0.010647403,-0.22343646,-0.0058963728,0.14221919,1.7134107,1.6592167
61,1061000.0,5.458593,1.5573088,3.9012842,-0.25441192,1.0385413,1.1877745,0.83203024,-0.61728395,0.5,2.7209139,3.9152101,3.9696991,0.27783248,0.020258213,-0.19865117,-0.094679473,2.5541542,2.3902039,0.64949219,0.15,1.6392154,0.5,0.0360829,13.856979,2.4755912,32.30635,-0.020087526,-0.1979994,0.035033935,0.29100523,-1.9462479,-2.8226351
62,1062000.0,5.4114908,1.5317285,3.8797623,-0.26021732,1.0214822,1.2008842,0.77304782,-0.61728395,0.5,2.7280495,3.9718057,3.9194462,0.29289665,-0.00010213261,0.23650971,0.056500948,2.5731114,2.3936895,0.65023206,0.15,1.7052158,0.5,0.036124003,13.841212,2.484491,32.30635,-0.001040725,-0.16560404,0.010667566,0.19807888,-10.063711,3.8565229
63,1063000.0,5.4936937,1.553423,3.9402707,-0.24805469,1.0359499,1.1724789,0.84708528,-0.61728395,0.5,2.866185,4.0466393,4.0407851,0.51113044,0.011870468,-0.39080836,-0.12795839,2.6964079,2.5397337,0.65059778,0.15,1.7256652,0.5,0.036144321,13.833432,2.4838782,32.30635,-0.017299429,-0.26805845,-0.010943662,0.22813281,-0.30779751,-2.6803529
64,1064000.0,5.4784258,1.545079,3.9333468,-0.2455338,1.0303855,1.1973732,0.79920361,-0.61728395,0.5,2.8211591,4.0882048,4.0168001,0.35847246,0.014586023,-0.004154668,0.075744359,2.6609787,2.4877766,0.65758651,0.15,1.7618288,0.5,0.036532584,13.686412,2.4939614,32.30635,0.00039456713,-0.17646211,0.017675444,0.20045456,-0.42221891,-0.56683551
65,1065000.0,5.3843827,1.5307556,3.8536271,-0.25856952,1.0208334,1.2141218,0.75310767,-0.61728395,0.5,2.8354687,4.0085087,4.0883857,0.40951182,0.01522791,0.060579316,-0.061901044,2.6845271,2.4974229,0.65759641,0.15,1.7944771,0.5,0.036533134,13.686206,2.4771427,32.30635,-0.024060477,-0.24146748,-0.00033852532,0.18498629,2.78683,2.6648767
66,1066000.0,5.4298647,1.530487,3.8993777,-0.25349836,1.0206543,1.1930387,0.78196801,-0.61728395,0.5,2.7402164,3.9377705,4.0532852,0.22959366,0.018416274,0.097436967,0.06000511,2.5834905,2.4080408,0.6518835,0.15,1.8042272,0.5,0.03621575,13.806148,2.4818422,32.30635,0.033788987,-0.26572861,0.012850307,0.18719008,3.3219828,-1.2077601
67,1067000.0,5.4365788,1.5303722,3.9062066,-0.25613763,1.0205778,1.1777717,0.80299387,-0.61728395,0.5,2.8241991,4.0359045,4.0124589,0.42423389,0.036243805,0.034317635,0.045974644,2.6632591,2.4962742,0.65122748,0.15,1.745176,0.5,0.036179305,13.820056,2.5061581,32.30635,0.018718159,-0.25789346,0.0051598009,0.13547442,2.3227067,2.3617885
68,1068000.0,5.4229385,1.5307821,3.8921564,-0.25806632,1.0208511,1.1825306,0.79703606,-0.61728395,0.5,2.7843262,3.9670452,4.0844761,0.30145725,0.012983522,-0.27723665,0.020817947,2.6245802,2.4550763,0.64676144,0.15,1.7478477,0.5,0.035931191,13.915486,2.4920769,32.30635,0.0017983788,-0.15453871,0.0069235568,0.12890689,-0.029942185,-1.3005754
69,1069000.0,5.4134695,1.519464,3.8940055,-0.25710045,1.0133033,1.1721548,0.79341094,-0.61728395,0.5,2.9544957,4.2087704,4.0936361,0.56108069,0.0026739595,-0.090124672,0.0027146938,2.7954764,2.6281348,0.64081996,0.15,1.7556578,0.5,0.035601109,14.044506,2.4820015,32.30635,0.016623527,-0.15195312,-0.030301099,0.20902459,-0.71730622,3.0167845
70,1070000.0,5.435378,1.5212245,3.9141534,-0.26373921,1.0144774,1.1567193,0.81765972,-0.61728395,0.5,2.8507864,3.9535406,4.0943617,0.50445696,0.074598857,-0.095856633,0.065159031,2.686907,2.5287231,0.63908878,0.15,1.7607295,0.5,0.035504932,14.082551,2.4751268,32.30635,-0.032443203,-0.20612768,0.014517839,0.17946271,-0.57073365,0.14767359
71,1071000.0,5.4050383,1.5334342,3.8716042,-0.25498139,1.0226197,1.1843565,0.79872644,-0.61728395,0.5,2.5743862,3.8399606,3.8653004,0.01789759,-0.025550332,-0.3234613,0.071014514,2.4143014,2.2446279,0.64154418,0.15,1.748827,0.5,0.035641343,14.028652,2.4879448,32.30635,0.0048256555,-0.21067945,-0.030498304,0.17113933,3.5016122,1.0712341
72,1072000.0,5.4400338,1.5220329,3.9180008,-0.25952539,1.0150165,1.1507957,0.82717719,-0.61728395,0.5,2.4922553,3.7122148,3.8380772,-0.073526142,0.021315937,-0.17558678,-0.07354276,2.3264683,2.1718413,0.64413912,0.15,1.7500044,0.5,0.035785507,13.972137,2.4980852,32.30635,-0.013300336,-0.15373644,-0.0024641427,0.13961434,0.02893212,-3.5872966
73,1073000.0,5.4713151,1.5197108,3.9516043,-0.25714108,1.0134679,1.150616,0.82372581,-0.61728395,0.5,2.9701451,4.1782512,4.1033361,0.62884816,0.031346299,-0.27117432,-0.10862056,2.8050499,2.6497812,0.65208537,0.15,1.7515496,0.5,0.036226965,13.801874,2.4833785,32.30635,0.010928673,-0.15350103,0.012453522,0.22705686,0.59410524,5.2877437
74,1074000.0,5.4263555,1.525584,3.9007715,-0.2665857,1.0173846,1.2039681,0.75897047,-0.61728395,0.5,2.8171129,3.9753468,4.0253592,0.45063271,-0.0232969,-0.18929826,-0.068782755,2.6649963,2.4818942,0.65575201,0.15,1.7392882,0.5,0.036430667,13.724701,2.4851525,32.30635,0.016246857,-0.27111973,0.0075216082,0.19280855,2.7906429,-2.3411999
75,1075000.0,5.424507,1.511992,3.912515,-0.26333509,1.0083203,1.1556228,0.8044679,-0.61728395,0.5,2.8269015,4.0725529,4.0521262,0.35602537,-0.056996795,0.16426911,0.12304481,2.665666,2.5051434,0.65868531,0.15,1.7429854,0.5,0.036593628,13.663581,2.491459,32.30635,0.020226235,-0.19384158,0.012801673,0.12005876,-2.5354266,-1.7901241
76,1076000.0,5.4428082,1.5453824,3.8974258,-0.25549337,1.0305878,1.1890858,0.81119994,-0.61728395,0.5,3.1346818,4.2804124,4.2368075,0.88682557,0.0006688552,0.03181562,-0.07023215,2.9720971,2.8036068,0.65211395,0.15,1.7238182,0.5,0.036228553,13.801269,2.4709629,32.30635,-0.029489624,-0.26750128,0.0055559176,0.17797363,-1.7842896,7.4778741
77,1077000.0,5.4335712,1.5208676,3.9127036,-0.26751237,1.0142393,1.1577329,0.81568279,-0.61728395,0.5,2.6822551,3.8989451,3.9308857,0.21693456,0.017971225,-0.46283538,0.031320133,2.5187719,2.3599096,0.64246037,0.15,1.7683957,0.5,0.035692243,14.008646,2.4710469,32.30635,0.017776842,-0.19240491,-0.023385143,0.26900635,4.4830496,-4.082439
78,1078000.0,5.4550116,1.5152976,3.939714,-0.24894411,1.0105248,1.1498268,0.8177883,-0.61728395,0.5,2.6665549,3.9019317,3.9151718,0.18256114,-0.0043115522,-0.31447125,0.0039689041,2.5026497,2.3464106,0.63994726,0.15,1.8220927,0.5,0.035552626,14.063659,2.4865571,32.30635,0.0077012171,-0.20113483,0.017408465,0.19855537,2.2176417,2.7585115
79,1079000.0,5.4216848,1.562108,3.8595768,-0.2667729,1.0417418,1.1962703,0.8278769,-0.61728395,0.5,2.5742233,3.849184,3.807145,0.066340856,-0.024561857,-0.23086379,0.065787019,2.4082961,2.2411479,0.63772918,0.15,1.8051789,0.5,0.035429399,14.112574,2.5010284,32.30635,0.0048804826,-0.24106972,-0.0033731397,0.21140377,7.4950251,5.2661436
80,1080000.0,5.4618185,1.5232844,3.9385341,-0.25655217,1.015851,1.1779702,0.7914213,-0.61728395,0.5,2.6880985,3.8484433,3.9215842,0.29426788,-0.041494405,0.034677661,0.053009541,2.5294779,2.3601183,0.64259739,0.15,1.7760801,0.5,0.035699855,14.005659,2.5108722,32.30635,-0.0016943882,-0.1549385,-0.0022579108,0.21473532,1.5767888,3.384676
81,1081000.0,5.4553562,1.5156699,3.9396864,-0.25865955,1.0107731,1.1722066,0.78729186,-0.61728395,0.5,2.673395,3.8447895,3.9210265,0.25436899,-0.050611109,-0.27932474,0.0037682833,2.515602,2.3470196,0.64684005,0.15,1.7971701,0.5,0.035935558,13.913795,2.4692056,32.30635,-0.016703132,-0.18404166,0.024056395,0.1694221,3.5080404,3.7241107
82,1082000.0,5.4225036,1.4990522,3.9234514,-0.25910285,0.99969104,1.1559508,0.78338865,-0.61728395,0.5,2.5611326,3.8469056,3.8452232,-0.0087308761,0.022180144,-0.27439256,-0.022667749,2.404122,2.2392833,0.65340502,0.15,1.7260393,0.5,0.036300279,13.773999,2.4751329,32.30635,0.0044401394,-0.26283957,-0.0060869696,0.15946694,-2.9792631,-1.3245531
83,1083000.0,5.4660404,1.5664678,3.8995725,-0.24518552,1.0446493,1.1863417,0.84861846,-0.61728395,0.5,2.6344186,3.9602934,3.8247381,0.1182241,0.014914201,0.062033909,0.0028764359,2.4643342,2.3041075,0.65849034,0.15,1.7512463,0.5,0.036582797,13.667627,2.4737984,32.30635,0.00029475374,-0.19219915,-0.015709096,0.18313637,-4.7260762,-0.43900599
84,1084000.0,5.4243362,1.4906372,3.933699,-0.23978351,0.99407922,1.1571499,0.76831081,-0.61728395,0.5,2.5767106,3.8426425,3.8446603,0.042828983,-0.015226298,0.0082179663,-0.10431242,2.4227219,2.2545274,0.65766231,0.15,1.7316472,0.5,0.036536795,13.684835,2.4716397,32.30635,0.0071196349,-0.15243084,-0.029307431,0.18656842,-3.3072307,-3.1013099
85,1085000.0,5.4122728,1.5326581,3.8796148,-0.26567033,1.0221022,1.1825171,0.80004475,-0.61728395,0.5,2.8647184,4.0000717,4.0515436,0.54253982,0.036116763,-0.15830608,-0.020568588,2.7043694,2.5354722,0.64815551,0.15,1.7255679,0.5,0.036008639,13.885557,2.4959923,32.30635,-0.029909123,-0.25138395,0.036453946,0.17556907,3.1931616,0.16342991
86,1086000.0,5.40058,1.5538579,3.846722,-0.26820667,1.03624,1.1932274,0.81895506,-0.61728395,0.5,2.7179022,3.9778873,3.9296366,0.2461828,-0.015006221,-0.21765385,-0.046318512,2.5537632,2.3856741,0.64594565,0.15,1.7193398,0.5,0.03588587,13.933061,2.4997595,32.30635,0.034554505,-0.16022871,0.01108593,0.22876031,4.4367858,-1.2150866
87,1087000.0,5.408832,1.5012958,3.9075361,-0.25284982,1.0011873,1.1626399,0.77767204,-0.61728395,0.5,2.7748891,3.9483173,4.0143726,0.36197738,0.00026915084,-0.11827076,0.022730708,2.6190242,2.4511773,0.6409791,0.15,1.7426485,0.5,0.03560995,14.041019,2.4740623,32.30635,0.014755895,-0.16705337,-0.0077358281,0.18187865,1.6198932,-0.14591461
88,1088000.0,5.4289174,1.5478879,3.8810295,-0.24973118,1.0322587,1.1869759,0.81812433,-0.61728395,0.5,3.1036929,4.2980748,4.2101956,0.80280842,0.015925889,-0.42766604,-0.11134097,2.9397204,2.7732053,0.64522594,0.15,1.7853492,0.5,0.035845886,13.948602,2.4823602,32.30635,-0.011793534,-0.19194227,0.0071098555,0.19268869,5.7267449,4.317287
89,1089000.0,5.3991333,1.5202936,3.8788397,-0.23493641,1.0138566,1.1540722,0.81985335,-0.61728395,0.5,2.6034893,3.9396927,3.8410174,0.029757894,0.059972709,0.053451479,-0.065538548,2.4391702,2.2821631,0.65151899,0.15,1.7630964,0.5,0.0361955,13.813872,2.4686415,32.30635,0.0060947432,-0.19678476,0.027701884,0.25151837,-2.9176127,-4.4578273
90,1090000.0,5.4144584,1.5144499,3.9000085,-0.24602687,1.0099595,1.1645698,0.79595633,-0.61728395,0.5,2.4637784,3.8078234,3.7975781,-0.21406628,0.067174367,-0.058330149,0.13546166,2.3042489,2.1395293,0.65988071,0.15,1.7564205,0.5,0.036660039,13.638829,2.4872215,32.30635,0.02564634,-0.18775317,0.0021769487,0.17785791,1.021158,1.5553709
91,1091000.0,5.3704084,1.500595,3.8698134,-0.25767301,1.0007199,1.1554512,0.78654161,-0.61728395,0.5,2.6826064,3.9228942,4.0062514,0.11867363,-0.041927328,0.0039095643,-0.029316703,2.5249638,2.3608962,0.66545464,0.15,1.7782052,0.5,0.036969702,13.524588,2.4673357,32.30635,0.0010889098,-0.15388993,-0.029357636,0.14275412,0.95243852,1.4759407
92,1092000.0,5.4052799,1.5151251,3.8901548,-0.25190311,1.0104097,1.1680613,0.79218214,-0.61728395,0.5,2.9686151,4.171992,4.1255886,0.60826455,-0.021941071,-0.11494108,0.11807117,2.809842,2.6433938,0.6629135,0.15,1.7502534,0.5,0.036828528,13.576432,2.4929462,32.30635,0.006670579,-0.12590335,0.03190458,0.16389026,0.71297302,-0.93235637
93,1093000.0,5.4251254,1.5457663,3.8793591,-0.25139846,1.0308438,1.2004393,0.79603961,-0.61728395,0.5,2.4076736,3.7310174,3.7582803,-0.26627677,-0.070431822,0.18596788,-0.099024108,2.2481274,2.0734374,0.65869931,0.15,1.7515723,0.5,0.036594406,13.66329,2.4815054,32.30635,0.014006,-0.16114022,0.020018959,0.21579832,-1.9369181,-0.19991665
94,1094000.0,5.4283747,1.5452131,3.8831615,-0.24083914,1.0304749,1.204631,0.78933495,-0.61728395,0.5,2.8504258,4.0816832,4.0773348,0.39225937,-0.020236032,-0.021891693,-0.017670717,2.6922234,2.5150225,0.65158851,0.15,1.7448898,0.5,0.036199362,13.812398,2.4885282,32.30635,0.010258857,-0.21565959,0.028136134,0.22374017,-0.45979937,6.194255
95,1095000.0,5.4335716,1.5281178,3.9054538,-0.25071067,1.0190743,1.1688914,0.81173701,-0.61728395,0.5,2.7924402,4.0475889,4.001466,0.32826576,-0.028018607,-0.16769704,-0.096854717,2.6297478,2.4669879,0.63662793,0.15,1.7374475,0.5,0.035368219,14.136986,2.4749979,32.30635,-0.014820571,-0.17852536,-0.019844905,0.1364097,2.8777912,-1.5864425
96,1096000.0,5.4689767,1.5833715,3.8856052,-0.27441637,1.0559221,1.1979689,0.85940758,-0.61728395,0.5,2.661219,3.955809,3.868963,0.15888497,0.013583726,0.012023348,0.11869566,2.4889722,2.3276706,0.63665388,0.15,1.749472,0.5,0.03536966,14.136409,2.4782849,32.30635,0.0041338057,-0.13467112,0.004451802,0.15910957,-2.009724,0.34140496
97,1097000.0,5.4727327,1.5351153,3.9376174,-0.26380296,1.0237409,1.1892837,0.79456113,-0.61728395,0.5,2.7585395,3.8987524,4.0051334,0.37173264,-0.008962517,-0.067807115,-0.064193106,2.5992896,2.4274093,0.63535325,0.15,1.734179,0.5,0.035297403,14.165348,2.4681555,32.30635,-0.0054038897,-0.19542697,-0.0077104223,0.19026609,-0.89571235,1.7738113
98,1098000.0,5.4253993,1.5122956,3.9131037,-0.24783265,1.0085228,1.1679355,0.78784724,-0.61728395,0.5,2.8766616,4.0309691,4.0492606,0.54975518,-0.013312488,0.29492928,0.0032855208,2.7187573,2.5514754,0.64023218,0.15,1.6889809,0.5,0.035568455,14.0574,2.4829873,32.30635,-0.0074619723,-0.18030059,0.040758938,0.18880904,-1.8263413,0.59355844
99,1099000.0,5.4651572,1.4971061,3.9680511,-0.25758707,0.99839323,1.1365312,0.80726447,-0.61728395,0.5,2.7208541,3.9262891,3.9258595,0.31041369,0.046915774,0.010203387,-0.16706029,2.5590581,2.4044118,0.64348677,0.15,1.6493284,0.5,0.035749265,13.986302,2.4726587,32.30635,-0.018076769,-0.19353029,0.0031473478,0.19226655,-1.0737053,-1.576808
100,1100000.0,5.4113513,1.5104026,3.9009487,-0.2484522,1.0072604,1.1731348,0.77760732,-0.61728395,0.5,2.6938654,3.9630391,3.972541,0.14601597,-0.079791751,-0.10799411,-0.022880416,2.5380134,2.3672315,0.64657561,0.15,1.6507388,0.5,0.035920867,13.919486,2.4819955,32.30635,0.019752876,-0.19666288,0.030799802,0.16387761,-1.805448,0.5303565
101,1101000.0,5.3794001,1.5083979,3.8710022,-0.26991138,1.0059235,1.1636832,0.78754223,-0.61728395,0.5,2.6833194,3.9355305,3.8893865,0.22504107,0.00031022826,-0.27457708,-0.011156232,2.5254762,2.3593171,0.6520951,0.15,1.6937406,0.5,0.036227506,13.801668,2.4811427,32.30635,-0.004656452,-0.15039068,-0.0073506563,0.12445178,-0.70253239,1.4350605
102,1102000.0,5.3942649,1.4998321,3.8944329,-0.26502633,1.0002111,1.1518558,0.79032027,-0.61728395,0.5,2.6799826,3.9251811,3.9403202,0.17444656,0.030176773,-0.13269647,-0.016788414,2.5215827,2.3592734,0.65397512,0.15,1.7323186,0.5,0.036331951,13.761992,2.4967417,32.30635,0.0061965555,-0.16102194,0.026176103,0.20844478,3.5119518,2.0095614
103,1103000.0,5.4302304,1.5176641,3.9125663,-0.23332265,1.012103,1.1628141,0.80351835,-0.61728395,0.5,2.7588968,3.9724122,4.1023058,0.20197253,-0.017519423,-0.038020627,-0.020748273,2.5978517,2.4351366,0.65492111,0.15,1.7652096,0.5,0.036384506,13.742113,2.4783046,32.30635,0.0077332052,-0.19444386,0.0035637859,0.17331404,5.4742016,-1.1104303
104,1104000.0,5.4247027,1.5145352,3.9101674,-0.26183835,1.0100164,1.1806784,0.77371449,-0.61728395,0.5,2.7021549,3.8944894,3.9398755,0.27209989,0.01994316,0.11404023,-0.044159418,2.5470832,2.3734207,0.65675446,0.15,1.7499859,0.5,0.036486359,13.703752,2.4905073,32.30635,0.018207587,-0.21327867,-0.0035095592,0.18533323,-1.1090505,0.98186929
105,1105000.0,5.4151452,1.5270798,3.8880653,-0.26845101,1.0183822,1.1557692,0.828312,-0.61728395,0.5,2.9089321,4.1193166,4.0791476,0.528332,-0.021660741,0.081279003,-0.027282868,2.7429177,2.5871333,0.65484772,0.15,1.7558466,0.5,0.036380429,13.743653,2.4785549,32.30635,0.0042306306,-0.19294861,0.021721475,0.20084298,-2.3696011,3.4384472
106,1106000.0,5.4112555,1.4856269,3.9256287,-0.24548664,0.99073792,1.1310917,0.79652508,-0.61728395,0.5,2.4921081,3.7854911,3.7671734,-0.076340052,0.002928084,-0.11286443,-0.063505796,2.3324646,2.1771803,0.65266732,0.15,1.7329767,0.5,0.036259296,13.789567,2.4792534,32.30635,-0.00053001163,-0.17968892,-0.0013323217,0.22505429,-1.693567,-5.4103678
107,1107000.0,5.4128965,1.5060698,3.9068267,-0.25266376,1.0043709,1.1614518,0.78693146,-0.61728395,0.5,2.7159266,3.9638063,3.9838879,0.20008546,-0.012837678,-0.20293684,-0.034402876,2.5582058,2.3925456,0.65115113,0.15,1.7630622,0.5,0.036175063,13.821676,2.4908849,32.30635,0.0039838688,-0.20491056,-0.019458123,0.17280045,0.94588629,2.3716573
108,1108000.0,5.4479325,1.5108044,3.9371281,-0.25603059,1.0075284,1.1551088,0.80328917,-0.61728395,0.5,2.7126498,3.9164208,3.9004979,0.32103077,0.051029755,-0.14490128,-0.091322522,2.5516506,2.3910349,0.64786258,0.15,1.767766,0.5,0.035992366,13.891835,2.4825,32.30635,0.028074892,-0.22035401,0.02123192,0.15544875,-1.653512,2.7505918
109,1109000.0,5.4287122,1.5310806,3.8976317,-0.26070886,1.0210502,1.1896771,0.78758394,-0.61728395,0.5,3.0501511,4.2115364,4.2314219,0.70749492,0.0094899559,-0.2042195,-0.041411126,2.8922996,2.7189114,0.64115057,0.15,1.7504947,0.5,0.035619476,14.037264,2.4690353,32.30635,0.0089417732,-0.17366438,0.022347162,0.19422593,2.9115571,7.3777592
110,1110000.0,5.4223281,1.5262999,3.8960283,-0.26074545,1.017862,1.1797737,0.79372206,-0.61728395,0.5,2.7398247,3.9236025,3.9742602,0.32161141,-0.064261883,-0.19223458,-0.074115166,2.580743,2.4113424,0.64316131,0.15,1.7384785,0.5,0.035731184,13.993379,2.4882598,32.30635,-0.017735231,-0.15998721,0.0015173763,0.15662016,3.219606,-2.575991
111,1111000.0,5.419686,1.4999547,3.9197313,-0.24402591,1.0002929,1.1624584,0.77578681,-0.61728395,0.5,2.5533823,3.858214,3.7813616,0.020571326,0.010919769,-0.10294565,0.078781321,2.3978953,2.2297211,0.6421388,0.15,1.7425166,0.5,0.035674378,14.015661,2.4799249,32.30635,0.0040735633,-0.20306545,-0.0075771734,0.1613848,0.46511554,-2.533598
112,1112000.0,5.4253345,1.5432487,3.8820858,-0.25390167,1.0291649,1.1795317,0.82107174,-0.61728395,0.5,2.9745935,4.0813639,4.1545224,0.68789406,-0.038219854,0.26634196,-0.005736354,2.8100302,2.6461786,0.65085138,0.15,1.7164399,0.5,0.03615841,13.828042,2.4828178,32.30635,0.037390187,-0.2188827,-0.0094461334,0.17836906,-6.582064,6.1708476
113,1113000.0,5.4425889,1.5197779,3.922811,-0.2507493,1.0135126,1.1827498,0.77919269,-0.61728395,0.5,2.7551698,3.9002079,4.0271267,0.33817461,0.0034260574,-0.13559261,0.19141003,2.5990001,2.4258588,0.65578505,0.15,1.7272851,0.5,0.036432503,13.724009,2.4695219,32.30635,-0.013018625,-0.17328115,0.023021737,0.19343013,-1.696815,6.1658977
114,1114000.0,5.4410644,1.5184856,3.9225787,-0.24901026,1.0126508,1.1710117,0.79343966,-0.61728395,0.5,2.4710727,3.7776676,3.7814388,-0.14588829,0.012537837,-0.11946716,0.13927347,2.3120476,2.14503,0.66053603,0.15,1.7324326,0.5,0.036696446,13.625298,2.4697838,32.30635,-0.022130834,-0.17222823,0.019730349,0.14784381,0.070763319,-6.098947
115,1115000.0,5.4079498,1.5210913,3.8868585,-0.26849325,1.0143885,1.1828618,0.78113064,-0.61728395,0.5,2.7040494,3.9540765,3.9453812,0.21269033,0.011105262,-0.29583754,0.033782504,2.5474913,2.3747072,0.66302925,0.15,1.7629329,0.5,0.036834958,13.574062,2.4780174,32.30635,-0.003222594,-0.18476169,-0.024093075,0.14940193,4.8900985,-7.2085324
116,1116000.0,5.4601768,1.5423504,3.9178264,-0.26574499,1.0285658,1.1913204,0.80326323,-0.61728395,0.5,2.6603421,3.8300228,3.8909867,0.26001692,-0.046859872,-0.1048752,0.12489155,2.4993481,2.3286449,0.65873243,0.15,1.7461264,0.5,0.036596246,13.662604,2.4696988,32.30635,0.019558518,-0.24413797,0.012425143,0.11786959,-0.91254428,6.9359424
117,1117000.0,5.4446966,1.5481617,3.8965349,-0.26885472,1.0324413,1.1782416,0.83069435,-0.61728395,0.5,2.6837185,3.9186616,3.9067299,0.22576401,0.022218711,-0.051084651,-0.030898981,2.5172266,2.3556628,0.65208977,0.15,1.7434622,0.5,0.036227209,13.801781,2.4814387,32.30635,-0.0026458582,-0.20479625,-0.017114492,0.16635045,1.3600126,1.3427404
118,1118000.0,5.4453928,1.5304929,3.9148999,-0.25076799,1.0206583,1.158493,0.82996788,-0.61728395,0.5,2.4145879,3.6857809,3.7583987,-0.20041575,-0.025870912,0.043448598,-0.0419549,2.2482416,2.0920308,0.64443293,0.15,1.7243003,0.5,0.03580183,13.965767,2.478409,32.30635,-0.0076217451,-0.14406281,-0.00053856612,0.17119516,-2.6645008,-3.0795343
119,1119000.0,5.4155125,1.5106131,3.9048994,-0.272932,1.0074008,1.1725735,0.77872252,-0.61728395,0.5,2.8319884,3.9462421,4.101149,0.44857405,0.005035218,-0.067930319,0.063409257,2.6759129,2.5055108,0.64716765,0.15,1.7290933,0.5,0.035953758,13.906752,2.4925049,32.30635,0.017314145,-0.1559931,-0.043961063,0.20184169,-1.6491848,2.224199
120,1120000.0,5.4620235,1.534056,3.9279676,-0.2390567,1.0230344,1.1958634,0.78373227,-0.61728395,0.5,2.8420656,4.0766777,4.0012238,0.44829532,0.0094806917,0.14107531,-0.11065726,2.6849861,2.5091035,0.64515711,0.15,1.7035809,0.5,0.035842061,13.95009,2.4809995,32.30635,-0.005656705,-0.17822251,-0.0086933296,0.1650223,-0.69983016,1.9355036
121,1121000.0,5.4209499,1.5210388,3.8999112,-0.2672052,1.0143535,1.1623075,0.80960072,-0.61728395,0.5,2.9042947,4.1422498,4.0424219,0.52821225,0.0014860465,-0.21068018,0.069080003,2.7420304,2.5806754,0.65194088,0.15,1.7358325,0.5,0.036218938,13.804933,2.4897991,32.30635,-0.0058309492,-0.14847234,-0.0073106598,0.11382024,1.8612768,0.57582089
122,1122000.0,5.4323307,1.5570545,3.8752762,-0.26346139,1.0383717,1.1878774,0.83148188,-0.61728395,0.5,2.8699453,4.0919945,4.0616651,0.45617624,-0.035802644,-0.13307142,0.054163095,2.7032955,2.5392067,0.65040304,0.15,1.7201282,0.5,0.036133502,13.837574,2.4728432,32.30635,-0.027888683,-0.22503551,0.0038278856,0.12682787,1.343974,1.7555973
123,1123000.0,5.4512504,1.5465022,3.9047482,-0.24684378,1.0313346,1.1885221,0.81376773,-0.61728395,0.5,2.7041931,3.9545751,3.9555345,0.2024695,0.050623596,-0.048973819,0.025256008,2.5410937,2.3732749,0.65798059,0.15,1.7106653,0.5,0.036554477,13.678215,2.5091305,32.30635,-0.024037563,-0.17209825,-0.0013828191,0.14414656,-1.4212955,-0.81910774
124,1124000.0,5.3983225,1.5033001,3.8950225,-0.26233392,1.0025239,1.1578468,0.78752505,-0.61728395,0.5,2.8274315,4.0069102,4.0526205,0.42276379,-0.011341964,-0.10278426,0.052625393,2.6695918,2.5050542,0.6556452,0.15,1.7407019,0.5,0.036424733,13.726936,2.4871322,32.30635,0.0067014702,-0.17419585,0.0038129557,0.18520222,-0.97958721,-2.0539235
125,1125000.0,5.4403596,1.4871692,3.9531905,-0.26487711,0.99176646,1.1293992,0.80133441,-0.61728395,0.5,2.3361974,3.6426351,3.6745546,-0.30859746,-0.063465442,-0.11617125,-0.09804247,2.17559,2.0217408,0.65285147,0.15,1.720667,0.5,0.036269526,13.785678,2.4862138,32.30635,0.0063375732,-0.16215577,0.024211574,0.14647222,1.0802316,0.27469454
126,1126000.0,5.4529915,1.5495909,3.9034006,-0.25448338,1.0333944,1.1972644,0.80654593,-0.61728395,0.5,2.689151,3.9043439,3.9890521,0.17405713,-0.024682064,0.11738602,0.02091953,2.5274991,2.3557988,0.64760493,0.15,1.7211517,0.5,0.035978052,13.897362,2.4950453,32.30635,0.011671455,-0.18660384,0.0047019626,0.17981839,-4.5635316,-1.456061
127,1127000.0,5.4471859,1.5270929,3.920093,-0.24361241,1.0183909,1.1589997,0.82384505,-0.61728395,0.5,2.9789807,4.11314,4.2130872,0.61071503,-0.052068217,0.16548093,-0.012867502,2.8138616,2.6562825,0.63917503,0.15,1.7270502,0.5,0.035509724,14.08065,2.4590897,32.30635,0.005565257,-0.14216327,-0.023254261,0.18159951,-0.21635918,6.2524699
128,1128000.0,5.418964,1.5018767,3.9170873,-0.25774691,1.0015746,1.1712037,0.76670111,-0.61728395,0.5,2.4433684,3.7420601,3.7136824,-0.12563717,-0.034139858,0.10681577,-0.20615686,2.2897024,2.1172722,0.64502388,0.15,1.7469153,0.5,0.03583466,13.952972,2.4906164,32.30635,-0.010003508,-0.19763994,0.0099056982,0.21169219,1.7464243,3.4963111
129,1129000.0,5.4481673,1.5613641,3.8868033,-0.26627976,1.0412457,1.1876404,0.83867985,-0.61728395,0.5,2.7784853,4.0137696,4.027616,0.29407024,-0.013727397,-0.039175139,-0.02472597,2.6103929,2.4478127,0.6421267,0.15,1.7276552,0.5,0.035673706,14.015925,2.4836825,32.30635,0.021564904,-0.19155899,-0.0016883689,0.19432928,-0.6230912,1.6654602
130,1130000.0,5.4003517,1.4970993,3.9032524,-0.24890664,0.99838865,1.1518746,0.78593859,-0.61728395,0.5,2.7615563,3.9553044,4.0018203,0.32754434,0.0125894,-0.31117395,0.07357218,2.6040346,2.4408419,0.64117959,0.15,1.7127532,0.5,0.035621088,14.036629,2.4772918,32.30635,-0.0092209367,-0.2214445,0.003503914,0.16965053,1.1510469,-4.4068759
131,1131000.0,5.4640188,1.513148,3.9508708,-0.2524909,1.0090913,1.1544342,0.80796163,-0.61728395,0.5,2.870385,4.0174918,4.0678322,0.52583117,-0.0021820578,0.019293048,-0.086295921,2.7084493,2.548958,0.64763001,0.15,1.7166613,0.5,0.035979445,13.896824,2.5054061,32.30635,-0.022359692,-0.15643429,-0.012058073,0.17104788,-3.0063907,-2.0030806
132,1132000.0,5.4389219,1.5641832,3.8747387,-0.2788422,1.0431257,1.2150167,0.80514213,-0.61728395,0.5,2.5020819,3.7626984,3.7980853,-0.054538109,-0.022095085,-0.36823958,-0.013254727,2.3407113,2.1637869,0.65242613,0.15,1.7149933,0.5,0.036245896,13.794665,2.488749,32.30635,0.013232596,-0.16245821,0.0071668542,0.15437606,-1.990092,3.7052945
133,1133000.0,5.4416839,1.5204988,3.9211851,-0.24417032,1.0139934,1.1787316,0.78592386,-0.61728395,0.5,2.6124254,3.8730744,3.8901704,0.07403129,0.0023444024,-0.43482664,-0.11175357,2.4549066,2.2842332,0.65567077,0.15,1.7007057,0.5,0.036426154,13.726401,2.4697173,32.30635,0.0054623819,-0.21239841,-0.014783171,0.25919503,1.3812972,7.5247262
134,1134000.0,5.4697236,1.5879046,3.881819,-0.27120762,1.0589451,1.2306182,0.82127646,-0.61728395,0.5,2.5727953,3.8330152,3.8549825,0.030388099,-0.052195818,-0.13665326,0.08891775,2.4081909,2.2301564,0.65736075,0.15,1.7198797,0.5,0.036520041,13.691113,2.5096507,32.30635,-0.012770581,-0.14775204,0.0218804,0.19222976,4.3783714,-1.4706675
135,1135000.0,5.4335405,1.540515,3.8930256,-0.25341132,1.0273418,1.1965379,0.79308974,-0.61728395,0.5,2.8585627,4.1588875,4.0126852,0.40411535,0.0052271026,-0.50874304,-0.00080736404,2.6996077,2.5254128,0.65253464,0.15,1.7041583,0.5,0.036251925,13.792371,2.4811633,32.30635,0.0035478901,-0.16785643,-0.0079513852,0.12641831,7.2146437,-1.9857622
136,1136000.0,5.4345653,1.5110844,3.9234809,-0.26199673,1.0077151,1.1758498,0.7749223,-0.61728395,0.5,2.8296488,4.004399,3.9829302,0.50161708,0.027029687,-0.31185584,-0.028540031,2.674335,2.502259,0.64775488,0.15,1.7228429,0.5,0.035986382,13.894145,2.5048001,32.30635,0.013653701,-0.13600685,-0.0092976901,0.19175524,0.63728316,6.2531176
137,1137000.0,5.4530442,1.5156473,3.9373969,-0.23762027,1.010758,1.1588998,0.80574152,-0.61728395,0.5,2.7642874,3.962505,3.9677568,0.36260051,-0.0087201632,-0.42013199,0.054088176,2.6027967,2.441617,0.63648581,0.15,1.7570139,0.5,0.035360323,14.140142,2.492624,32.30635,0.0092284122,-0.17156748,0.020511835,0.23459531,-0.97610808,-0.41300126
138,1138000.0,5.4418036,1.5278892,3.9139145,-0.25605001,1.0189219,1.1701915,0.80956658,-0.61728395,0.5,2.9156727,4.092357,4.138323,0.5163381,0.0063179753,-0.27343231,-0.021180871,2.7534153,2.5898584,0.63349277,0.15,1.733814,0.5,0.035194043,14.20695,2.472714,32.30635,-0.0069689331,-0.15524183,0.01523352,0.20280231,0.29145933,3.9633358
139,1139000.0,5.4567649,1.5387214,3.9180435,-0.24391752,1.0261457,1.1798719,0.81338336,-0.61728395,0.5,2.6683004,3.9314366,3.8878546,0.18560987,0.096789767,-0.069945434,-0.15200854,2.505278,2.3397907,0.6331939,0.15,1.7004324,0.5,0.035177439,14.213655,2.4697584,32.30635,-0.020348522,-0.19390196,-0.020318072,0.15756778,2.6728905,-4.5921015
140,1140000.0,5.444085,1.5554003,3.8886846,-0.26017837,1.0372686,1.2027827,0.8081391,-0.61728395,0.5,2.5926582,3.9237933,3.8378043,0.016377143,0.015314037,-0.054634774,0.019561098,2.4306869,2.2577695,0.64067058,0.15,1.7268275,0.5,0.03559281,14.047781,2.5066753,32.30635,-0.035760221,-0.23731893,-0.0044267219,0.16590187,1.1690601,-1.7699727
141,1141000.0,5.4200711,1.5295906,3.8904805,-0.26591334,1.0200565,1.1954498,0.77718985,-0.61728395,0.5,2.6684669,3.8988385,3.8563067,0.25025539,0.00049810357,0.08431934,-0.022802036,2.5126986,2.3356199,0.64811564,0.15,1.7246685,0.5,0.036006425,13.886411,2.5136708,32.30635,-0.0065921085,-0.22912576,-0.0060292988,0.19572599,-1.6729755,8.507803
142,1142000.0,5.3968682,1.5186954,3.8781728,-0.26950728,1.0127907,1.1781277,0.78388834,-0.61728395,0.5,2.75073,3.893135,4.0098871,0.34916779,0.05157011,-0.021185903,0.060259814,2.5936192,2.4227059,0.65159922,0.15,1.7345156,0.5,0.036199957,13.812171,2.4906869,32.30635,-0.0083703275,-0.19899543,0.037784882,0.24305188,1.0489185,-5.9848759
143,1143000.0,5.4513266,1.5512652,3.9000614,-0.25793645,1.0345109,1.199434,0.8062004,-0.61728395,0.5,2.8721553,4.0808264,4.0498797,0.48575971,-0.025290635,-0.0071618484,0.09226022,2.7105726,2.538199,0.65331437,0.15,1.7415176,0.5,0.036295243,13.77591,2.4894149,32.30635,-0.01686956,-0.1522449,-7.8759318e-05,0.23737271,-1.2071535,-0.40371187
144,1144000.0,5.4414691,1.543212,3.8982571,-0.24995003,1.0291404,1.1869105,0.81076253,-0.61728395,0.5,2.5746847,3.8480354,3.8209419,0.055076914,-0.036612814,-0.13039454,-0.095995223,2.4121877,2.2442153,0.65511049,0.15,1.7102053,0.5,0.036395027,13.73814,2.4728513,32.30635,0.018505738,-0.21771574,0.00016980677,0.20574923,-3.9786384,2.0006709
145,1145000.0,5.4432433,1.5384366,3.9048068,-0.24741878,1.0259558,1.171819,0.82411639,-0.61728395,0.5,2.6946742,3.8706527,4.0035856,0.20978432,0.050025889,0.060313926,0.050851812,2.5295007,2.3684067,0.65167984,0.15,1.7165576,0.5,0.036204436,13.810462,2.4790398,32.30635,0.028022004,-0.1994123,0.0072681416,0.12914686,-2.3363818,-1.2655636
146,1146000.0,5.4077901,1.5266442,3.881146,-0.26974948,1.0180916,1.1941888,0.77424549,-0.61728395,0.5,2.9580116,4.1560238,4.1397589,0.57825226,-0.055901517,0.015066481,-0.096136961,2.8028335,2.6255158,0.64195648,0.15,1.7414436,0.5,0.035664249,14.019642,2.4816303,32.30635,-0.012465635,-0.15915014,-0.0022992988,0.15119965,-0.12792599,5.1185716
147,1147000.0,5.453913,1.5247122,3.9292008,-0.22969891,1.0168032,1.1753134,0.79738788,-0.61728395,0.5,2.6747462,3.9180999,3.9442073,0.16193147,-0.017113125,0.014379474,-0.065998367,2.5149297,2.3475058,0.64341652,0.15,1.7402823,0.5,0.035745362,13.987829,2.4672547,32.30635,-0.021425212,-0.15735184,-0.021728795,0.16321286,-0.32537372,-5.9579173
148,1148000.0,5.3896295,1.4930013,3.8966282,-0.26205179,0.9956558,1.1692097,0.75532547,-0.61728395,0.5,2.5338117,3.8069823,3.8283223,-0.033869454,0.018226898,-0.16936667,0.068420251,2.3824256,2.2082707,0.64427254,0.15,1.7193184,0.5,0.035792919,13.969244,2.4827958,32.30635,-0.012628134,-0.19151011,0.011982458,0.23005306,2.372693,-0.016176272
149,1149000.0,5.3723242,1.515754,3.8565702,-0.26553107,1.0108292,1.1865325,0.76752446,-0.61728395,0.5,2.6834189,3.8923693,3.9401156,0.21777186,0.0088394082,-0.3678355,-0.040055633,2.5295878,2.3530548,0.64845746,0.15,1.708507,0.5,0.036025414,13.879091,2.5058591,32.30635,0.0074193364,-0.19381972,0.0014969672,0.16941133,4.2228362,2.388433
150,1150000.0,5.4175692,1.5301341,3.8874352,-0.26649366,1.020419,1.1715116,0.8113107,-0.61728395,0.5,2.6974558,3.9625524,3.9797901,0.15002492,0.028526498,-0.24941119,0.097596544,2.5348489,2.3712739,0.65506453,0.15,1.7137056,0.5,0.036392474,13.739104,2.5142295,32.30635,-0.029935501,-0.25442112,-0.0096010861,0.18492684,0.68853034,-8.5583621
151,1151000.0,5.4108519,1.523998,3.8868539,-0.25378779,1.0163269,1.1832732,0.7851918,-0.61728395,0.5,2.792823,4.0282354,4.0168785,0.33335517,-0.033447871,-0.17438955,0.072036633,2.635451,2.4633664,0.65770271,0.15,1.6920729,0.5,0.036539039,13.683994,2.4820473,32.30635,-0.01222792,-0.14150603,0.033016323,0.19648534,-1.4468624,-3.8227328
152,1152000.0,5.4343482,1.5432736,3.8910747,-0.25687507,1.0291815,1.2003515,0.79218863,-0.61728395,0.5,2.7901723,4.0347993,4.0297987,0.305919,0.056509473,0.054880132,0.045674029,2.6313979,2.4559606,0.65567152,0.15,1.7446189,0.5,0.036426195,13.726385,2.4855322,32.30635,-0.024464145,-0.1339271,-0.017464771,0.16724698,0.36912226,1.5912988
153,1153000.0,5.4678388,1.5448147,3.9230241,-0.25140468,1.0302092,1.1700264,0.83677224,-0.61728395,0.5,2.9416002,4.2220851,4.016321,0.5863944,0.037480945,-0.12299295,-0.021833649,2.7738901,2.6158318,0.65000583,0.15,1.7405439,0.5,0.036111435,13.84603,2.4795562,32.30635,0.021396711,-0.22320239,0.0082791665,0.19260804,0.71190564,5.9968551
154,1154000.0,5.4539715,1.5506004,3.9033711,-0.2460181,1.0340676,1.1899697,0.81828862,-0.61728395,0.5,2.4954203,3.8084609,3.8589319,-0.18113181,-0.012731465,0.018273907,0.091877394,2.3314149,2.1640992,0.64668547,0.15,1.7284396,0.5,0.035926971,13.917121,2.4969573,32.30635,-0.013588819,-0.19279718,-0.0032218078,0.16026019,3.6336398,0.23165385
155,1155000.0,5.4669227,1.551094,3.9158286,-0.25752215,1.0343968,1.1924757,0.81559404,-0.61728395,0.5,2.8375259,4.0465741,4.0740624,0.39194103,0.054518041,0.1868904,-0.045756196,2.6740604,2.505507,0.64650972,0.15,1.7520608,0.5,0.035917207,13.920904,2.4951109,32.30635,0.0069988931,-0.24484153,0.019504905,0.23208218,-3.6985779,-1.3388981
156,1156000.0,5.5103842,1.566667,3.9437172,-0.24621864,1.0447821,1.2036217,0.82493075,-0.61728395,0.5,2.8089998,3.971678,3.9524023,0.50291926,0.047980414,-0.061158487,0.0038216875,2.6436631,2.4738776,0.6433221,0.15,1.7222671,0.5,0.035740117,13.989882,2.4863024,32.30635,0.017242744,-0.22943761,-0.012092617,0.22733699,0.32004251,4.3796099
157,1157000.0,5.4205988,1.505323,3.9152757,-0.23703643,1.0038729,1.1644456,0.78158241,-0.61728395,0.5,2.8195659,4.0726755,4.0063189,0.37970339,-0.030885613,-0.21081426,0.053191638,2.6629173,2.4953514,0.64110633,0.15,1.7268791,0.5,0.035617018,14.038233,2.4647093,32.30635,0.0070121797,-0.17061677,-0.01392104,0.21031931,1.7798863,-0.090670324
158,1158000.0,5.4324381,1.5516445,3.8807936,-0.24413243,1.0347639,1.1827706,0.82995356,-0.61728395,0.5,2.503377,3.8031448,3.7828776,-0.075891233,0.022147314,-0.22203306,0.12197336,2.3370336,2.1740603,0.64192035,0.15,1.7026452,0.5,0.035662242,14.020431,2.50218,32.30635,0.0029263611,-0.21355216,-0.006575514,0.14473646,0.48189771,-2.6603987
159,1159000.0,5.3980713,1.5099513,3.8881199,-0.27153997,1.0069595,1.1846618,0.76087488,-0.61728395,0.5,2.7116195,3.9430695,4.0075317,0.18425732,-0.044974049,0.017606265,-0.080087342,2.5591212,2.3817762,0.6506427,0.15,1.6986051,0.5,0.036146816,13.832477,2.5181945,32.30635,-0.013474581,-0.1624645,0.034825843,0.1722403,3.6415491,2.8180881
160,1160000.0,5.4148653,1.5263081,3.8885573,-0.24177149,1.0178675,1.1790023,0.79480678,-0.61728395,0.5,2.9644036,4.1564091,4.0979384,0.63886335,0.027783986,0.018460151,0.12574511,2.8051045,2.6361361,0.6485476,0.15,1.6768313,0.5,0.036030422,13.877162,2.4801013,32.30635,-0.0021210733,-0.23824498,-0.022720109,0.17363372,1.595189,1.0594707
161,1161000.0,5.3845847,1.511692,3.8728927,-0.26480657,1.0081203,1.1647636,0.79129158,-0.61728395,0.5,2.8548504,4.0772046,4.0493285,0.43801815,-0.0099625631,-0.10912077,0.017882698,2.6962558,2.5305473,0.64817153,0.15,1.6837113,0.5,0.03600953,13.885213,2.490938,32.30635,-0.014842509,-0.15087695,0.017070519,0.19009364,3.6654663,1.5245345
162,1162000.0,5.3517431,1.4916016,3.8601415,-0.25831528,0.99472236,1.1552764,0.77245061,-0.61728395,0.5,2.5019753,3.8356455,3.7717508,-0.10147031,-0.013841048,-0.32943524,-0.10309626,2.3471569,2.1803138,0.65171842,0.15,1.6891885,0.5,0.036206579,13.809645,2.4811531,32.30635,0.0057421691,-0.17341275,0.017456981,0.21000629,1.4016003,-7.0272968
163,1163000.0,5.4047124,1.4873769,3.9173355,-0.26789968,0.99190496,1.1274779,0.80433442,-0.61728395,0.5,2.7946638,3.9153149,4.0504703,0.41820611,0.027478712,-0.06144871,0.082759254,2.6334551,2.4807421,0.65584524,0.15,1.7157392,0.5,0.036435847,13.72275,2.4932414,32.30635,-0.012573494,-0.18023819,-0.0025545506,0.18169724,1.588712,4.1554434
164,1164000.0,5.3760376,1.5152651,3.8607725,-0.268198,1.0105031,1.1621804,0.80057495,-0.61728395,0.5,2.5685987,3.8401722,3.8762271,-0.010603159,0.00037733639,0.0045001283,-0.10188905,2.4081435,2.2450148,0.65252355,0.15,1.7182416,0.5,0.036251309,13.792606,2.4883757,32.30635,0.0035857765,-0.17571907,0.01496719,0.17911331,1.1684257,0.81935194
165,1165000.0,5.3629621,1.496302,3.8666601,-0.26389543,0.99785697,1.1654319,0.76583417,-0.61728395,0.5,2.7948685,4.056056,3.9814659,0.34708365,-0.045281162,0.33027546,-0.072919399,2.6413762,2.4703794,0.65626148,0.15,1.6850921,0.5,0.036458971,13.714046,2.4678748,32.30635,-0.014671536,-0.17970037,0.011054815,0.19924558,-1.8645017,2.7413748
166,1166000.0,5.3709469,1.4924787,3.8784683,-0.24776292,0.99530725,1.1511243,0.77961641,-0.61728395,0.5,2.8409152,4.0513046,4.0348312,0.43660974,-0.066068791,-0.11896455,0.042373709,2.6846606,2.5204097,0.65640362,0.15,1.7238188,0.5,0.036466868,13.711076,2.4904806,32.30635,-0.01357397,-0.20394185,0.0084996052,0.25945573,-4.4729641,1.5430135
167,1167000.0,5.4113693,1.5267615,3.8846078,-0.25131408,1.0181699,1.1813175,0.79231318,-0.61728395,0.5,2.7938122,4.0430476,4.0793162,0.25907275,0.034397501,-0.41160114,0.011799082,2.6350128,2.4649,0.65527455,0.15,1.7062022,0.5,0.036404142,13.734701,2.4878147,32.30635,0.04023824,-0.2035454,-0.00031019113,0.19045892,3.7354532,-3.9175402
168,1168000.0,5.4021378,1.5108135,3.8913243,-0.26137242,1.0075344,1.1658835,0.78833556,-0.61728395,0.5,2.6069363,3.8263972,3.9075451,0.08686672,0.027171908,0.23145056,-0.065469582,2.4489342,2.2823215,0.65651008,0.15,1.7175443,0.5,0.036472782,13.708853,2.4780565,32.30635,-0.0010630599,-0.14782127,0.019923756,0.17146773,-1.5649773,3.3370348
169,1169000.0,5.4151142,1.5142529,3.9008613,-0.24724693,1.0098281,1.1765516,0.7789975,-0.61728395,0.5,2.8076786,4.0085388,4.0807772,0.33371991,-0.076624785,0.17627811,-0.049204747,2.6515481,2.4800935,0.65504278,0.15,1.7411114,0.5,0.036391266,13.739561,2.4740048,32.30635,-0.011513318,-0.16021333,0.013228006,0.16595068,-0.86850884,-1.2672869
170,1170000.0,5.4231444,1.5006892,3.9224552,-0.25375834,1.0007827,1.1575132,0.78382714,-0.61728395,0.5,2.490377,3.7888714,3.765051,-0.082791384,-0.057946605,0.08517743,-0.045119015,2.3332785,2.1680927,0.65397182,0.15,1.7377504,0.5,0.036331768,13.762061,2.4930998,32.30635,0.0033216255,-0.17177362,-0.012910072,0.18233481,-0.12792914,-1.9107774
171,1171000.0,5.4475464,1.5085387,3.9390077,-0.27054826,1.0060174,1.1449785,0.81375108,-0.61728395,0.5,2.3880468,3.6714722,3.7444646,-0.25179654,-0.0083392938,0.03940992,-0.047339439,2.2249507,2.0692524,0.65069965,0.15,1.7711982,0.5,0.036149981,13.831266,2.4924344,32.30635,-0.0068291743,-0.14231969,0.0057585531,0.17141458,-3.0212007,-3.9021714
172,1172000.0,5.3732809,1.512337,3.860944,-0.25771171,1.0085504,1.1646385,0.79249331,-0.61728395,0.5,3.045379,4.1565489,4.2184578,0.76113027,-0.01199754,-0.12152371,0.035938229,2.8865435,2.7211107,0.65313834,0.15,1.76105,0.5,0.036285463,13.779623,2.4647886,32.30635,0.014555438,-0.18819675,0.0014356018,0.21723123,-1.9636105,4.7296419
173,1173000.0,5.404039,1.5179706,3.8860684,-0.26349214,1.0123074,1.1738661,0.78865345,-0.61728395,0.5,2.7863359,3.9801633,4.0193417,0.35950264,0.048000219,0.07212173,-0.084906866,2.62827,2.4594984,0.65677426,0.15,1.7543127,0.5,0.036487459,13.703338,2.4886853,32.30635,0.0036553975,-0.15649631,-0.024041634,0.20569807,-1.2639637,1.5541451
174,1174000.0,5.4211577,1.5295993,3.8915584,-0.24634576,1.0200623,1.1893148,0.78572631,-0.61728395,0.5,2.5324854,3.8340756,3.8347815,-0.071400737,0.043038452,-0.17068296,0.072623195,2.3750062,2.2013466,0.65220682,0.15,1.7474911,0.5,0.036233712,13.799304,2.4799838,32.30635,-0.0093285763,-0.17261926,0.015233985,0.203602,3.7906116,1.7321644
175,1175000.0,5.4294295,1.5251367,3.9042927,-0.25579806,1.0170863,1.172626,0.80179767,-0.61728395,0.5,2.8133866,3.9455195,4.0805872,0.41405319,0.035004442,0.23875261,0.069869387,2.6526863,2.4868944,0.65002537,0.15,1.679086,0.5,0.036112521,13.845613,2.4931695,32.30635,0.016331294,-0.24781915,-0.018147317,0.22349839,-1.7722241,-3.0138965
176,1176000.0,5.4396428,1.5313342,3.9083086,-0.25013838,1.0212193,1.1808059,0.80031189,-0.61728395,0.5,2.8956275,4.1004522,4.0373967,0.54903373,-0.066873789,0.11721243,0.00031512067,2.735225,2.5668578,0.65188931,0.15,1.6877997,0.5,0.036216073,13.806025,2.4843678,32.30635,-0.0054339692,-0.19417342,-0.032710768,0.18499611,-2.6352848,-1.0849045
177,1177000.0,5.431285,1.5384217,3.8928633,-0.26060725,1.0259459,1.1772926,0.81648889,-0.61728395,0.5,2.7354006,3.973776,4.0111681,0.22125774,0.01753142,0.010817263,-0.0175997,2.5717558,2.4076091,0.64577316,0.15,1.729228,0.5,0.035876287,13.936782,2.4830723,32.30635,0.044464708,-0.22438269,-0.007740147,0.16196764,-3.5332259,6.4874978
178,1178000.0,5.4791021,1.5405215,3.9385806,-0.244539,1.0273461,1.1696804,0.83041025,-0.61728395,0.5,2.40211,3.7347717,3.6852071,-0.21364875,0.018016666,-0.17801931,-0.035246629,2.235675,2.0764379,0.64475935,0.15,1.7158967,0.5,0.035819964,13.958696,2.4746289,32.30635,-0.0006109968,-0.17864998,-0.031345538,0.16974367,0.06794707,2.0376038
179,1179000.0,5.4544714,1.5401641,3.9143073,-0.26836994,1.0271078,1.168646,0.83127771,-0.61728395,0.5,2.7326092,3.9680057,3.981208,0.24861396,-0.02183706,-0.092775281,0.074928709,2.5660004,2.4072252,0.64644541,0.15,1.6671306,0.5,0.035913634,13.922289,2.5020259,32.30635,-0.010996807,-0.20363469,-0.019309011,0.19613397,3.2751212,0.71826545
180,1180000.0,5.4197908,1.5237384,3.8960524,-0.2515243,1.0161538,1.154883,0.8242173,-0.61728395,0.5,2.6978611,3.9133556,3.9371926,0.24303512,0.0087559309,0.13241213,0.041906273,2.5326674,2.3763091,0.6468475,0.15,1.6758366,0.5,0.035935972,13.913635,2.4861161,32.30635,-0.014498415,-0.22144779,0.022184087,0.15255553,-0.17270016,-7.6966437
181,1181000.0,5.430689,1.5181989,3.9124901,-0.26330905,1.0124596,1.1691808,0.79552598,-0.61728395,0.5,2.9118206,4.1384273,4.0665406,0.53049396,-0.075806235,-0.056625042,0.039525371,2.7523773,2.5862877,0.64709928,0.15,1.6922635,0.5,0.03594996,13.908221,2.4847999,32.30635,-0.0086634697,-0.14412681,0.0046893267,0.20111738,-0.33233976,5.1726009
182,1182000.0,5.4515175,1.553805,3.8977125,-0.26536667,1.0362047,1.192757,0.81952411,-0.61728395,0.5,2.8051623,3.9697675,4.0233796,0.42233969,-0.0045986767,0.086128752,0.10539656,2.6409092,2.4730651,0.65426372,0.15,1.7545855,0.5,0.036347985,13.755921,2.5043925,32.30635,-0.045152648,-0.19284118,0.022761541,0.19713703,-4.5885051,2.8504942
183,1183000.0,5.4379299,1.5577736,3.8801564,-0.26190534,1.0388513,1.2169698,0.79221314,-0.61728395,0.5,2.4241865,3.680573,3.7506455,-0.1586592,0.0022059472,-0.17548619,0.0068517256,2.2654071,2.0853477,0.65607906,0.15,1.7615894,0.5,0.036448837,13.717859,2.4991806,32.30635,-0.011199417,-0.18435491,-0.010392514,0.1979542,-0.94632477,-3.9490646
184,1184000.0,5.4478345,1.5274468,3.9203877,-0.26699309,1.0186269,1.1793739,0.79610546,-0.61728395,0.5,2.7604063,3.988974,3.9890647,0.30318026,-0.037366227,0.1743775,0.018123447,2.6008469,2.4320353,0.65372177,0.15,1.7371494,0.5,0.036317876,13.767325,2.4863346,32.30635,-0.016076533,-0.22495879,0.010665871,0.20959347,-7.0088528,4.5684364
185,1185000.0,5.4284449,1.5699159,3.858529,-0.2629044,1.0469488,1.1949599,0.84214175,-0.61728395,0.5,2.9267308,4.1268179,4.1225178,0.53085662,0.0082427603,0.0017256262,0.069949281,2.7579445,2.5940202,0.65005074,0.15,1.7202802,0.5,0.03611393,13.845073,2.5056786,32.30635,-0.031890733,-0.19356478,-0.0040582825,0.18240291,0.5143399,-0.97482844
186,1186000.0,5.4667067,1.5704536,3.8962531,-0.25930793,1.0473074,1.2134384,0.8173287,-0.61728395,0.5,2.7668615,3.9364511,4.0003472,0.3637862,0.026349783,0.039237016,0.089198656,2.6030484,2.429006,0.64162593,0.15,1.7270647,0.5,0.035645885,14.026864,2.4901033,32.30635,0.035834992,-0.18388052,0.035016665,0.194273,3.345974,-3.8180438
187,1187000.0,5.462277,1.5173798,3.9448972,-0.2485663,1.0119134,1.1800614,0.77910535,-0.61728395,0.5,2.4820947,3.7520372,3.8249714,-0.13072454,-0.0044077034,-0.23480109,0.011630313,2.3259425,2.1535322,0.64028897,0.15,1.694191,0.5,0.035571609,14.056153,2.4652237,32.30635,0.020159626,-0.15047924,0.0031624135,0.15059323,4.6607567,-0.70282663
188,1188000.0,5.4727144,1.5479795,3.9247349,-0.2573577,1.0323198,1.1885876,0.81603129,-0.61728395,0.5,2.6247972,3.8542892,3.8935467,0.12655563,0.033931384,-0.073569154,-0.10010436,2.4612441,2.2938609,0.6449357,0.15,1.7049178,0.5,0.035829761,13.95488,2.5100264,32.30635,-0.0093575204,-0.18795664,-0.0071077773,0.16906921,0.50642912,2.5232883
189,1189000.0,5.4443761,1.557102,3.8872741,-0.26674101,1.0384034,1.2119831,0.79807028,-0.61728395,0.5,2.8926819,4.1367248,4.0448847,0.4964363,0.019969375,-0.33186812,-0.0016810938,2.7327287,2.5552316,0.64570155,0.15,1.6588584,0.5,0.035872308,13.938328,2.4728128,32.30635,-0.013455405,-0.14496371,-0.013004849,0.18219017,1.3840531,-4.2084558
190,1190000.0,5.4316343,1.5332552,3.8983791,-0.24699993,1.0225004,1.193039,0.78637961,-0.61728395,0.5,2.9102923,4.0642871,4.1164866,0.5501031,-0.0064321685,0.13570957,-0.064411979,2.7526821,2.5781165,0.65173947,0.15,1.7023371,0.5,0.036207748,13.809199,2.4642277,32.30635,-0.0064273727,-0.16180425,0.0055872653,0.17108266,-0.83601939,0.57742912
191,1191000.0,5.4584542,1.5420655,3.9163887,-0.25964412,1.0283759,1.1759706,0.82413289,-0.61728395,0.5,2.7244454,3.9460933,4.0256326,0.20161016,0.07747689,0.11249825,0.030222519,2.5592685,2.3970219,0.65435823,0.15,1.6560852,0.5,0.036353235,13.753934,2.4897253,32.30635,-0.0018653636,-0.14122115,-0.0084247655,0.18944701,1.0365056,7.9374466
192,1192000.0,5.4889272,1.5512639,3.9376633,-0.2418087,1.0345101,1.1774042,0.83680203,-0.61728395,0.5,2.872713,4.0391738,4.0484659,0.53049917,0.021427996,0.13452956,-0.02900749,2.7049969,2.5448904,0.65753743,0.15,1.6751236,0.5,0.036529857,13.687434,2.4705938,32.30635,0.014897898,-0.20543245,0.0029827743,0.17905269,-0.32231708,-0.40674602
193,1193000.0,5.4751887,1.532589,3.9425998,-0.25294325,1.0220561,1.1820223,0.80062195,-0.61728395,0.5,2.8142915,4.0526029,4.0307195,0.35955219,0.025450737,-0.017648631,0.010636947,2.6538269,2.4851831,0.65688392,0.15,1.6838427,0.5,0.036493551,13.701051,2.4733782,32.30635,0.033744506,-0.16106939,-0.0043423257,0.16337258,0.11167737,2.1344531
194,1194000.0,5.4920951,1.571981,3.9201141,-0.25283245,1.048326,1.2278848,0.79969423,-0.61728395,0.5,2.8798175,4.0585305,4.1339105,0.44701138,-0.076170549,-0.1820606,-0.20277834,2.7195388,2.5379397,0.65258807,0.15,1.712884,0.5,0.036254893,13.791242,2.4829772,32.30635,-0.0053206469,-0.22335774,-0.0030704628,0.16192634,1.149869,14.286062
195,1195000.0,5.4845884,1.5671086,3.9174798,-0.25315737,1.0450766,1.2013332,0.82881371,-0.61728395,0.5,2.9663209,4.1406268,4.1691931,0.58914291,-0.0093204701,-0.26691264,0.13871202,2.800206,2.6318359,0.64739001,0.15,1.6985452,0.5,0.035966112,13.901975,2.4764005,32.30635,0.014613933,-0.16711633,0.0045057069,0.22387649,3.2106677,5.4266777
196,1196000.0,5.5018128,1.5843714,3.9174415,-0.24769557,1.0565888,1.2166362,0.83506868,-0.61728395,0.5,3.0079338,4.1887392,4.1664061,0.66865618,-0.0092974743,0.07094211,-0.0042211044,2.8405652,2.669188,0.64659181,0.15,1.6704942,0.5,0.035921767,13.919137,2.4745304,32.30635,0.016943616,-0.19002931,-0.016980826,0.20527251,-0.22028011,-3.453648
197,1197000.0,5.4748212,1.5204201,3.9544011,-0.23242956,1.0139409,1.1803139,0.78360033,-0.61728395,0.5,2.7630461,4.0305527,4.005407,0.25317854,0.0072160761,0.10451888,-0.070427003,2.605993,2.4344134,0.64218368,0.15,1.6361585,0.5,0.035676871,14.014682,2.4756166,32.30635,0.0063911472,-0.16535993,0.0072763225,0.14526634,-0.17667672,-1.4394044
198,1198000.0,5.4388941,1.5306843,3.9082099,-0.26374041,1.0207859,1.1722748,0.81112737,-0.61728395,0.5,2.5705499,3.8926815,3.8090393,0.0099289181,0.019575876,-0.047050258,0.0045408975,2.4079797,2.2441555,0.6412358,0.15,1.6315918,0.5,0.035624211,14.035399,2.4825505,32.30635,-0.029388786,-0.17378038,-0.028854746,0.19308352,1.7655621,-3.4816142
199,1199000.0,5.4487133,1.5251561,3.9235571,-0.25150349,1.0170993,1.1541958,0.82743165,-0.61728395,0.5,2.4209093,3.7178573,3.7264917,-0.18162097,0.0092575082,-0.15303742,-0.0536655,2.2550713,2.0995486,0.64584439,0.15,1.6197471,0.5,0.035880244,13.935245,2.490495,32.30635,0.045547571,-0.21263703,0.0013354704,0.16969646,-3.6375553,-3.8100952
200,1200000.0,5.4362227,1.54586,3.8903627,-0.25164405,1.0309063,1.2047375,0.79021793,-0.61728395,0.5,2.8678659,4.0814335,4.0619255,0.46023868,-0.025198208,-0.059218532,0.055582259,2.7094865,2.532433,0.64730251,0.15,1.6570761,0.5,0.035961251,13.903855,2.4791359,32.30635,-0.0057493051,-0.13917548,-0.0057812066,0.21015633,1.6948634,2.0517369
201,1201000.0,5.4372908,1.5180975,3.9191933,-0.25190078,1.012392,1.1822498,0.77720915,-0.61728395,0.5,2.8929899,4.1625667,4.0332118,0.48319138,-0.016797384,-0.11548227,0.051152725,2.7372178,2.5638182,0.64864384,0.15,1.6741368,0.5,0.036035769,13.875103,2.5220923,32.30635,-0.048483077,-0.25421324,0.022404641,0.16377964,1.84586,0.95853836
202,1202000.0,5.4785387,1.5583041,3.9202345,-0.24342248,1.0392051,1.199686,0.81706916,-0.61728395,0.5,2.6876338,3.8751998,4.0112915,0.17641022,0.016394036,-0.076393008,0.054587224,2.5238728,2.3536074,0.649845,0.15,1.6731083,0.5,0.0361025,13.849456,2.4826723,32.30635,-0.022536343,-0.18905825,0.050554922,0.21590141,3.0275724,-0.54976468
203,1203000.0,5.4369408,1.5616047,3.8753361,-0.25153071,1.0414061,1.2246416,0.78766162,-0.61728395,0.5,2.7144491,4.0236074,3.9789407,0.14079913,-0.031292416,0.067914351,0.016157692,2.556582,2.3734743,0.65780128,0.15,1.6833165,0.5,0.036544515,13.681944,2.4768058,32.30635,0.00081195309,-0.19130422,-0.0013290747,0.23880251,-1.1696961,-2.1391386
204,1204000.0,5.472398,1.5471248,3.9252732,-0.2621142,1.0317498,1.1837174,0.82143472,-0.61728395,0.5,2.626382,3.8784578,3.8513567,0.14933152,0.021279808,-0.1889951,-0.042589937,2.461746,2.2968017,0.65755968,0.15,1.6839695,0.5,0.036531093,13.686971,2.4778552,32.30635,-0.01365879,-0.2006857,-0.017891665,0.14948529,-1.1321843,5.7607388
205,1205000.0,5.4553055,1.5469783,3.9083272,-0.26704383,1.0316521,1.2084319,0.78686811,-0.61728395,0.5,2.6801986,3.8279138,3.9521804,0.26050172,-0.023900849,-0.27970931,-0.092682484,2.5224906,2.3437371,0.65687738,0.15,1.6664286,0.5,0.036493188,13.701187,2.4910121,32.30635,-0.0082466105,-0.22010403,0.026576914,0.17859474,-2.2861577,7.0151246
206,1206000.0,5.4690483,1.5688379,3.9002104,-0.25205339,1.0462298,1.2168044,0.81007746,-0.61728395,0.5,2.9831208,4.1426258,4.1580761,0.64866064,0.02752986,-0.021386433,-0.084270888,2.8207611,2.6443281,0.65549801,0.15,1.7150632,0.5,0.036416556,13.730019,2.4894595,32.30635,-0.01604638,-0.17981416,-0.012268927,0.21523958,-1.5706548,7.0991014
207,1207000.0,5.4830496,1.576945,3.9061046,-0.25864677,1.0516363,1.2129372,0.82837098,-0.61728395,0.5,2.7925697,4.0250299,3.9818959,0.37078338,0.032305417,0.020695291,0.086290522,2.6265435,2.4548538,0.6460507,0.15,1.7096707,0.5,0.035891706,13.930795,2.4808349,32.30635,-0.039884642,-0.20242857,0.026219287,0.1672769,-0.92405038,-6.4071057
208,1208000.0,5.499998,1.5505945,3.9494035,-0.2573002,1.0340636,1.1818377,0.82957598,-0.61728395,0.5,2.8998632,4.0626579,4.1126148,0.52431683,-0.0054526027,-0.13133957,-0.04487516,2.7335954,2.5708062,0.6470215,0.15,1.6653843,0.5,0.035945639,13.909893,2.5146584,32.30635,0.018630297,-0.27834065,0.005716462,0.18155096,1.821541,7.663684
209,1209000.0,5.4879382,1.5528538,3.9350844,-0.24669815,1.0355704,1.1975952,0.81128691,-0.61728395,0.5,2.5771386,3.8557377,3.8999028,-0.024224553,0.010217869,-0.019198966,0.014613871,2.4145365,2.2436943,0.64431631,0.15,1.6446234,0.5,0.03579535,13.968295,2.4873632,32.30635,-0.021347879,-0.1912829,-0.021155822,0.17227017,1.6811951,6.3861512
210,1210000.0,5.4410805,1.5168335,3.924247,-0.25324549,1.011549,1.1853129,0.77093927,-0.61728395,0.5,2.8891685,4.044073,4.090658,0.53277453,-0.055262277,0.22442465,-0.018686036,2.734653,2.5591439,0.6439968,0.15,1.723793,0.5,0.0357776,13.975225,2.4747727,32.30635,-0.0061776466,-0.21334928,0.0011349052,0.17088564,-2.2755026,-4.8912341
211,1211000.0,5.4272086,1.5415467,3.8856619,-0.26839045,1.0280298,1.1941412,0.79806351,-0.61728395,0.5,2.8039394,4.0436436,4.028188,0.33998662,-0.0090535513,-0.048458946,-0.054547872,2.6439875,2.4714567,0.6457266,0.15,1.6242916,0.5,0.0358737,13.937787,2.4963286,32.30635,0.035609446,-0.22482324,-0.0071008968,0.14352139,-3.6140545,4.0790942
212,1212000.0,5.4545357,1.5239089,3.9306269,-0.25787768,1.0162675,1.1914922,0.773632,-0.61728395,0.5,2.8270457,3.9814091,4.0827059,0.41702216,-0.015419659,-0.1638862,0.11077688,2.6719905,2.4953006,0.648393,0.15,1.6075164,0.5,0.036021833,13.880471,2.4911507,32.30635,-0.017249114,-0.15195411,0.013918783,0.23169342,0.2569347,5.0076433
213,1213000.0,5.4489096,1.520096,3.9288136,-0.25789531,1.0137247,1.1766976,0.78810739,-0.61728395,0.5,3.0561292,4.1873465,4.1646678,0.81637328,0.0013829162,-0.15491109,-0.10232133,2.8981728,2.7285034,0.64354245,0.15,1.6164092,0.5,0.035752358,13.985091,2.4677165,32.30635,0.021278296,-0.18373938,-0.01471703,0.16621012,-4.2738963,-2.2538362
214,1214000.0,5.4720595,1.5435392,3.9285203,-0.25963287,1.0293586,1.180423,0.82029642,-0.61728395,0.5,2.7410484,3.9082272,3.9858654,0.32905271,0.01379992,-0.088579565,-0.040548586,2.5766405,2.4123853,0.64436394,0.15,1.6889774,0.5,0.035797997,13.967262,2.4816376,32.30635,-0.017587428,-0.19698414,-0.019187125,0.20113514,-2.6742022,-6.6263569
215,1215000.0,5.4510444,1.5859616,3.8650828,-0.26801192,1.0576494,1.21557,0.83908448,-0.61728395,0.5,2.7195771,3.9082087,3.9929499,0.25757258,0.009875012,-0.097505409,-0.034647211,2.5514036,2.3811281,0.64386953,0.15,1.7119526,0.5,0.035770529,13.977987,2.4659084,32.30635,-0.014182989,-0.14443384,0.0049221778,0.16966796,0.9242071,1.2180424
216,1216000.0,5.451354,1.5496607,3.9016933,-0.26174888,1.0334409,1.1862278,0.82198903,-0.61728395,0.5,2.9286961,4.0342268,4.1635029,0.58835869,0.023131315,-0.0026412546,-0.12353395,2.763949,2.5984168,0.64963761,0.15,1.7357149,0.5,0.036090978,13.853878,2.4820254,32.30635,-0.0038767848,-0.18441163,-0.014788911,0.24462944,0.1928795,9.0774684
217,1217000.0,5.495541,1.5498905,3.9456505,-0.25227195,1.0335942,1.1824147,0.82765252,-0.61728395,0.5,2.5332772,3.7843514,3.9069576,-0.091477457,0.020383941,-0.20069394,0.030200573,2.3673949,2.2040595,0.6486393,0.15,1.6810612,0.5,0.036035517,13.8752,2.468094,32.30635,-0.0065922218,-0.15559039,-0.018190351,0.20856059,0.89769151,2.3030068
218,1218000.0,5.4193468,1.5444637,3.874883,-0.26327783,1.0299752,1.1742163,0.83039236,-0.61728395,0.5,2.6610873,3.9173371,3.9101528,0.15577198,-0.054164647,-0.11556027,0.037246553,2.4946559,2.3341523,0.65185317,0.15,1.6790215,0.5,0.036214065,13.80679,2.5053058,32.30635,0.011588878,-0.16995454,0.0042108173,0.19864846,1.0028763,-1.7461571
219,1219000.0,5.4473468,1.5379519,3.9093949,-0.26653549,1.0256326,1.1856403,0.80414348,-0.61728395,0.5,2.7415041,3.9664367,3.9881761,0.26989938,-0.0088661054,-0.39999688,-0.10204019,2.5803336,2.4113883,0.65494489,0.15,1.7296631,0.5,0.036385827,13.741614,2.4693448,32.30635,0.0020607402,-0.13468682,-0.04250283,0.16588783,4.5274711,4.1198293
220,1220000.0,5.455728,1.5326296,3.9230984,-0.23644382,1.0220832,1.1747947,0.8107273,-0.61728395,0.5,2.898494,4.1208854,4.0974796,0.4771171,0.022429067,-0.011369725,0.0034121863,2.736004,2.571398,0.65915279,0.15,1.7609013,0.5,0.036619599,13.653891,2.4952424,32.30635,-0.004861551,-0.16475967,0.028898745,0.21527971,-1.4916536,2.6428102
221,1221000.0,5.4195524,1.5272546,3.8922978,-0.27094836,1.0184987,1.1891614,0.78220234,-0.61728395,0.5,2.6588824,3.862728,3.9228077,0.19111167,0.0059037988,0.20461619,0.0087261612,2.5021095,2.3277863,0.65300735,0.15,1.7434897,0.5,0.036278186,13.782387,2.4937337,32.30635,-0.022817698,-0.22926524,-0.012048946,0.18289531,-1.9783982,0.29852205
222,1222000.0,5.4260139,1.5352581,3.8907558,-0.25103938,1.0238361,1.1824161,0.80432904,-0.61728395,0.5,2.7810386,4.0157699,3.9889449,0.33840116,0.019266119,0.20815608,0.0037950408,2.619831,2.4518206,0.65471629,0.15,1.678606,0.5,0.036373127,13.746412,2.4683901,32.30635,-0.028815158,-0.18223728,0.021418953,0.21255881,-3.7530684,-2.6266599
223,1223000.0,5.4006709,1.5480577,3.8526132,-0.27259389,1.0323719,1.2081266,0.78901255,-0.61728395,0.5,2.6942536,3.9320412,3.9227664,0.22795311,-0.038726445,-0.2067884,-0.089904151,2.5361157,2.357877,0.65521093,0.15,1.6903598,0.5,0.036400607,13.736035,2.473153,32.30635,-0.01514665,-0.15745191,0.020503434,0.20113916,1.1970315,-4.6212305
224,1224000.0,5.4006408,1.4902306,3.9104102,-0.26358679,0.99380804,1.1602244,0.76339159,-0.61728395,0.5,2.5103737,3.8457803,3.7273696,-0.042029017,0.0088934362,0.0012530806,0.022843579,2.3573709,2.1873344,0.65539811,0.15,1.6711233,0.5,0.036411006,13.732112,2.4774203,32.30635,0.01914676,-0.19455328,-0.013152314,0.20008847,1.309331,-0.33007246
225,1225000.0,5.3630435,1.499446,3.8635975,-0.26573081,0.99995365,1.1645877,0.77201801,-0.61728395,0.5,2.784705,3.9906922,4.0434304,0.31999231,0.014440415,0.10685487,-0.01739325,2.6299733,2.4604509,0.65491452,0.15,1.6942516,0.5,0.03638414,13.742251,2.4842953,32.30635,-0.026060864,-0.19460279,0.0045619438,0.20335497,-2.1817245,3.2595491
226,1226000.0,5.3995398,1.5141623,3.8853775,-0.27010979,1.0097677,1.177478,0.77756606,-0.61728395,0.5,2.8797114,4.0257046,4.1015455,0.5118841,-0.0030327479,-0.22122637,-0.059113332,2.7238677,2.5518683,0.65485278,0.15,1.6814872,0.5,0.03638071,13.743547,2.496999,32.30635,0.029739082,-0.26423375,0.018412291,0.16341079,-0.55907375,3.8876506
227,1227000.0,5.3561287,1.5269434,3.8291853,-0.27666618,1.0182911,1.1828135,0.79052482,-0.61728395,0.5,2.9499489,4.1156304,4.1632746,0.57094162,0.028844793,-0.14492399,-0.11780705,2.791508,2.6206202,0.65519521,0.15,1.744611,0.5,0.036399734,13.736364,2.4884786,32.30635,0.021649839,-0.19868349,0.030283496,0.1586643,3.2605291,2.7084919
228,1228000.0,5.410108,1.5174356,3.8926724,-0.27454369,1.0119506,1.1689615,0.79461421,-0.61728395,0.5,2.8070189,4.0076061,3.9947606,0.41869,0.0013289378,0.016606626,0.014985064,2.6477584,2.481547,0.65133189,0.15,1.7575468,0.5,0.036185105,13.81784,2.5049616,32.30635,0.016536666,-0.12514028,-0.012993011,0.21615888,-1.2583961,5.5981496
229,1229000.0,5.4299278,1.5517514,3.8781764,-0.25977147,1.0348352,1.1887765,0.82178066,-0.61728395,0.5,2.6451283,3.9167724,3.8802215,0.13839093,-0.0025906951,0.0767888,0.038244051,2.4804229,2.3141393,0.64711352,0.15,1.7595134,0.5,0.035950751,13.907915,2.5128927,32.30635,-0.029071552,-0.20390509,-0.010239298,0.22670128,1.8501979,0.99831097
230,1230000.0,5.431228,1.518726,3.912502,-0.25975182,1.0128111,1.1564339,0.81407402,-0.61728395,0.5,2.4479784,3.7333108,3.7657211,-0.15509694,-0.024542725,-0.22977094,-0.010866411,2.2848176,2.1259945,0.64179717,0.15,1.7597442,0.5,0.035655398,14.023122,2.4728896,32.30635,-0.041469174,-0.18722314,-0.010471226,0.16562547,-0.69953243,-3.2972593
231,1231000.0,5.429009,1.4984271,3.9305819,-0.26261265,0.99927415,1.1527809,0.78679582,-0.61728395,0.5,2.7796611,3.9346952,4.0002016,0.40408657,0.071891355,-0.36923015,0.066613275,2.6219676,2.4586944,0.64063504,0.15,1.7282932,0.5,0.035590836,14.04856,2.4775469,32.30635,4.0329661e-06,-0.15160622,-0.018526339,0.17594933,-0.36351514,0.69567872
232,1232000.0,5.4136934,1.494888,3.9188054,-0.26811312,0.99691403,1.1596739,0.77157952,-0.61728395,0.5,2.933209,4.096721,4.0908064,0.61209957,0.0041043469,-0.275633,0.017895076,2.7785652,2.610323,0.63908073,0.15,1.7319347,0.5,0.035504485,14.082728,2.4712653,32.30635,0.039272025,-0.18144756,-0.018646053,0.17520129,-3.9934535,1.3450575
233,1233000.0,5.4754364,1.5545455,3.9208908,-0.26022765,1.0366985,1.1671825,0.85623224,-0.61728395,0.5,2.9448863,4.1588254,4.068,0.60783347,0.031663293,-0.19056317,0.07141913,2.7732759,2.6199097,0.64462788,0.15,1.7168039,0.5,0.03581266,13.961543,2.464064,32.30635,-0.013426921,-0.21520018,0.0061654333,0.20599553,1.0626108,4.1816646
234,1234000.0,5.4474093,1.5404546,3.9069546,-0.26136443,1.0273016,1.1723323,0.82661974,-0.61728395,0.5,2.5209836,3.8231958,3.7992058,-0.059450902,0.0089192892,0.056469607,-0.14231782,2.3553083,2.1945732,0.65151985,0.15,1.7039072,0.5,0.036195547,13.813854,2.4672992,32.30635,-0.01239562,-0.17395782,-0.046426444,0.22614643,2.9408471,-1.2534925
235,1235000.0,5.402009,1.5225386,3.8794704,-0.26895639,1.0153537,1.1633693,0.81051592,-0.61728395,0.5,2.6151353,3.8578824,3.8935869,0.093936675,-0.028507513,-0.018584328,0.1451445,2.4526877,2.2912205,0.65708216,0.15,1.6988959,0.5,0.036504564,13.696917,2.4722603,32.30635,0.010612696,-0.17545472,0.0070364903,0.16571069,4.364692,2.0906788
236,1236000.0,5.3971661,1.4702925,3.9268736,-0.26723929,0.98051171,1.1343581,0.76754716,-0.61728395,0.5,2.7886316,4.0104081,3.9584654,0.39702121,-0.0066559776,-0.035852561,-0.061231892,2.6347959,2.4727943,0.66026172,0.15,1.6344086,0.5,0.036681207,13.630958,2.4729558,32.30635,0.0021916688,-0.16583833,-0.011036396,0.21135294,0.016750037,1.9313915
237,1237000.0,5.3975741,1.5447577,3.8528163,-0.25899113,1.0301712,1.2085232,0.78320203,-0.61728395,0.5,3.1704894,4.3139337,4.2779154,0.91961908,-0.080941516,0.14020395,-0.014013488,3.0135161,2.8340024,0.65947839,0.15,1.6721961,0.5,0.036637688,13.647149,2.4666736,32.30635,0.02862068,-0.20318859,0.0018651709,0.16944561,-5.3417692,3.7007173
238,1238000.0,5.393839,1.5264212,3.8674178,-0.26513307,1.0179429,1.1973802,0.76945666,-0.61728395,0.5,2.6370154,3.8798817,3.9086032,0.12256129,0.019062749,-0.21458504,0.080565111,2.482797,2.3036309,0.66057073,0.15,1.6795143,0.5,0.036698374,13.624582,2.4829962,32.30635,-0.032976021,-0.20353863,-0.012334545,0.1726338,1.0706369,-0.17187444
239,1239000.0,5.4070725,1.5043116,3.9027609,-0.26750177,1.0031984,1.1762975,0.76350572,-0.61728395,0.5,2.6352968,3.8611763,3.8929835,0.15173049,-0.034036494,0.035736268,-0.095680219,2.4822711,2.3077823,0.65725457,0.15,1.72422,0.5,0.036514143,13.693324,2.4687177,32.30635,0.022044082,-0.2100573,0.016807038,0.22867583,4.1514655,-2.4491946
240,1240000.0,5.411494,1.5409253,3.8705687,-0.25001494,1.0276155,1.1973179,0.79266022,-0.61728395,0.5,2.4310493,3.7775741,3.7083844,-0.19281062,0.006898281,-0.1929357,-0.037506682,2.2721804,2.0976822,0.6536961,0.15,1.7347717,0.5,0.03631645,13.767866,2.5022821,32.30635,0.0080332815,-0.14830505,0.0072060103,0.16153577,5.6763711,-3.1209124
241,1241000.0,5.4344398,1.523906,3.9105338,-0.2424005,1.0162656,1.1775563,0.79298701,-0.61728395,0.5,2.5524318,3.8476152,3.8035138,0.0061662662,0.0077270592,-0.019556814,-0.0016665236,2.3934973,2.2245668,0.65457682,0.15,1.7205352,0.5,0.036365379,13.749341,2.4669482,32.30635,0.034224321,-0.16113786,-0.007829293,0.17679331,2.1078052,1.5515776
242,1242000.0,5.4205263,1.5344539,3.8860724,-0.27363205,1.0232998,1.185351,0.79897012,-0.61728395,0.5,2.8166953,4.046756,4.0438912,0.35943858,0.038615705,-0.042907359,0.056280419,2.6565617,2.4866601,0.65567276,0.15,1.6725947,0.5,0.036426264,13.72636,2.509553,32.30635,-0.024335844,-0.20000383,-0.016919505,0.2053032,-0.29897735,3.0326095
243,1243000.0,5.3834704,1.4984798,3.8849906,-0.28261652,0.9993093,1.1721809,0.75992955,-0.61728395,0.5,2.5819986,3.7349769,3.8944523,0.11656676,0.055391341,-0.004569572,0.065046772,2.4296898,2.2556304,0.65445724,0.15,1.685444,0.5,0.036358736,13.751853,2.4807212,32.30635,-0.013624178,-0.19469257,0.034466522,0.18896778,-3.8388824,-0.67441654
244,1244000.0,5.4014035,1.5080032,3.8934003,-0.2646635,1.0056603,1.1864607,0.75527084,-0.61728395,0.5,2.5358817,3.8030673,3.877461,-0.072883095,0.040306341,-0.10592046,0.036639371,2.3845066,2.2055376,0.65438291,0.15,1.6901788,0.5,0.036354606,13.753415,2.5021553,32.30635,0.015697108,-0.15817029,-0.015768185,0.20024501,-7.329863,-0.86102333
245,1245000.0,5.4212479,1.5478118,3.8734362,-0.25670708,1.0322079,1.204704,0.79337526,-0.61728395,0.5,2.7550516,4.0296685,3.9569805,0.2785057,-0.0076654608,-0.18879487,0.048971549,2.5960393,2.4196279,0.65770789,0.15,1.6830856,0.5,0.036539327,13.683886,2.5062317,32.30635,-0.021214109,-0.14101123,-0.022407883,0.22418135,-0.82898108,-3.126142
246,1246000.0,5.428158,1.5103775,3.9177805,-0.26318468,1.0072436,1.1775284,0.77146375,-0.61728395,0.5,2.96998,4.0956594,4.1050036,0.70927691,-0.051310268,0.16378006,-0.065945944,2.8153593,2.6421228,0.6489653,0.15,1.6752241,0.5,0.036053628,13.86823,2.5065469,32.30635,-0.012096826,-0.27542254,0.034057839,0.16211056,0.69059462,3.444886
247,1247000.0,5.4489552,1.5081495,3.9408057,-0.24542386,1.0057578,1.164173,0.78646588,-0.61728395,0.5,2.6011562,3.7863872,3.9296212,0.087460286,0.0064277481,0.064980613,0.11343059,2.4435288,2.2770176,0.64324149,0.15,1.6444836,0.5,0.035735638,13.991635,2.4994348,32.30635,0.0045456804,-0.1915275,0.027556438,0.1524167,-1.0211073,5.2576065
248,1248000.0,5.4329194,1.5370083,3.895911,-0.25851543,1.0250033,1.1668578,0.82873205,-0.61728395,0.5,2.7508697,3.957095,3.9372742,0.35823994,0.0026376637,0.0030475906,-0.044502668,2.5847711,2.4259836,0.63630424,0.15,1.6504642,0.5,0.035350235,14.144177,2.4791173,32.30635,-0.0078912322,-0.18803207,-0.0021059874,0.18701198,-0.62124276,0.31433903
249,1249000.0,5.431087,1.5346576,3.8964294,-0.23808051,1.0234356,1.1657796,0.82648325,-0.61728395,0.5,2.8320052,4.0419226,4.0434876,0.41060539,-0.024258994,0.054563186,-0.13168492,2.6663573,2.5074192,0.63560777,0.15,1.6522876,0.5,0.035311543,14.159676,2.4913714,32.30635,0.014002033,-0.14210009,-0.027248816,0.20499691,0.30878676,2.9331725
250,1250000.0,5.4187079,1.5159086,3.9027993,-0.26550784,1.0109322,1.1538502,0.81317279,-0.61728395,0.5,3.0194956,4.1578147,4.2281103,0.67256192,0.017956316,-0.25537937,-0.0047216228,2.8565155,2.6982312,0.64091388,0.15,1.6327658,0.5,0.035606327,14.042448,2.485338,32.30635,0.0053797169,-0.18512212,-0.01043297,0.21378958,1.5011587,2.8513954
251,1251000.0,5.4287346,1.5492562,3.8794783,-0.25019793,1.0331712,1.1896731,0.81655824,-0.61728395,0.5,2.7384833,3.9303281,3.9750523,0.3100695,0.029629046,-0.38660995,-0.075330387,2.5748246,2.4072447,0.64664516,0.15,1.64776,0.5,0.035924731,13.917989,2.4793162,32.30635,-0.01552272,-0.16751669,0.0017926617,0.17329526,0.21409003,2.3015942
252,1252000.0,5.4533807,1.5294228,3.9239578,-0.25137039,1.0199447,1.1688266,0.81390709,-0.61728395,0.5,2.9090363,4.0744423,4.1429799,0.5096868,0.063958191,-0.072098446,-0.085194612,2.745909,2.583602,0.6468216,0.15,1.6470641,0.5,0.035934533,13.914192,2.480954,32.30635,0.010740667,-0.16930684,-0.013235592,0.21313303,-4.1221496,5.384899
253,1253000.0,5.4208614,1.5456776,3.8751838,-0.25615108,1.0307847,1.1867721,0.8148846,-0.61728395,0.5,2.6807565,3.9784716,3.9303478,0.13344995,-0.018913543,-0.085390015,0.12323938,2.5174332,2.3503256,0.65087527,0.15,1.6511204,0.5,0.036159737,13.827534,2.5012221,32.30635,0.027358038,-0.24241794,0.02783555,0.15699171,1.1403288,-2.5524625
254,1254000.0,5.3977642,1.5178949,3.8798693,-0.27431535,1.0122569,1.1739245,0.7884517,-0.61728395,0.5,2.6971539,3.9678537,3.9213597,0.20224839,-0.036035564,0.02152007,-0.095559905,2.5391285,2.3703002,0.6513471,0.15,1.6532397,0.5,0.03618595,13.817518,2.4630509,32.30635,0.0182033,-0.16164458,0.016326724,0.16765488,-0.0062026513,0.56183025
255,1255000.0,5.4207558,1.5206753,3.9000805,-0.26641247,1.0141111,1.15818,0.81475526,-0.61728395,0.5,2.7252208,3.9362924,3.9479781,0.29139184,0.0086517772,-0.18115997,0.040015768,2.5619234,2.4027508,0.65308281,0.15,1.6434926,0.5,0.036282378,13.780794,2.4795096,32.30635,-0.02963791,-0.18897439,0.040364421,0.15622026,-0.88353181,-1.8603989
256,1256000.0,5.4208187,1.5058013,3.9150174,-0.24881318,1.0041919,1.1711235,0.77306772,-0.61728395,0.5,2.7984117,3.9432361,4.060844,0.39115492,-0.0013942933,-0.06802433,-0.01289216,2.6434696,2.4723379,0.65125823,0.15,1.6351279,0.5,0.036181013,13.819403,2.4782183,32.30635,-0.012627272,-0.14563925,0.014773282,0.16500615,0.38804332,1.6360419
257,1257000.0,5.4005877,1.5353401,3.8652476,-0.26691833,1.0238908,1.1896674,0.79438645,-0.61728395,0.5,2.8400065,4.0944041,4.0035383,0.42207712,-0.00032848765,-0.2297473,0.018707608,2.6807916,2.5087695,0.64933263,0.15,1.6880852,0.5,0.036074035,13.860385,2.5058435,32.30635,-0.0083985887,-0.14602297,0.03384889,0.15539103,0.23405816,4.668921
258,1258000.0,5.420235,1.5140734,3.9061616,-0.25903904,1.0097084,1.155755,0.80760173,-0.61728395,0.5,2.7602783,3.9255723,3.9568382,0.39842444,0.015530949,0.080234348,-0.13302829,2.5984148,2.4384835,0.6444764,0.15,1.7288904,0.5,0.035804244,13.964825,2.4825756,32.30635,-0.013124552,-0.21447986,0.0073777298,0.18373259,-3.7669599,-1.471902
259,1259000.0,5.4427704,1.5353539,3.9074165,-0.25146828,1.0239,1.1780895,0.81049225,-0.61728395,0.5,2.715515,3.877675,4.0132537,0.25561621,0.049450711,-0.14569479,-0.036802796,2.5530721,2.3875016,0.64112562,0.15,1.7225692,0.5,0.03561809,14.03781,2.4721795,32.30635,0.00095341671,-0.18999992,0.0099986685,0.19815852,3.249175,1.9323285
260,1260000.0,5.4550385,1.5315865,3.9234519,-0.26409346,1.0213876,1.1596264,0.8301364,-0.61728395,0.5,2.8233032,3.9365381,4.1031559,0.43021566,-0.0080332514,-0.31521985,0.092536915,2.6569232,2.5004305,0.64591696,0.15,1.7461445,0.5,0.035884276,13.93368,2.5110869,32.30635,-0.0050175197,-0.16911346,0.02556104,0.23007237,4.4174328,4.2982177
261,1261000.0,5.4144047,1.5240407,3.890364,-0.25177718,1.0163554,1.1776666,0.79304851,-0.61728395,0.5,2.6331303,3.9540961,3.8435999,0.10169493,0.02184095,-0.26704944,0.00064667333,2.4741836,2.3052347,0.64557813,0.15,1.6851536,0.5,0.035865451,13.940993,2.4747765,32.30635,-0.0093208822,-0.21289064,0.018855916,0.1512293,-1.5933263,-0.62450622
262,1262000.0,5.4032335,1.5280265,3.875207,-0.29240315,1.0190135,1.2062184,0.75973733,-0.61728395,0.5,2.8672625,3.9604048,4.0780369,0.56334576,0.0728361,-0.058474956,0.033545579,2.7149921,2.5314172,0.65409996,0.15,1.6536727,0.5,0.036338887,13.759365,2.4832036,32.30635,-0.01075052,-0.17852418,0.0024544356,0.17625754,0.1968028,-3.2573217
263,1263000.0,5.4037735,1.5239969,3.8797766,-0.26456996,1.0163262,1.1851966,0.78251811,-0.61728395,0.5,2.9024892,4.0620789,4.0829669,0.56242172,-0.041906639,-0.32188042,-0.070975124,2.745653,2.572497,0.66609213,0.15,1.6331897,0.5,0.037005118,13.511644,2.4961239,32.30635,0.012766749,-0.19842135,0.0084263837,0.14182338,0.25015475,4.4234165
264,1264000.0,5.4338248,1.5215821,3.9122427,-0.2571735,1.0147158,1.1643396,0.80764359,-0.61728395,0.5,2.7912736,4.0480706,3.9369475,0.38880255,-0.018948985,-0.44937472,-0.017080807,2.6294016,2.4670885,0.67052255,0.15,1.6697312,0.5,0.037251253,13.422367,2.4769598,32.30635,0.029070592,-0.19824956,0.0080255589,0.17091754,-1.0106483,-0.31970076
265,1265000.0,5.4178919,1.5125779,3.9053139,-0.26169391,1.0087111,1.1814685,0.76949736,-0.61728395,0.5,2.9433667,4.1613025,4.0700617,0.5987359,0.032207248,-0.13682769,-0.12090819,2.7891402,2.6144125,0.66630974,0.15,1.6665334,0.5,0.037017208,13.507232,2.4690963,32.30635,0.020713187,-0.19670418,-0.015645112,0.22104461,2.180019,8.4784607
266,1266000.0,5.4055121,1.5132419,3.8922701,-0.25818797,1.0091539,1.1711079,0.78494843,-0.61728395,0.5,2.8450133,4.0581316,4.0625786,0.41432959,0.0029653989,0.020077945,-0.076937069,2.68769,2.5189438,0.66112325,0.15,1.7446897,0.5,0.036729069,13.613195,2.4839952,32.30635,-0.0014029746,-0.17957107,-0.029394995,0.17506105,2.4396586,7.6030049
267,1267000.0,5.3973347,1.5191768,3.8781579,-0.26531139,1.0131117,1.1811727,0.78042553,-0.61728395,0.5,2.7153741,3.9036626,3.9838884,0.25857119,0.006651902,-0.0182098,-0.012271611,2.5589573,2.3865022,0.65085961,0.15,1.7294886,0.5,0.036158867,13.827867,2.5132451,32.30635,-0.026387289,-0.19083709,-0.0035723337,0.17549494,3.0636254,-6.1588164
268,1268000.0,5.4513351,1.5213022,3.9300328,-0.25500546,1.0145292,1.1685597,0.8013351,-0.61728395,0.5,2.6828045,3.8736555,3.9250518,0.24970625,-0.02387329,-0.48155183,-0.087691683,2.522197,2.3574445,0.64219922,0.15,1.7592942,0.5,0.035677734,14.014343,2.4911072,32.30635,-0.0082907249,-0.17748687,-0.008186951,0.12997763,3.8891107,-3.3693945
269,1269000.0,5.382226,1.5065006,3.8757255,-0.26088173,1.0046582,1.160669,0.7887056,-0.61728395,0.5,2.8343001,3.9633208,4.0491862,0.49039321,-0.033740368,-0.14881956,0.15649485,2.6762238,2.5111371,0.63398546,0.15,1.746682,0.5,0.035221414,14.195909,2.4804396,32.30635,0.0011272375,-0.175838,-0.020058795,0.20141873,-1.5097618,1.537005
270,1270000.0,5.4128118,1.5345131,3.8782987,-0.24774345,1.0233392,1.183759,0.80127604,-0.61728395,0.5,2.7410743,3.9878606,3.9465198,0.28884253,0.0015879848,-0.12711907,0.035398156,2.5804786,2.4114824,0.63249559,0.15,1.7118824,0.5,0.035138644,14.229348,2.5096641,32.30635,0.012621155,-0.18948532,-0.034204113,0.24058593,-3.6689004,4.5806033
271,1271000.0,5.400727,1.5266686,3.8740584,-0.24911663,1.0181079,1.1777642,0.79710121,-0.61728395,0.5,2.8439963,4.0508773,4.0471816,0.43393012,0.018762893,0.19477595,0.097512733,2.6842373,2.5160735,0.63361346,0.15,1.6982078,0.5,0.035200748,14.204244,2.4814533,32.30635,-0.031109991,-0.2147426,0.0074962608,0.1473788,-2.282517,6.2425008
272,1272000.0,5.4023301,1.4899123,3.9124179,-0.24354194,0.99359576,1.1693845,0.75015923,-0.61728395,0.5,2.696309,3.9900336,3.9380346,0.16085871,-0.0019682242,0.17156152,0.021668234,2.5459583,2.3707193,0.64249079,0.15,1.7157791,0.5,0.035693933,14.007983,2.4866058,32.30635,0.0028769997,-0.15063254,-0.01416531,0.15949559,0.061667799,-1.1821646
273,1273000.0,5.4152363,1.5564084,3.8588279,-0.27906563,1.0379409,1.1917156,0.8251202,-0.61728395,0.5,2.8569063,4.0071116,4.0782436,0.48536355,0.031507951,0.049163284,0.098818186,2.6915316,2.525099,0.65425633,0.15,1.7142978,0.5,0.036347574,13.756076,2.4797757,32.30635,-0.0030005722,-0.18430699,0.013678505,0.21980229,0.63539116,1.2673563
274,1274000.0,5.4427552,1.5240062,3.918749,-0.23282257,1.0163324,1.1753506,0.79621087,-0.61728395,0.5,3.0456373,4.1939215,4.181577,0.76141353,0.017868787,-0.21982644,0.12450334,2.8860568,2.7183866,0.6665325,0.15,1.6956242,0.5,0.037029583,13.502718,2.497448,32.30635,0.012532764,-0.15356156,0.030384164,0.16944969,-2.971169,2.2323958
275,1275000.0,5.4261359,1.5816074,3.8445284,-0.27668914,1.0547456,1.2396585,0.7986811,-0.61728395,0.5,2.7930583,4.0817398,4.0549032,0.24253177,-0.052987496,-0.22254313,-0.041110381,2.6329826,2.4479023,0.66814056,0.15,1.6975823,0.5,0.03711892,13.470219,2.454011,32.30635,0.020208772,-0.14870657,0.012977967,0.19194199,-3.196607,-1.1176671
276,1276000.0,5.4365779,1.548031,3.8885469,-0.25969817,1.0323541,1.2033941,0.79554441,-0.61728395,0.5,2.7010745,3.8836526,4.0113824,0.20818859,-0.0024725791,-0.51792533,-0.066827595,2.5416275,2.3660157,0.66416857,0.15,1.6548307,0.5,0.036898254,13.550777,2.4915657,32.30635,0.0042217913,-0.19560944,-0.033932922,0.17838941,2.0916249,-0.41334957
277,1277000.0,5.479362,1.5758663,3.9034957,-0.26380652,1.050917,1.2222724,0.81368341,-0.61728395,0.5,2.6278198,3.7725762,3.888802,0.22208117,0.057023738,0.087801816,0.012293316,2.4647373,2.2875046,0.64883488,0.15,1.6793609,0.5,0.036046382,13.871017,2.4743116,32.30635,-0.016125918,-0.21388144,0.019378952,0.16594048,-3.4852654,-7.7656081
278,1278000.0,5.4186944,1.4946201,3.9240744,-0.26156858,0.99673531,1.1682655,0.75921712,-0.61728395,0.5,2.8250656,3.9577609,4.0441859,0.47325008,0.05926967,-0.43341003,0.0055801229,2.6728995,2.4997875,0.63301135,0.15,1.7280271,0.5,0.035167297,14.217755,2.4824155,32.30635,0.021821292,-0.15255487,0.028248395,0.17484935,-0.8597718,1.1083985
279,1279000.0,5.4440141,1.5116041,3.93241,-0.24872173,1.0080616,1.1639355,0.79230176,-0.61728395,0.5,2.9343579,4.0730032,4.1533545,0.57671594,-0.02354534,-0.029555431,0.043667292,2.7755608,2.6102854,0.62028475,0.15,1.6972979,0.5,0.034460264,14.509465,2.4710383,32.30635,0.0093490055,-0.21167485,0.026275857,0.18370138,1.4352626,5.0512662
280,1280000.0,5.442367,1.4990019,3.9433651,-0.24008655,0.99965748,1.1505349,0.79083209,-0.61728395,0.5,2.7060152,3.9039508,3.9683273,0.24576749,0.048763776,-0.027283758,-0.022855092,2.5475127,2.3856738,0.61548411,0.15,1.7328735,0.5,0.034193562,14.622636,2.4708007,32.30635,0.0336254,-0.14981446,0.017275793,0.17308775,0.16032752,0.54371049
281,1281000.0,5.5128475,1.5629227,3.9499248,-0.21884369,1.0422851,1.1871935,0.84178476,-0.61728395,0.5,2.8116085,3.9945083,4.0585022,0.38181494,0.039378544,-0.021341528,0.061673031,2.6428938,2.4810603,0.62215942,0.15,1.7627025,0.5,0.034564412,14.465746,2.4717562,32.30635,-0.013860522,-0.1580939,-0.024111136,0.20200766,3.7520824,1.2589999
282,1282000.0,5.4406394,1.5226071,3.9180323,-0.25629732,1.0153994,1.1781408,0.7901048,-0.61728395,0.5,2.6971732,3.9687806,3.9078295,0.21490952,-0.021461984,-0.052332805,0.1653647,2.5388164,2.3691455,0.64051181,0.15,1.7477622,0.5,0.03558399,14.051263,2.4839652,32.30635,-0.0065682486,-0.21367599,0.0074511036,0.19902037,2.7057394,0.010309774
283,1283000.0,5.4822428,1.5699533,3.9122895,-0.26564628,1.0469737,1.1908923,0.84785201,-0.61728395,0.5,2.7772184,3.963124,3.9662992,0.40223203,-0.0066360842,0.092295366,0.088936124,2.6072877,2.4456404,0.65658502,0.15,1.7235608,0.5,0.036476946,13.707288,2.5059702,32.30635,-0.020284597,-0.24986801,0.021827638,0.12639222,-0.35807491,7.3358491
284,1284000.0,5.4395507,1.5314089,3.9081419,-0.26134228,1.0212691,1.1633526,0.82467683,-0.61728395,0.5,2.747406,3.910742,4.03173,0.29974591,-0.014366964,-0.17503558,0.045987509,2.5821201,2.4234958,0.67036569,0.15,1.6935371,0.5,0.037242538,13.425508,2.4883062,32.30635,-0.01106666,-0.20846475,-0.028814533,0.1978057,-2.6480987,0.30486841
285,1285000.0,5.4692412,1.5687177,3.9005235,-0.2671428,1.0461497,1.2153943,0.81184476,-0.61728395,0.5,2.9443959,4.1027246,4.1421612,0.58830181,2.8278985e-05,0.03506175,-0.025930693,2.7816819,2.6059958,0.67501449,0.15,1.7656231,0.5,0.037500805,13.333047,2.4820799,32.30635,0.0063693177,-0.23767321,-0.0067826683,0.18727894,-6.2747366,8.2882514
286,1286000.0,5.4617896,1.5318051,3.9299846,-0.26482256,1.0215333,1.1801988,0.80190584,-0.61728395,0.5,2.6573795,3.9027533,3.8757487,0.19363651,-0.01820863,0.020174366,0.11359315,2.4966575,2.3287788,0.66784441,0.15,1.7757425,0.5,0.037102467,13.476193,2.4916557,32.30635,0.0068695908,-0.20734667,-0.038399884,0.25243441,0.75421124,-4.8520613
287,1287000.0,5.4403659,1.541219,3.8991469,-0.25688085,1.0278113,1.1990679,0.7906972,-0.61728395,0.5,2.2951538,3.6423887,3.6423418,-0.39926911,-0.03716586,-0.25422897,0.044641247,2.1366783,1.9612995,0.65309625,0.15,1.7765645,0.5,0.036283125,13.780511,2.5065315,32.30635,0.020417296,-0.15008746,0.014803941,0.17186511,4.2459005,-6.2472857
288,1288000.0,5.4151364,1.5321886,3.8829478,-0.26141699,1.0217891,1.1966622,0.77964616,-0.61728395,0.5,2.5606102,3.9084638,3.808265,-0.034898374,0.028306674,-0.42282665,0.0061483185,2.4043496,2.2274256,0.63949124,0.15,1.7608585,0.5,0.035527291,14.073688,2.4831143,32.30635,0.050979836,-0.2133757,0.0059805935,0.1712016,2.6734472,0.075919067
289,1289000.0,5.4484817,1.5516324,3.8968493,-0.252533,1.0347558,1.2045288,0.79970805,-0.61728395,0.5,2.7536875,3.9260505,4.0027346,0.33227747,-0.012732466,-0.39025431,-0.086679296,2.593406,2.4183127,0.63494184,0.15,1.747378,0.5,0.035274547,14.174526,2.4845975,32.30635,0.017057026,-0.15618152,-0.025049039,0.18293895,3.5764364,-3.3499506
290,1290000.0,5.4417441,1.5190231,3.922721,-0.24867709,1.0130093,1.1928509,0.76395752,-0.61728395,0.5,3.0562488,4.1611376,4.1934985,0.8141103,0.012864341,0.064416327,0.025774631,2.9031326,2.7241254,0.63548594,0.15,1.7353882,0.5,0.035304774,14.16239,2.503896,32.30635,-0.0071678753,-0.15571623,-0.0044639874,0.1695159,0.50666837,-3.1226111
291,1291000.0,5.4402152,1.5554674,3.8847479,-0.2614188,1.0373133,1.2002531,0.81176011,-0.61728395,0.5,2.6002248,3.9276154,3.8181088,0.054950131,-0.014777185,0.17157816,-0.066732159,2.4375278,2.2660404,0.64234288,0.15,1.7190189,0.5,0.035685715,14.011209,2.4763701,32.30635,-0.024045626,-0.24908006,-0.0097774321,0.16225985,-4.0498079,2.1842182
292,1292000.0,5.463114,1.5488145,3.9142994,-0.25185157,1.0328766,1.1844678,0.82308547,-0.61728395,0.5,2.4266392,3.7019732,3.7704716,-0.192527,-0.052446317,-0.26853139,-0.039742386,2.2616723,2.09685,0.65198339,0.15,1.7381557,0.5,0.0362213,13.804033,2.4885396,32.30635,0.00020868089,-0.14533216,-0.034203206,0.20009085,-1.2562039,0.58731317
293,1293000.0,5.4917055,1.5783255,3.9133801,-0.25728637,1.0525569,1.2109556,0.83332399,-0.61728395,0.5,2.5711758,3.8292767,3.8182205,0.066030007,0.0059653695,-0.16183134,-0.057800547,2.4041568,2.2340115,0.65962141,0.15,1.7020908,0.5,0.036645634,13.64419,2.4815383,32.30635,0.0051125275,-0.19254053,0.0068778642,0.14612072,2.5032965,-1.888968
294,1294000.0,5.458357,1.5595043,3.8988527,-0.24997577,1.0400054,1.1984843,0.82065139,-0.61728395,0.5,2.8262604,4.0837233,4.0081761,0.38688171,-0.028343297,-0.13911536,-0.047504509,2.6617813,2.4925685,0.66051048,0.15,1.7015322,0.5,0.036695027,13.625825,2.4933789,32.30635,0.018107203,-0.25069839,-0.0048651522,0.14734482,2.0431084,-1.1055162
295,1295000.0,5.5271196,1.5571758,3.9699438,-0.24387009,1.0384526,1.212955,0.79683765,-0.61728395,0.5,2.5500938,3.704668,3.866651,0.078962405,0.023384856,-0.5261607,-0.032663088,2.3903876,2.2123729,0.65637209,0.15,1.7010735,0.5,0.036465116,13.711735,2.5058769,32.30635,-0.011164751,-0.18193661,0.01373389,0.15316708,5.4981022,-4.8868402
296,1296000.0,5.4690788,1.5701369,3.8989419,-0.2476659,1.0470961,1.2304048,0.79325419,-0.61728395,0.5,2.7424651,3.9872855,3.998586,0.24152384,-0.029511321,-0.1943835,-0.043007833,2.5834771,2.3998857,0.64792585,0.15,1.7193996,0.5,0.03599588,13.890478,2.4800832,32.30635,-0.0091476845,-0.14947411,-0.00022372944,0.21659649,-1.1930986,7.1841974
297,1297000.0,5.4704952,1.5552759,3.9152193,-0.2517553,1.0371856,1.1976401,0.81508491,-0.61728395,0.5,2.5214092,3.8203303,3.8323403,-0.088442977,-0.067640384,-0.11471891,0.045734371,2.3580458,2.1879524,0.63911996,0.15,1.7182275,0.5,0.035506665,14.081863,2.4803896,32.30635,0.0002908909,-0.14102951,-0.010051025,0.19061254,1.0101965,-3.9507153
298,1298000.0,5.4638199,1.5303951,3.9334247,-0.24164537,1.0205931,1.1880075,0.78881085,-0.61728395,0.5,2.9398411,4.1715296,4.1290925,0.51890108,0.031755921,0.065826642,0.027485446,2.7817437,2.6090662,0.63152608,0.15,1.7411452,0.5,0.035084782,14.251193,2.4895882,32.30635,0.0081733684,-0.18267893,-0.00047769263,0.16234453,-1.9315195,0.34576496
299,1299000.0,5.4629488,1.5156997,3.9472491,-0.26251438,1.0107929,1.1727885,0.78653096,-0.61728395,0.5,2.7828129,4.0303812,3.9570839,0.36097361,-0.046840165,0.12284842,-0.031863749,2.6251724,2.4562755,0.63279865,0.15,1.7244906,0.5,0.035155481,14.222533,2.4868645,32.30635,0.035979219,-0.16082609,0.01741773,0.17903106,-2.7187246,3.3146461
300,1300000.0,5.4424493,1.523628,3.9188213,-0.25776464,1.0160802,1.17571,0.79510874,-0.61728395,0.5,2.6618854,3.9284585,3.8419018,0.21529594,-0.011692955,0.25533322,0.02912851,2.5025257,2.3345346,0.63650866,0.15,1.6821354,0.5,0.035361592,14.139635,2.4835178,32.30635,-0.0022893042,-0.19345644,0.010218901,0.23599342,0.95124142,-1.7970041
301,1301000.0,5.4226654,1.5466329,3.8760325,-0.25694076,1.0314218,1.1835582,0.82087187,-0.61728395,0.5,2.3626281,3.5878799,3.7339008,-0.23389625,-0.0059127561,0.15189646,-0.013703775,2.1981049,2.0330921,0.64905903,0.15,1.699834,0.5,0.036058835,13.866227,2.4867102,32.30635,0.010179623,-0.19995462,0.01786269,0.18781622,1.0678794,-9.7482937
302,1302000.0,5.4047173,1.5073085,3.8974088,-0.25520005,1.005197,1.17533,0.76962634,-0.61728395,0.5,2.4129848,3.608781,3.8020553,-0.1718818,0.012426168,0.023128637,0.023588202,2.2587325,2.0857398,0.65720476,0.15,1.6779101,0.5,0.036511375,13.694362,2.4756736,32.30635,0.0095181723,-0.16503746,-0.003317524,0.15251784,-1.4190207,-0.54960208
303,1303000.0,5.4161403,1.5331025,3.8830378,-0.25862292,1.0223986,1.2032774,0.77191314,-0.61728395,0.5,2.7677317,3.949642,3.9943062,0.35924678,-0.052286905,0.095540718,0.064493823,2.613021,2.4327052,0.66767443,0.15,1.6575123,0.5,0.037093024,13.479624,2.4685211,32.30635,-0.042248618,-0.20579514,0.0177181,0.18847209,-5.4536972,1.6203884
304,1304000.0,5.4150566,1.5408656,3.874191,-0.26820238,1.0275756,1.1867585,0.80723397,-0.61728395,0.5,2.8663454,3.9943993,4.1006996,0.50393729,0.00024710983,0.039684914,0.010345386,2.7045555,2.5359183,0.67384149,0.15,1.6556795,0.5,0.037435638,13.356257,2.4829004,32.30635,0.011316557,-0.13914686,-0.022953953,0.25941848,-2.0516721,-1.332997
305,1305000.0,5.4449748,1.5273274,3.9176475,-0.26584633,1.0185472,1.1870047,0.78531448,-0.61728395,0.5,2.8926913,4.0861596,4.048957,0.54295724,-0.038572173,0.045324744,-0.085026737,2.7352946,2.5621956,0.6685971,0.15,1.6620931,0.5,0.037144283,13.461022,2.4891255,32.30635,-0.0048855133,-0.24246665,-0.0013898287,0.12972546,-1.629966,7.6172315
306,1306000.0,5.4200568,1.531094,3.8889628,-0.25689827,1.0210591,1.1872602,0.79096285,-0.61728395,0.5,2.7723712,4.0236622,4.0198605,0.27359093,0.046149923,-0.20919631,-0.050292263,2.6138425,2.4418045,0.65575285,0.15,1.6182911,0.5,0.036430714,13.724683,2.4854831,32.30635,0.0070282938,-0.18388817,0.0032166652,0.17089127,4.2340888,-1.0682631
307,1307000.0,5.426969,1.5201743,3.9067947,-0.24610528,1.013777,1.1871197,0.77375394,-0.61728395,0.5,2.7985942,4.055518,4.0034924,0.3367723,0.0022473916,0.058640753,0.019700757,2.6435146,2.4680666,0.63894236,0.15,1.6430605,0.5,0.035496798,14.085778,2.4754162,32.30635,0.0010812171,-0.24258733,-0.023618764,0.20072193,-1.8171193,-2.8198152
308,1308000.0,5.4251095,1.506989,3.9181205,-0.24155645,1.0049839,1.1413109,0.81637598,-0.61728395,0.5,2.7290356,4.01585,3.9516481,0.21960873,0.049780897,-0.055310784,-0.020065325,2.5654135,2.4112624,0.62811424,0.15,1.6840609,0.5,0.034895235,14.328604,2.4835603,32.30635,-0.0083634009,-0.22106218,0.026778166,0.22204065,-1.6351915,-1.5315928
309,1309000.0,5.4038544,1.5356138,3.8682405,-0.25517825,1.0240733,1.1722134,0.8190695,-0.61728395,0.5,2.6941077,3.9895332,3.8915777,0.20121219,-0.033554024,-0.22917283,-0.0053582458,2.5299457,2.3677304,0.62067731,0.15,1.6816753,0.5,0.034482073,14.500288,2.4907345,32.30635,-0.012221883,-0.15155214,0.011642557,0.1804157,3.5255371,6.7343983
310,1310000.0,5.4209059,1.5032088,3.9176971,-0.24903151,1.002463,1.1487261,0.80004992,-0.61728395,0.5,2.736319,3.9683876,3.9494961,0.29107326,-0.046826989,-0.21653324,-0.080347828,2.575969,2.4164812,0.62783581,0.15,1.6702692,0.5,0.034879767,14.334958,2.4979927,32.30635,-0.035700968,-0.16115346,-0.0071271502,0.16916873,1.3804854,0.11070831
311,1311000.0,5.4306131,1.5249234,3.9056897,-0.26604565,1.0169441,1.1598081,0.81926424,-0.61728395,0.5,2.8550415,4.1215502,4.0354375,0.40813673,0.0010875322,-0.1007036,-0.013109134,2.6908404,2.5321182,0.64073332,0.15,1.6571757,0.5,0.035596295,14.046406,2.499581,32.30635,0.0013375205,-0.13305449,-0.0010197889,0.1662658,0.61905778,-4.5205404
312,1312000.0,5.4058466,1.5339501,3.8718964,-0.26979666,1.0229638,1.1846941,0.79907992,-0.61728395,0.5,2.3977626,3.6879893,3.6831334,-0.17783494,0.01642889,0.12345674,-0.085265808,2.237607,2.0679103,0.65368418,0.15,1.6969795,0.5,0.036315788,13.768117,2.4926788,32.30635,-0.0060434644,-0.14632948,0.0071845832,0.18980737,-4.8701972,-5.0511847
313,1313000.0,5.4491854,1.5447347,3.9044507,-0.2474437,1.0301559,1.1932281,0.80441308,-0.61728395,0.5,2.908888,4.0809621,4.1047608,0.54094093,0.018203036,0.13205614,-0.051355766,2.7476635,2.5766596,0.67195263,0.15,1.7391539,0.5,0.037330701,13.393801,2.4657125,32.30635,0.020662849,-0.17717535,0.0082365438,0.18490339,0.5334248,11.475552
314,1314000.0,5.4706998,1.6050918,3.865608,-0.27768485,1.0704069,1.2429336,0.83156125,-0.61728395,0.5,2.8958804,4.0259385,4.110103,0.55159973,-9.7947091e-05,-0.020456887,-0.032467752,2.7292148,2.5498126,0.67897657,0.15,1.7029716,0.5,0.037720921,13.255244,2.4927243,32.30635,-0.0096791664,-0.1722112,0.0087662893,0.16881613,-1.7895361,1.8178934
315,1315000.0,5.4634438,1.5573154,3.9061283,-0.25870364,1.0385457,1.1966589,0.8196986,-0.61728395,0.5,2.8144308,3.8798104,4.0578658,0.50561633,-0.00071212583,-0.042012578,0.057928129,2.6501427,2.4812472,0.67097916,0.15,1.6934242,0.5,0.03727662,13.413233,2.4865375,32.30635,-0.026864026,-0.21451781,-0.0033281195,0.16726466,-1.9993041,-5.3820379
316,1316000.0,5.4700648,1.5594489,3.9106159,-0.24826729,1.0399685,1.1768071,0.85067679,-0.61728395,0.5,2.7703678,3.9054625,4.0364273,0.36921357,0.033073171,0.2381154,0.028154105,2.5998709,2.4427115,0.65512486,0.15,1.6857279,0.5,0.036395826,13.737839,2.4812828,32.30635,0.037858266,-0.18445012,-0.022424292,0.21237063,-3.5632954,-0.43952359
317,1317000.0,5.4082433,1.526539,3.8817043,-0.269365,1.0180215,1.1831148,0.78946182,-0.61728395,0.5,2.6015942,3.8475532,3.8944981,0.062731269,-0.033578471,-0.11539203,-0.12897449,2.4433663,2.2721816,0.64351952,0.15,1.7355656,0.5,0.035751084,13.98559,2.5068871,32.30635,0.035869823,-0.20249796,-0.034383504,0.20596359,4.6797333,3.1968284
318,1318000.0,5.4452271,1.546172,3.8990551,-0.24392742,1.0311144,1.1843653,0.8190161,-0.61728395,0.5,2.4775063,3.8209523,3.7074707,-0.095904039,0.022136083,0.2061317,-0.057829178,2.313355,2.1477456,0.63739987,0.15,1.710736,0.5,0.035411104,14.119865,2.4947189,32.30635,-0.0049170496,-0.24264539,0.0065595416,0.18635679,-1.6511575,-0.037188805
319,1319000.0,5.4254153,1.5158586,3.9095567,-0.24782263,1.0108989,1.1715626,0.78848728,-0.61728395,0.5,2.7848108,3.9762945,4.0056295,0.37250843,0.0075914116,0.064079528,-0.018222977,2.6267783,2.4586147,0.6377817,0.15,1.7307508,0.5,0.035432317,14.111411,2.4746989,32.30635,0.033651046,-0.17768475,0.021717014,0.19357187,-2.5772289,-0.31044149
320,1320000.0,5.4347207,1.5641074,3.8706133,-0.25675525,1.0430752,1.2085165,0.81405137,-0.61728395,0.5,2.7452434,4.0267338,3.9138989,0.29509744,-0.0056071967,-0.016954455,-0.067850111,2.5820871,2.4087583,0.64291227,0.15,1.7116397,0.5,0.035717348,13.9988,2.478064,32.30635,-0.02350291,-0.18331349,0.013023502,0.18003789,0.71056871,2.0076914
321,1321000.0,5.4480364,1.5641927,3.8838437,-0.24912984,1.043132,1.2053996,0.81851722,-0.61728395,0.5,2.8306734,4.057812,4.0526914,0.38151686,0.053533359,-0.087110662,0.0091341411,2.6666221,2.4950561,0.65535909,0.15,1.712969,0.5,0.036408838,13.732929,2.5266692,32.30635,-0.014323494,-0.22055213,0.0064931915,0.18815427,2.8048808,-4.7938189
322,1322000.0,5.4521376,1.5495128,3.9026249,-0.25594479,1.0333423,1.1803062,0.82997951,-0.61728395,0.5,2.756234,3.9353983,4.0265129,0.30679078,0.022112419,-0.038851898,-0.03442127,2.5898853,2.4276034,0.65919383,0.15,1.7024599,0.5,0.036621879,13.653041,2.4748386,32.30635,0.0012826715,-0.21361723,0.027247033,0.25867297,2.8879135,-0.90814284
323,1323000.0,5.455535,1.5355784,3.9199565,-0.25900018,1.0240497,1.1969598,0.7846357,-0.61728395,0.5,2.5915554,3.8247807,3.8528847,0.097000827,-0.02514311,-0.18523193,-0.053207052,2.4342948,2.258288,0.66617701,0.15,1.6854197,0.5,0.037009834,13.509923,2.4774383,32.30635,-0.02623235,-0.20510405,-0.011749312,0.19779797,-0.43312414,0.97057226
324,1324000.0,5.4365102,1.5369606,3.8995496,-0.25759016,1.0249714,1.2002214,0.78230756,-0.61728395,0.5,2.6542302,3.9115568,3.9183308,0.13280293,-0.024815663,0.035659861,-0.074891764,2.4974362,2.3200546,0.66608079,0.15,1.6844129,0.5,0.037004488,13.511874,2.4931132,32.30635,0.0096036876,-0.18218013,-0.016847134,0.19113181,-1.7979057,-3.9032883
325,1325000.0,5.4408977,1.5126899,3.9282078,-0.25978398,1.0087858,1.1639412,0.79402451,-0.61728395,0.5,2.804899,4.017427,3.9791466,0.41812355,0.057270929,-0.0021398018,-0.010255231,2.6457567,2.4808249,0.65737694,0.15,1.6888281,0.5,0.036520941,13.690775,2.4714908,32.30635,0.0041967469,-0.16479662,-0.024035408,0.22223158,-0.1809671,1.9838417
326,1326000.0,5.485002,1.5700969,3.914905,-0.24813433,1.0470695,1.1921664,0.84631098,-0.61728395,0.5,2.8063398,4.026417,4.0359244,0.35667789,0.030743764,-0.21113949,-0.10013783,2.6367179,2.474407,0.64695893,0.15,1.6920961,0.5,0.035942163,13.911238,2.479546,32.30635,-0.0014592785,-0.16251108,-0.013232246,0.17763815,-1.0588242,4.1923059
327,1327000.0,5.4535777,1.5916652,3.8619125,-0.2545901,1.061453,1.2111067,0.85437531,-0.61728395,0.5,2.7590101,4.0547307,3.94681,0.27548952,0.061777525,0.077677774,-0.045416145,2.5877719,2.4218038,0.63854228,0.15,1.6631889,0.5,0.035474571,14.094603,2.5005678,32.30635,0.0062194938,-0.15471875,0.017904041,0.23313215,-3.6285336,0.015843833
328,1328000.0,5.4654311,1.5552992,3.9101319,-0.26059603,1.0372011,1.1725923,0.8499181,-0.61728395,0.5,2.8884644,4.0092763,4.0847954,0.57132138,-0.011335618,-0.068748015,0.058582628,2.7181195,2.5619816,0.63435402,0.15,1.7437173,0.5,0.03524189,14.187661,2.4844748,32.30635,-0.010227632,-0.16969478,0.0023255926,0.1828807,-2.0897332,2.8098283
329,1329000.0,5.4623818,1.55214,3.9102418,-0.25901815,1.0350943,1.1893754,0.82156804,-0.61728395,0.5,2.4955307,3.7577184,3.7960146,-0.067140838,0.031548736,-0.020402044,-0.12275804,2.330868,2.1643751,0.62878794,0.15,1.7023246,0.5,0.034932663,14.313252,2.4877122,32.30635,-0.0042012773,-0.15616233,-0.00025238515,0.15484403,-1.1472023,-2.3674797
330,1330000.0,5.4709727,1.4967804,3.9741923,-0.24845265,0.99817601,1.1580214,0.77689136,-0.61728395,0.5,2.6910526,3.8254359,3.9922159,0.25550588,0.013276066,-0.12887899,0.03455753,2.5353441,2.3686267,0.63669685,0.15,1.7266319,0.5,0.035372047,14.135455,2.4757662,32.30635,0.0011340829,-0.14156941,-0.016892635,0.19205234,3.4838588,1.6253409
331,1331000.0,5.4389793,1.5743957,3.8645836,-0.25495591,1.0499363,1.2439174,0.78127049,-0.61728395,0.5,2.8377641,4.0576394,4.0670975,0.38855538,0.012640227,-0.015370336,-0.10128246,2.681178,2.4914224,0.6422656,0.15,1.7116678,0.5,0.035681422,14.012894,2.4811254,32.30635,0.00053560686,-0.1538344,-0.0098313584,0.18688097,1.4414141,2.6686561
332,1332000.0,5.4518265,1.5906344,3.8611921,-0.26866884,1.0607656,1.2275276,0.82992068,-0.61728395,0.5,2.9036912,4.0984043,4.0978545,0.51481472,0.01573947,0.24701805,0.14029776,2.7373543,2.5619128,0.6466394,0.15,1.6971164,0.5,0.035924411,13.918113,2.4955386,32.30635,-0.0011771012,-0.21607088,0.00415336,0.18952051,-0.1989099,-1.0180374
333,1333000.0,5.4539169,1.5616258,3.892291,-0.27249497,1.0414203,1.2011266,0.82036211,-0.61728395,0.5,2.6537546,3.9542708,3.896137,0.11085583,-0.01386317,-0.12666827,0.094896799,2.4893335,2.319327,0.65240338,0.15,1.6686074,0.5,0.036244632,13.795146,2.4800378,32.30635,-0.0028283758,-0.18561019,0.0070586873,0.22645235,-0.73846483,-0.41775153
334,1334000.0,5.4464599,1.547196,3.8992639,-0.26076365,1.0317973,1.1831569,0.82232693,-0.61728395,0.5,2.4774045,3.7627631,3.8627471,-0.19329658,-0.021099962,-0.090192679,0.046053711,2.3125897,2.1479803,0.6522317,0.15,1.7399878,0.5,0.036235094,13.798777,2.4664373,32.30635,0.0088975993,-0.15923529,-0.035290413,0.15410633,-4.8986478,-0.58758754
335,1335000.0,5.4627319,1.542813,3.9199189,-0.26319419,1.0288743,1.1908828,0.80460831,-0.61728395,0.5,2.6821099,3.8939892,3.887827,0.26451337,0.070164009,-0.17618827,0.10632943,2.5208463,2.3505345,0.65246598,0.15,1.7592337,0.5,0.03624811,13.793823,2.489683,32.30635,0.0022652938,-0.16739108,0.028688764,0.17196176,-0.67194982,2.428668
336,1336000.0,5.4608088,1.5682504,3.8925584,-0.25467534,1.0458381,1.210343,0.81811727,-0.61728395,0.5,2.6699576,3.8896057,3.9556432,0.16462391,0.050746611,-0.0054237057,0.0074252411,2.5059865,2.332964,0.64822467,0.15,1.7675428,0.5,0.036012482,13.884075,2.471978,32.30635,0.0087218936,-0.14594434,0.0030346144,0.18460531,-1.1334315,-4.8405105
337,1337000.0,5.4442614,1.5433746,3.9008869,-0.26754077,1.0292488,1.1992162,0.79392681,-0.61728395,0.5,2.9257565,4.0872416,4.0787618,0.6112661,0.042376545,0.060889096,-0.01211114,2.7666337,2.5918608,0.64517775,0.15,1.7569984,0.5,0.035843208,13.949644,2.4577503,32.30635,0.0083246434,-0.20451369,-0.029241027,0.17435186,-3.1246829,2.9411877
338,1338000.0,5.4222428,1.5259127,3.8963302,-0.26717247,1.0176038,1.1926246,0.77525255,-0.61728395,0.5,3.082993,4.1563921,4.2335004,0.85908637,-0.043137021,0.012958421,-0.033548234,2.927613,2.7509326,0.64496053,0.15,1.7168466,0.5,0.035831141,13.954342,2.4714942,32.30635,-0.029009864,-0.18883485,-0.023839768,0.25872713,-3.1394559,4.4940833
339,1339000.0,5.4399843,1.5519086,3.8880756,-0.25452471,1.03494,1.2124641,0.78912466,-0.61728395,0.5,2.9042117,4.1182815,4.0826482,0.51170559,-0.015957774,-0.17116906,-0.087349824,2.7460514,2.5666275,0.64180703,0.15,1.6355172,0.5,0.035655946,14.022907,2.466519,32.30635,-0.015244626,-0.1268593,-0.00092400087,0.17383996,0.76621533,2.1118473
340,1340000.0,5.4528403,1.5245558,3.9282845,-0.25283864,1.0166989,1.1894875,0.777448,-0.61728395,0.5,2.7011511,3.9193941,3.9649331,0.21912623,0.0066771327,-0.33025787,0.040043611,2.5453311,2.3699642,0.64243997,0.15,1.6338238,0.5,0.035691109,14.009091,2.4615738,32.30635,-0.0048701086,-0.15470265,0.00069806815,0.22872808,1.9912175,-3.0844139
341,1341000.0,5.4573179,1.5497443,3.9075736,-0.24277447,1.0334967,1.1892068,0.81798386,-0.61728395,0.5,2.9829433,4.2218485,4.1651041,0.56187721,-0.091121589,-0.088062662,0.023839955,2.8189988,2.6518345,0.64232184,0.15,1.6685097,0.5,0.035684547,14.011667,2.4856473,32.30635,0.022128541,-0.20615997,-0.013295612,0.16947326,2.0203498,1.2053406
342,1342000.0,5.495346,1.5536791,3.9416669,-0.25597429,1.0361207,1.1958296,0.81505498,-0.61728395,0.5,2.7332347,3.961052,3.9407944,0.29785771,0.019415005,-0.38159226,0.055100951,2.5698773,2.400282,0.64444046,0.15,1.6794871,0.5,0.035802248,13.965604,2.4716124,32.30635,-0.010819426,-0.16061241,-0.01079255,0.19777901,7.2146585,0.5153414
343,1343000.0,5.4390545,1.550875,3.8881795,-0.25651147,1.0342507,1.1960421,0.81029053,-0.61728395,0.5,2.8976536,4.0984102,4.1686679,0.42588272,-0.052581718,-0.33473175,-0.059789834,2.7352511,2.5646417,0.64393688,0.15,1.6437476,0.5,0.035774271,13.976525,2.4814453,32.30635,0.029841781,-0.16834331,-0.0084973206,0.20167402,4.7745306,0.25061806
344,1344000.0,5.4772677,1.5428038,3.9344639,-0.25572217,1.0288682,1.1781172,0.82232764,-0.61728395,0.5,2.7137927,3.9775939,3.9203301,0.24345403,-0.0047255654,0.10002609,-0.049621506,2.5489777,2.3857716,0.6435922,0.15,1.6411508,0.5,0.035755122,13.98401,2.4799213,32.30635,-0.0015009981,-0.16878391,0.0074406939,0.13693464,1.5168346,1.2623656
345,1345000.0,5.4718596,1.5159927,3.9558669,-0.25190357,1.0109883,1.1594716,0.80549772,-0.61728395,0.5,2.8858413,4.1299756,4.0602464,0.46730188,0.0036831164,0.020960004,0.16231829,2.7243994,2.5630117,0.64177535,0.15,1.6272996,0.5,0.035654186,14.023599,2.4999829,32.30635,0.019231321,-0.14893616,0.045299991,0.22353083,1.6227564,4.9231607
346,1346000.0,5.4716903,1.5792295,3.8924608,-0.23933547,1.0531598,1.2267856,0.81277403,-0.61728395,0.5,2.9742982,4.2082669,4.1616588,0.55296885,0.020077139,-0.048219066,0.12361786,2.811398,2.6327264,0.63818177,0.15,1.6140523,0.5,0.035454543,14.102565,2.5052114,32.30635,-0.026744586,-0.16843488,0.0005481598,0.16554941,-0.15955064,0.3666148
347,1347000.0,5.4981701,1.5339898,3.9641803,-0.2335417,1.0229903,1.1918499,0.78920229,-0.61728395,0.5,2.8378536,3.9935164,4.0623829,0.45766157,0.059318867,-0.17147139,0.025712003,2.6796778,2.506009,0.63748345,0.15,1.6325594,0.5,0.035415747,14.118014,2.4873486,32.30635,-0.053341699,-0.17774811,-0.0075937248,0.1952314,-1.7426583,-2.6626647
348,1348000.0,5.5109397,1.557609,3.9533307,-0.2520739,1.0387415,1.1904323,0.82881635,-0.61728395,0.5,2.513405,3.6937421,3.8818625,-0.035389497,-0.018859559,-0.24791597,0.073275176,2.3472895,2.1819551,0.64370149,0.15,1.6359906,0.5,0.035761194,13.981636,2.4936141,32.30635,-0.022497069,-0.17770762,0.00095539698,0.21987254,1.8455569,0.53702649
349,1349000.0,5.4946009,1.5530068,3.9415941,-0.24943581,1.0356724,1.209184,0.79543167,-0.61728395,0.5,2.7019159,3.9826549,3.9438552,0.17923773,-0.012522425,0.32948703,0.083952361,2.5424915,2.365245,0.64951152,0.15,1.7056073,0.5,0.036083974,13.856567,2.4871924,32.30635,0.0028415311,-0.21431824,0.0021410881,0.22411618,-4.2858318,3.4963182
350,1350000.0,5.4519854,1.5228841,3.9291013,-0.27129573,1.0155841,1.1872052,0.77795412,-0.61728395,0.5,3.2238782,4.3408299,4.3018509,1.0289538,-0.019292025,0.29519031,-0.1080407,3.0679567,2.8933267,0.65256942,0.15,1.7085363,0.5,0.036253857,13.791636,2.4842981,32.30635,-0.014662495,-0.16187972,-0.025295911,0.17841428,0.67530896,5.5056287
351,1351000.0,5.4640592,1.5622086,3.9018506,-0.26703139,1.0418089,1.2232329,0.79058116,-0.61728395,0.5,2.6873022,4.0130299,3.8910296,0.15784699,0.0062676646,-0.0099862605,0.067629949,2.5288499,2.3467196,0.65650695,0.15,1.6945018,0.5,0.036472609,13.708918,2.4901887,32.30635,-0.01311636,-0.13859005,0.0099974613,0.13147155,2.2238732,4.75675
352,1352000.0,5.4476616,1.5527223,3.8949393,-0.25821009,1.0354827,1.1928011,0.8177372,-0.61728395,0.5,2.8901443,4.1120058,4.1272733,0.43115374,0.055689504,0.12616884,0.018167577,2.7262493,2.5580348,0.65731315,0.15,1.6768733,0.5,0.036517397,13.692104,2.4819425,32.30635,0.0021008055,-0.13641359,0.022821319,0.1727274,-2.6241535,2.7707476
353,1353000.0,5.4637621,1.5181446,3.9456175,-0.25316824,1.0124234,1.1667243,0.79885202,-0.61728395,0.5,2.9757739,4.1475468,4.1533689,0.62640605,-0.031895649,-0.031886499,-0.080238868,2.815664,2.6509249,0.65554931,0.15,1.6894545,0.5,0.036419406,13.728944,2.4818947,32.30635,-0.023479255,-0.20131175,-0.011010256,0.19228393,-1.6044979,0.45843357
354,1354000.0,5.4260183,1.5235597,3.9024586,-0.26318895,1.0160346,1.1884476,0.77730492,-0.61728395,0.5,2.7199526,3.9732922,3.9519539,0.2346116,-0.028457812,-0.18980445,0.12967663,2.5641612,2.3890552,0.65696712,0.15,1.6660885,0.5,0.036498173,13.699316,2.4943457,32.30635,-0.00057309835,-0.18700362,0.0023803655,0.2129397,2.8323914,-1.5948635
355,1355000.0,5.4627765,1.5506751,3.9121014,-0.24484412,1.0341174,1.2014613,0.80244359,-0.61728395,0.5,2.9492341,4.1024721,4.1411517,0.60407851,-0.050170741,0.11513956,0.027770185,2.7884044,2.6147134,0.64857281,0.15,1.6801793,0.5,0.036031823,13.876622,2.4892568,32.30635,0.0050114529,-0.1921671,0.00010756329,0.21635615,-2.4982351,-2.2336527
356,1356000.0,5.4958019,1.5794169,3.9163851,-0.24243116,1.0532848,1.2100124,0.83637374,-0.61728395,0.5,2.6262459,3.9730274,3.8245013,0.081209157,0.045011746,-0.074019634,0.08746014,2.4586157,2.2893443,0.64601904,0.15,1.7312268,0.5,0.035889947,13.931478,2.4772494,32.30635,0.0065953077,-0.2109913,-0.016920629,0.16295073,-1.3007196,0.68339382
357,1357000.0,5.510591,1.5301494,3.9804416,-0.23473414,1.0204292,1.1643102,0.82133931,-0.61728395,0.5,2.5145146,3.820185,3.8203063,-0.096947507,-0.024294445,-0.02608302,-0.029629181,2.3498977,2.1903378,0.64457925,0.15,1.6750437,0.5,0.035809958,13.962597,2.5299913,32.30635,-0.0078432416,-0.21821515,0.025276235,0.20895589,-0.41145859,-4.0154633
358,1358000.0,5.4842338,1.5347093,3.9495245,-0.25178973,1.0234701,1.1883744,0.79517719,-0.61728395,0.5,2.7021399,3.9127911,3.9595144,0.23411431,-0.035651383,-0.088234889,-0.087353576,2.5427666,2.371263,0.63989156,0.15,1.6934181,0.5,0.035549531,14.064883,2.4720832,32.30635,0.028068399,-0.11345789,-0.027268158,0.18527356,1.7595348,4.9657136
359,1359000.0,5.4420598,1.5531328,3.888927,-0.2445735,1.0357564,1.2106893,0.7935413,-0.61728395,0.5,2.9823309,4.1739286,4.1485771,0.62448693,-0.0064482508,-0.095313875,0.033461689,2.8232854,2.6452408,0.64111163,0.15,1.6801959,0.5,0.035617313,14.038117,2.4606908,32.30635,-0.031654241,-0.22022393,0.018835261,0.23265217,1.3737469,4.7820056
360,1360000.0,5.4396105,1.5194068,3.9202037,-0.2433701,1.0132652,1.1997289,0.75501422,-0.61728395,0.5,2.598414,3.803797,3.9031109,0.08833393,-0.0066165284,-0.09124888,-0.077470473,2.4470902,2.2643756,0.64474095,0.15,1.7120894,0.5,0.035818942,13.959095,2.4815904,32.30635,0.033596945,-0.22035557,-0.014199142,0.19572223,0.15920124,-1.9967939
361,1361000.0,5.4504088,1.5248399,3.9255689,-0.25027766,1.0168884,1.1972403,0.76713077,-0.61728395,0.5,2.7543012,3.9279165,3.9956499,0.3393372,-0.03916739,-0.09798771,0.11808005,2.600549,2.4209557,0.64622612,0.15,1.6727476,0.5,0.035901451,13.927014,2.5080908,32.30635,0.002834988,-0.21532428,-0.013040323,0.15489963,1.5547757,3.5580375
362,1362000.0,5.4396481,1.5392548,3.9003933,-0.25580244,1.0265014,1.1975281,0.7897056,-0.61728395,0.5,2.808275,3.9920325,4.0318847,0.40090767,-0.029641523,-0.16605802,-0.094090759,2.6499982,2.4748493,0.6448832,0.15,1.7143291,0.5,0.035826845,13.956016,2.4858675,32.30635,-0.02639543,-0.21053358,-0.0093321596,0.22481375,-2.1239586,5.1714973
363,1363000.0,5.4333538,1.5135981,3.9197557,-0.26581969,1.0093914,1.158421,0.80314068,-0.61728395,0.5,2.7069984,3.9695104,3.9596187,0.1918663,0.063114047,-0.084717544,-0.079278098,2.546029,2.3844613,0.64267997,0.15,1.7127393,0.5,0.035704443,14.003859,2.4843475,32.30635,-0.014205519,-0.17640249,-0.014231124,0.14244613,1.7586303,-3.1920791
364,1364000.0,5.4467272,1.5648355,3.8818917,-0.27562185,1.0435608,1.2138886,0.80774901,-0.61728395,0.5,2.7556346,3.9113238,4.0280251,0.327555,0.0018532657,-0.039101924,0.083473466,2.5937415,2.4176538,0.6446617,0.15,1.7296331,0.5,0.035814539,13.960811,2.473986,32.30635,0.012108634,-0.16193069,-0.0096214434,0.1798212,3.2720264,2.1077544
365,1365000.0,5.4589036,1.5724365,3.886467,-0.25778204,1.0486297,1.2133602,0.82059769,-0.61728395,0.5,2.6480956,3.9928903,3.8405345,0.11086205,-0.028384438,-0.1739653,-0.1426553,2.4836273,2.3102619,0.64807272,0.15,1.6745482,0.5,0.03600404,13.88733,2.4805476,32.30635,0.007008271,-0.17770218,-0.0075605855,0.16619845,2.7903614,5.494167
366,1366000.0,5.4798814,1.5546981,3.9251833,-0.26792555,1.0368003,1.2011956,0.80922458,-0.61728395,0.5,2.6440843,3.888257,3.9248039,0.11919197,-0.02728104,0.074910768,-0.04002589,2.4818954,2.3096375,0.65170927,0.15,1.6230452,0.5,0.03620607,13.809839,2.5102681,32.30635,-0.023574792,-0.17446578,-0.008766437,0.17335365,-2.8495635,-1.7568256
367,1367000.0,5.466524,1.5527171,3.9138069,-0.25534677,1.0354792,1.1967644,0.8122231,-0.61728395,0.5,2.7173242,3.9394798,3.9481641,0.26432866,0.084346542,-0.025154315,-0.019163791,2.5545344,2.3841112,0.64997951,0.15,1.5980986,0.5,0.036109973,13.84659,2.4713082,32.30635,-0.010147612,-0.20277928,0.0082139739,0.17979214,-3.5111279,1.2077785
368,1368000.0,5.4512738,1.5502746,3.9009992,-0.25258643,1.0338503,1.2010323,0.80240122,-0.61728395,0.5,2.6909064,3.8639362,3.9390243,0.26975856,-0.014617646,-0.32234878,-0.12176503,2.5300851,2.3565051,0.64850802,0.15,1.6220683,0.5,0.036028224,13.878009,2.4920962,32.30635,-0.014540707,-0.21139818,-0.0072550749,0.14411307,-0.43683783,2.7290115
369,1369000.0,5.5031729,1.5680927,3.9350803,-0.24690368,1.0457329,1.2210171,0.80303745,-0.61728395,0.5,2.5963205,3.8360891,3.8407723,0.11210017,0.0034127115,0.0015270516,0.11944214,2.4353717,2.2563549,0.64614799,0.15,1.5973877,0.5,0.035897111,13.928698,2.4880251,32.30635,0.02114145,-0.21678406,-0.0035051202,0.23427749,-2.8781744,-1.7609924
370,1370000.0,5.4863123,1.5693011,3.9170112,-0.26273412,1.0465387,1.222044,0.80353682,-0.61728395,0.5,2.4222098,3.6995036,3.7738816,-0.20675584,0.012439372,-0.2559147,0.051976961,2.2611609,2.0819582,0.64151491,0.15,1.5884031,0.5,0.035639717,14.029292,2.5069637,32.30635,0.0023196018,-0.16701113,0.0077954865,0.16980052,2.6168894,-3.3404803
371,1371000.0,5.5166744,1.5704742,3.9462002,-0.23919373,1.0473211,1.22249,0.80478701,-0.61728395,0.5,2.5894426,3.9910965,3.8269558,-0.049724402,-0.026063984,0.03149171,-0.025827399,2.4281432,2.2490669,0.64112585,0.15,1.6043072,0.5,0.035618103,14.037805,2.4858571,32.30635,-0.026903879,-0.14259003,0.0033637093,0.19626972,4.1767916,-2.0761551
372,1372000.0,5.4977027,1.5560137,3.941689,-0.27021488,1.0376776,1.1898679,0.82705794,-0.61728395,0.5,2.7270239,3.9530246,3.9614147,0.26663235,0.055606961,-0.19200775,0.076974134,2.5612608,2.3957311,0.64120041,0.15,1.5537906,0.5,0.035622245,14.036173,2.4891119,32.30635,9.0085265e-05,-0.13441836,0.01151805,0.17283373,2.5283782,-1.6122426
373,1373000.0,5.5054351,1.5478066,3.9576285,-0.26198607,1.0322045,1.1867693,0.81828176,-0.61728395,0.5,2.3986726,3.6584648,3.7377388,-0.20018594,0.046268873,0.0071861132,0.046277739,2.2346684,2.0682425,0.63999867,0.15,1.5830232,0.5,0.035555482,14.062529,2.472132,32.30635,0.017988757,-0.17625488,-0.01337734,0.18424257,-2.9973916,-5.9512346
374,1374000.0,5.5028523,1.582801,3.9200514,-0.25149478,1.0555416,1.2136513,0.83671244,-0.61728395,0.5,2.9121603,4.0559158,4.1376731,0.54289205,0.030646605,-0.029475476,-0.28301228,2.7444622,2.5742456,0.64346481,0.15,1.5967538,0.5,0.035748045,13.986779,2.4930125,32.30635,0.022220202,-0.16082605,-0.0033245148,0.20828633,-3.636964,0.1735984
375,1375000.0,5.4978255,1.5603963,3.9374292,-0.25538501,1.0406003,1.2010309,0.81853541,-0.61728395,0.5,2.6197899,3.8553207,3.8520333,0.15201568,-0.023033784,-0.4053474,0.13636388,2.4557349,2.285389,0.64468712,0.15,1.6161447,0.5,0.035815951,13.96026,2.472754,32.30635,-0.008027382,-0.15950101,0.0012924845,0.16197129,1.8370345,-3.7818119
376,1376000.0,5.4857667,1.5633949,3.9223719,-0.26872104,1.0426,1.2068038,0.81529499,-0.61728395,0.5,2.6701739,3.8334314,3.9295784,0.24751205,0.027356116,0.079703883,0.040898327,2.5067685,2.3341657,0.64498078,0.15,1.6077592,0.5,0.035832265,13.953904,2.4721192,32.30635,-0.021967671,-0.1590881,-0.0016988578,0.12030918,-2.8688514,6.3567894
377,1377000.0,5.4768277,1.5307928,3.9460349,-0.23698222,1.0208583,1.1738135,0.80916275,-0.61728395,0.5,3.0740968,4.1930935,4.2703447,0.75885203,0.0010449692,0.0079030725,-0.12802256,2.9119203,2.7472739,0.64445078,0.15,1.6235675,0.5,0.035802821,13.96538,2.484944,32.30635,0.0066297108,-0.19565032,-0.024289414,0.2076401,0.45174234,4.3209662
378,1378000.0,5.5203108,1.574081,3.9462299,-0.25924415,1.0497264,1.2302382,0.79977191,-0.61728395,0.5,2.331619,3.6469591,3.6940993,-0.34620148,-0.015900142,-0.34776101,-0.1416498,2.1713247,1.9890859,0.64818696,0.15,1.6517072,0.5,0.036010387,13.884883,2.4846899,32.30635,-0.0026440687,-0.16973327,0.0011598798,0.18248666,0.59989759,-10.029723
379,1379000.0,5.475205,1.5830452,3.8921598,-0.25210758,1.0557045,1.2354725,0.80678789,-0.61728395,0.5,2.8249847,4.0398691,4.0311762,0.40390872,0.020244774,0.034935806,-0.060769146,2.6632842,2.4809942,0.64971521,0.15,1.6543992,0.5,0.036095289,13.852223,2.4936371,32.30635,-0.034060542,-0.24395578,-0.030344916,0.2233823,-2.2649776,6.4008536
380,1380000.0,5.5082043,1.5944771,3.9137272,-0.25459083,1.0633282,1.2234309,0.84173633,-0.61728395,0.5,2.8889155,4.0617722,4.112664,0.49231038,0.028819888,0.077887543,0.048988747,2.7202105,2.5482778,0.64388433,0.15,1.679258,0.5,0.035771351,13.977666,2.4780411,32.30635,0.026803853,-0.22365785,0.030511088,0.16714638,-4.0594229,-2.1434441
381,1381000.0,5.5049791,1.5747243,3.9302549,-0.24593705,1.0501554,1.2410848,0.78572913,-0.61728395,0.5,2.852257,4.0912721,4.0316606,0.43383831,0.0020675109,-0.18575465,0.085459744,2.6947772,2.5067039,0.63778697,0.15,1.6715688,0.5,0.035432609,14.111295,2.4878406,32.30635,0.0029952709,-0.22837803,0.017486461,0.1585757,-0.2072667,1.8461968
382,1382000.0,5.5096256,1.5853581,3.9242674,-0.23952198,1.0572469,1.223654,0.82689242,-0.61728395,0.5,2.882622,4.1196465,4.0129483,0.51527126,0.02582996,0.014075621,0.036044067,2.7168921,2.5419222,0.63933061,0.15,1.7048495,0.5,0.035518367,14.077224,2.477857,32.30635,0.018554975,-0.17586961,0.017593231,0.21546288,-0.34031082,3.4635542
383,1383000.0,5.4713188,1.535547,3.9357719,-0.25793289,1.0240287,1.1960189,0.78589268,-0.61728395,0.5,2.7819055,3.9874601,3.9617919,0.39646442,-0.0186692,-0.32375344,-0.0016097475,2.6243929,2.4489001,0.63529532,0.15,1.6384112,0.5,0.035294185,14.16664,2.4694624,32.30635,0.0067417631,-0.17676496,0.004940632,0.16661871,4.3251058,2.5348776
384,1384000.0,5.4761729,1.545728,3.9304449,-0.24582696,1.0308183,1.2161197,0.7741955,-0.61728395,0.5,2.7708066,3.9806052,3.9635794,0.36823524,0.01642451,-0.20788466,0.022925287,2.6156385,2.4322046,0.63943911,0.15,1.610785,0.5,0.035524395,14.074835,2.4921979,32.30635,0.010654376,-0.15127469,-0.0088775081,0.19424641,2.6403381,0.26000879
385,1385000.0,5.4909916,1.565509,3.9254826,-0.25618937,1.0440099,1.216306,0.80546408,-0.61728395,0.5,2.8371182,4.0530539,4.0448714,0.41342939,0.0723795,-0.3188467,0.046080656,2.6756831,2.4984643,0.64200889,0.15,1.6444538,0.5,0.03566716,14.018498,2.4689818,32.30635,0.016877849,-0.14555052,0.02670449,0.24625377,-1.5615606,0.34332117
386,1386000.0,5.517227,1.5233307,3.9938963,-0.22817972,1.0158819,1.1662851,0.80772796,-0.61728395,0.5,2.7999717,4.0541796,4.065805,0.27993065,-0.014136525,-0.12039939,-0.040729285,2.6380829,2.475245,0.6460767,0.15,1.6466667,0.5,0.03589315,13.930235,2.4763921,32.30635,0.013872044,-0.17123221,-0.00067950293,0.17258187,-0.07090858,1.0045883
387,1387000.0,5.4658602,1.5507203,3.9151399,-0.25622611,1.0341475,1.2128717,0.78666451,-0.61728395,0.5,2.9778646,4.1271424,4.1454983,0.66095312,0.010681158,0.10606056,-0.012828603,2.8201974,2.6401669,0.65022571,0.15,1.6636732,0.5,0.036123651,13.841347,2.4837298,32.30635,-0.0011197262,-0.20602433,-0.00029164484,0.21455611,-0.40799051,-2.2034057
388,1388000.0,5.4625002,1.5547544,3.9077458,-0.2619201,1.0368378,1.2144658,0.79087972,-0.61728395,0.5,3.0369052,4.1769734,4.2046549,0.7290872,-0.02464312,0.071101535,-0.069596559,2.8783931,2.6987636,0.65525327,0.15,1.6770355,0.5,0.036402959,13.735147,2.4736092,32.30635,-0.024370269,-0.16676179,-0.011654419,0.21263502,-0.029771205,1.9628851
389,1389000.0,5.4690732,1.5230452,3.946028,-0.27221249,1.0156916,1.1834865,0.78337699,-0.61728395,0.5,2.7004427,3.978601,3.8960524,0.22667477,-0.065908579,-0.06881645,-0.14291789,2.5434344,2.3709267,0.64888278,0.15,1.6627375,0.5,0.036049044,13.869994,2.5037608,32.30635,-0.002110288,-0.19385469,-0.003812697,0.15136179,3.8126351,-0.60867271
390,1390000.0,5.5053641,1.5828544,3.9225097,-0.2562596,1.0555772,1.2258967,0.81978641,-0.61728395,0.5,2.8531118,4.0722444,4.0301261,0.45696497,-0.010007484,-0.14707019,-0.021794648,2.6888061,2.5117876,0.64150417,0.15,1.7066543,0.5,0.035639121,14.029527,2.5048078,32.30635,0.028901345,-0.22938894,0.010932886,0.27578543,1.5146667,5.9045264
391,1391000.0,5.4693143,1.5497263,3.9195881,-0.25991618,1.0334847,1.2062836,0.79423232,-0.61728395,0.5,2.6383838,3.8585215,3.9268996,0.1297304,-0.038387773,-0.19087797,-0.0054465902,2.4791998,2.3025204,0.63799961,0.15,1.7180073,0.5,0.035444423,14.106592,2.4863357,32.30635,-0.012207498,-0.22930962,0.014401519,0.22420969,-1.9186163,-0.9754054
392,1392000.0,5.5203304,1.5603888,3.9599416,-0.23019282,1.0405953,1.1951365,0.82671191,-0.61728395,0.5,2.8632653,4.0970715,3.9975043,0.49522012,0.0030836865,-0.10486148,-0.019226619,2.6975716,2.5305056,0.63699446,0.15,1.7051118,0.5,0.035388581,14.128851,2.4856916,32.30635,0.019213729,-0.17037115,0.00016755849,0.1886631,-1.7265836,9.9101922
393,1393000.0,5.4444385,1.5649197,3.8795188,-0.27067493,1.0436169,1.1984476,0.82933354,-0.61728395,0.5,2.6536271,3.9305266,3.9254412,0.10491357,-0.033007391,-0.41386854,-0.045627679,2.487408,2.3199455,0.63595929,0.15,1.6299309,0.5,0.035331072,14.151849,2.4878907,32.30635,-0.0023827058,-0.173236,-0.014944804,0.15617517,2.6522215,-2.5721782
394,1394000.0,5.4342443,1.5692321,3.8650122,-0.25788073,1.0464928,1.207371,0.82381062,-0.61728395,0.5,2.884592,4.081712,4.0621364,0.50992748,0.012890485,0.0026798211,-0.039205336,2.7194797,2.5484258,0.64028592,0.15,1.6437084,0.5,0.03557144,14.05622,2.461499,32.30635,-0.010213779,-0.11477722,-0.00054028546,0.17330639,2.6473815,2.4326032
395,1395000.0,5.4240795,1.5314286,3.8926509,-0.25697954,1.0212822,1.1772674,0.80537797,-0.61728395,0.5,2.720933,3.9259869,3.9610978,0.27571426,-0.033656417,-0.31197731,0.054607877,2.5595151,2.3931485,0.64019049,0.15,1.6497177,0.5,0.035566138,14.058316,2.4747522,32.30635,0.0054874579,-0.16317755,0.0053047037,0.2130443,8.0714546,-0.47676107
396,1396000.0,5.4161987,1.5067868,3.9094118,-0.24822286,1.0048491,1.1770791,0.76636499,-0.61728395,0.5,2.9229194,4.0707203,4.1197936,0.57824434,-0.017360212,-0.10855191,0.063780631,2.7693207,2.5951874,0.64784525,0.15,1.6254806,0.5,0.035991403,13.892206,2.5151918,32.30635,-0.038894569,-0.17901823,0.02352049,0.18784622,2.873897,3.3237864
397,1397000.0,5.4119239,1.5059464,3.9059775,-0.25476245,1.0042887,1.1679329,0.77773139,-0.61728395,0.5,2.5565217,3.8924137,3.8203288,-0.043177174,0.045638527,-0.099398012,0.11612465,2.4006449,2.2313362,0.65246007,0.15,1.6715026,0.5,0.036247782,13.793948,2.4898197,32.30635,-0.0035026257,-0.19581861,-0.013511992,0.20799155,-3.0796014,1.0084955
398,1398000.0,5.4105772,1.4943576,3.9162196,-0.24862128,0.99656029,1.1606383,0.76939446,-0.61728395,0.5,2.7192215,3.918768,3.935298,0.30359856,0.0083601037,-0.28710458,-0.010281052,2.5650156,2.3960671,0.65420411,0.15,1.6608123,0.5,0.036344673,13.757174,2.4829228,32.30635,0.0060652476,-0.21591164,-0.016961562,0.20849708,-3.6357743,-1.7837398
399,1399000.0,5.4416338,1.5437359,3.8978979,-0.26265512,1.0294898,1.1808382,0.82003311,-0.61728395,0.5,2.7379643,3.9655283,4.0434236,0.20494117,0.0010516619,-0.17644718,0.09763442,2.5736092,2.4091856,0.65494204,0.15,1.6757244,0.5,0.036385669,13.741674,2.4713029,32.30635,0.012534706,-0.17055713,0.023771113,0.18187179,-0.84034024,0.79598386
400,1400000.0,5.3996911,1.5188013,3.8808898,-0.26604181,1.0128613,1.1850751,0.77440595,-0.61728395,0.5,2.5807015,3.8793254,3.816504,0.046275147,-0.029473705,-0.047836943,0.073909409,2.4254912,2.2507431,0.65729038,0.15,1.6583535,0.5,0.036516132,13.692578,2.4828262,32.30635,0.0022076004,-0.18123414,-0.0034052306,0.18508864,2.5213222,6.6831255
401,1401000.0,5.3985242,1.51833,3.8801941,-0.25460119,1.0125471,1.1927488,0.76299467,-0.61728395,0.5,2.5104141,3.8422725,3.7708865,-0.081916806,-0.08189457,-0.22805141,0.12658759,2.3574909,2.1783191,0.657847,0.15,1.7290409,0.5,0.036547055,13.680993,2.4789218,32.30635,0.021650739,-0.17876223,-0.0061528955,0.15878984,4.7241745,0.1641452
402,1402000.0,5.42591,1.5318576,3.8940525,-0.25232285,1.0215683,1.2126776,0.75687028,-0.61728395,0.5,2.891636,4.1026694,4.0483782,0.5238604,0.010300646,0.051263873,0.078098852,2.7399403,2.5539923,0.65414271,0.15,1.7462503,0.5,0.036341262,13.758466,2.4840566,32.30635,0.015740203,-0.13605457,0.0035648312,0.16591202,-1.7320648,-1.9912068
403,1403000.0,5.4098776,1.5679134,3.8419642,-0.24202486,1.0456134,1.2308942,0.78903063,-0.61728395,0.5,2.8832072,4.1120248,4.0462196,0.49137713,0.0016533968,0.00077683836,-0.066992868,2.7250657,2.5404914,0.65512367,0.15,1.7523231,0.5,0.036395759,13.737864,2.4836868,32.30635,-0.0089219323,-0.19529409,-0.0076088358,0.23694935,0.36376447,-1.5315234
404,1404000.0,5.3878948,1.4914935,3.8964012,-0.26166574,0.9946503,1.1610271,0.76428952,-0.61728395,0.5,2.8181874,4.0631972,4.036912,0.35445291,-0.04315676,-0.21921893,-0.11831255,2.6650047,2.4949247,0.65267164,0.15,1.727342,0.5,0.036259536,13.789476,2.4911653,32.30635,0.007441566,-0.18787961,0.047890388,0.21249168,5.5112754,0.54783238
405,1405000.0,5.4286247,1.546507,3.8821177,-0.25836992,1.0313378,1.2015848,0.79562888,-0.61728395,0.5,2.8312361,4.1008788,4.0339798,0.35884961,0.012187112,0.099898695,0.090190902,2.6717722,2.4966809,0.64736484,0.15,1.7296565,0.5,0.035964713,13.902516,2.4867712,32.30635,0.0088591874,-0.13059385,-0.018489276,0.17002943,-4.6203841,1.5408346
406,1406000.0,5.4396802,1.5620805,3.8775997,-0.26662907,1.0417235,1.1895623,0.83715181,-0.61728395,0.5,2.7418452,3.9266917,3.9910507,0.30779332,0.010061923,-0.050216282,-0.021227528,2.5740591,2.4106375,0.64415122,0.15,1.7077598,0.5,0.035786179,13.971874,2.4843874,32.30635,-0.0044345486,-0.23188218,-0.012950679,0.23479356,-1.687143,-0.70376015
407,1407000.0,5.3716635,1.5028845,3.868779,-0.25970632,1.0022467,1.1691336,0.7711832,-0.61728395,0.5,2.5865975,3.8553287,3.8603577,0.044106167,-0.015349513,0.21080271,0.04323061,2.4320332,2.2610777,0.64289288,0.15,1.7003904,0.5,0.035716271,13.999222,2.4972588,32.30635,-0.026493398,-0.17389212,-0.010272273,0.19249164,-2.2274178,1.5898602
408,1408000.0,5.4062738,1.5140342,3.8922396,-0.25939079,1.0096823,1.1713722,0.78584411,-0.61728395,0.5,2.6509789,3.8061505,3.885851,0.26093529,-0.029359607,-0.057091261,0.061513073,2.4934761,2.3248358,0.64725419,0.15,1.6629542,0.5,0.035958566,13.904893,2.490708,32.30635,0.008017956,-0.18888422,0.018833137,0.20435323,1.0870809,3.4910712
409,1409000.0,5.4253671,1.5435321,3.881835,-0.26491284,1.0293539,1.1986808,0.79492166,-0.61728395,0.5,2.8229523,4.086978,3.9910129,0.39086585,-0.046582731,0.03963088,-0.0053667971,2.6636301,2.4892057,0.64817479,0.15,1.7129142,0.5,0.03600971,13.885144,2.5025001,32.30635,-0.008265204,-0.20140831,0.014203821,0.13282308,-2.8991208,3.2832407
410,1410000.0,5.4226693,1.5438433,3.878826,-0.2586077,1.0295614,1.2140114,0.77412056,-0.61728395,0.5,2.7766026,4.0018122,3.9923095,0.33568633,0.023025643,-0.59502967,0.051993058,2.6214495,2.4385876,0.65192386,0.15,1.6993045,0.5,0.036217992,13.805293,2.4820357,32.30635,-0.0037245038,-0.21640277,0.0024867277,0.19037226,0.70049418,2.5355164
411,1411000.0,5.4038075,1.514162,3.8896455,-0.26976157,1.0097675,1.1640589,0.79620721,-0.61728395,0.5,2.4388778,3.8403625,3.7484275,-0.27215669,-0.028197748,-0.042023097,0.072310358,2.2792979,2.1147709,0.65228253,0.15,1.6934369,0.5,0.036237918,13.797702,2.4970084,32.30635,0.036612531,-0.17047026,0.0087599323,0.21911802,-2.7493577,-0.9387509
412,1412000.0,5.42993,1.5120855,3.9178445,-0.25119779,1.0083827,1.1548233,0.80572762,-0.61728395,0.5,2.6993618,3.9040395,3.9194305,0.27461546,0.020882347,0.089645348,0.057575849,2.5378739,2.3778264,0.64649814,0.15,1.6743515,0.5,0.035916564,13.921154,2.4708174,32.30635,0.029480397,-0.21136792,-0.027793968,0.25529717,-3.1393739,-2.6584353
413,1413000.0,5.3993911,1.4843835,3.9150076,-0.27293711,0.98990875,1.1405894,0.78134925,-0.61728395,0.5,2.9207531,4.0853903,4.0732963,0.60357278,0.017485941,0.34646084,0.19056765,2.7641512,2.6031808,0.64523863,0.15,1.6807716,0.5,0.03584659,13.948328,2.4795805,32.30635,-0.026773352,-0.17633196,-0.010426407,0.2321011,-3.4813759,3.2742515
414,1414000.0,5.4479952,1.5145382,3.933457,-0.24646393,1.0100184,1.1761817,0.77996599,-0.61728395,0.5,2.7157721,3.8779717,3.9685139,0.30083057,0.043930026,0.0064751696,0.089991821,2.5594474,2.3882899,0.64657416,0.15,1.6902642,0.5,0.035920787,13.919517,2.510043,32.30635,0.026337747,-0.18368184,0.019682734,0.24969396,3.7438463,-2.9827319
415,1415000.0,5.4517356,1.5430787,3.9086569,-0.24760616,1.0290515,1.1838248,0.81483679,-0.61728395,0.5,2.7413985,3.9626441,4.010141,0.25141051,0.025163982,-0.066462419,0.027915206,2.5780849,2.4117883,0.64483968,0.15,1.7150278,0.5,0.035824427,13.956957,2.4580548,32.30635,0.03589782,-0.21816046,-0.0014397238,0.12887263,5.9225777,2.2762134
416,1416000.0,5.4498771,1.5477286,3.9021485,-0.26303197,1.0321525,1.192792,0.80979086,-0.61728395,0.5,2.8396314,4.0293436,4.0784296,0.41112108,-0.033513752,-0.14748537,-0.037331706,2.6773291,2.5075244,0.65374373,0.15,1.6506475,0.5,0.036319096,13.766862,2.4845775,32.30635,0.020024419,-0.20688178,0.0073515105,0.23672563,-2.5600642,7.1546909
417,1417000.0,5.4628535,1.5592555,3.903598,-0.26360423,1.0398395,1.1989564,0.81959908,-0.61728395,0.5,2.8903061,4.11935,4.0665475,0.48502077,-0.016756251,0.069216771,0.015633541,2.726038,2.5564828,0.65875186,0.15,1.6453462,0.5,0.036597326,13.6622,2.4783721,32.30635,-0.010710303,-0.17445982,-0.014567831,0.16236013,-5.2933157,4.9267993
418,1418000.0,5.4524081,1.5346542,3.9177538,-0.25517454,1.0234334,1.1868758,0.79717115,-0.61728395,0.5,2.7212884,3.9461084,4.0124142,0.20534273,-0.037342248,-0.19387645,-0.092094217,2.5615154,2.3908287,0.66006239,0.15,1.6568567,0.5,0.036670133,13.635075,2.4935603,32.30635,0.002417995,-0.15670312,0.0012857333,0.18991033,4.2664631,5.1475889
419,1419000.0,5.4647232,1.5413406,3.9233826,-0.25634178,1.0278924,1.1844384,0.8112141,-0.61728395,0.5,2.935049,4.0849462,4.1449863,0.57521471,-0.0032592156,0.31876046,-0.017396574,2.7724615,2.605268,0.65780307,0.15,1.6558318,0.5,0.036544615,13.681906,2.4845996,32.30635,-0.041182355,-0.16796053,0.017820134,0.18514835,-0.70902833,-2.5274424
420,1420000.0,5.4733541,1.5587622,3.9145919,-0.26250294,1.0395105,1.1930636,0.826999,-0.61728395,0.5,2.687417,3.9827071,3.969805,0.10973895,-0.01615907,-0.0069797309,-0.031790783,2.5216657,2.3552344,0.64953976,0.15,1.680873,0.5,0.036085542,13.855965,2.4870002,32.30635,-0.017128124,-0.15350838,-0.010751925,0.18348853,-1.4889309,2.4031817
421,1421000.0,5.4260317,1.5133545,3.9126773,-0.25261059,1.0092289,1.1720841,0.78377165,-0.61728395,0.5,2.5420098,3.8964147,3.8074601,-0.07784531,0.033429403,0.035498266,0.11753868,2.3849224,2.2156685,0.6420449,0.15,1.6677237,0.5,0.035669161,14.017711,2.4957618,32.30635,0.00083441352,-0.18828591,-0.0073411392,0.19422436,2.5728058,0.60456731
422,1422000.0,5.4578223,1.5369208,3.9209015,-0.23990659,1.0249449,1.1685248,0.82627677,-0.61728395,0.5,2.5279844,3.8233768,3.8088156,-0.048239012,0.017176327,-0.041276939,0.057227832,2.3623779,2.2026341,0.63487236,0.15,1.6543309,0.5,0.035270687,14.176078,2.4757253,32.30635,-0.022412755,-0.18702885,-0.011941784,0.13691166,5.2634594,-11.399199
423,1423000.0,5.4489162,1.5315858,3.9173304,-0.26179063,1.0213871,1.1722109,0.8126531,-0.61728395,0.5,2.9735811,4.1321466,4.159935,0.62866176,-0.024017873,0.10064094,-0.015642064,2.8107051,2.6472045,0.6351248,0.15,1.6820047,0.5,0.035284711,14.170443,2.4815803,32.30635,-0.001060415,-0.12102217,0.0089773471,0.17004551,-0.97952796,7.9315475
424,1424000.0,5.4521707,1.535991,3.9161797,-0.26278114,1.0243248,1.1724784,0.81930246,-0.61728395,0.5,2.6639004,3.9163924,3.948994,0.12631486,0.034905616,-0.13335609,-0.11266736,2.4996917,2.3374493,0.63675985,0.15,1.6538587,0.5,0.035375547,14.134057,2.5047782,32.30635,0.0022754954,-0.24474626,-0.00011315019,0.18887002,-4.2858902,4.3400878
425,1425000.0,5.4507791,1.5837291,3.86705,-0.25773614,1.0561605,1.2208528,0.82818732,-0.61728395,0.5,2.7594337,3.9800283,4.0376295,0.26064344,0.0045762831,0.069521146,0.017090218,2.5934443,2.4195138,0.64041436,0.15,1.6630346,0.5,0.035578576,14.053401,2.4889704,32.30635,0.0097875458,-0.18701748,0.01539882,0.21638701,1.9346467,-1.8609799
426,1426000.0,5.4763494,1.5252688,3.9510806,-0.25152442,1.0171744,1.1739162,0.80021586,-0.61728395,0.5,2.7440291,3.9886777,3.9903266,0.25308316,0.028371968,-0.01043452,0.12132196,2.5836459,2.4171777,0.65152985,0.15,1.7049354,0.5,0.036196103,13.813642,2.4790279,32.30635,0.032648232,-0.14803842,0.016722661,0.19921859,2.6859739,-2.322029
427,1427000.0,5.4705345,1.5603444,3.9101901,-0.255862,1.0405657,1.1981228,0.8224927,-0.61728395,0.5,2.5694714,3.8056797,3.8589286,0.043806034,0.044963907,0.0058662247,-0.034074255,2.4046233,2.2358802,0.66509021,0.15,1.7231036,0.5,0.036949456,13.531999,2.5135566,32.30635,-0.0068770981,-0.22900672,0.017634318,0.13553852,0.76924204,0.14290707
428,1428000.0,5.4844761,1.5349056,3.9495705,-0.25833449,1.023601,1.2086907,0.76726678,-0.61728395,0.5,3.0569972,4.0933923,4.2431339,0.83446553,0.030757546,-0.097196033,-0.12271074,2.9032178,2.7204636,0.66747356,0.15,1.7009805,0.5,0.037081864,13.48368,2.4893457,32.30635,-0.030844354,-0.21413378,-0.006452214,0.1918585,-1.3054929,6.8457348
429,1429000.0,5.4672275,1.5006606,3.9665669,-0.22831184,1.0007636,1.168579,0.76840908,-0.61728395,0.5,3.0006249,4.1507687,4.1673242,0.68378166,0.025096333,0.036010972,-0.16757619,2.8466165,2.6752595,0.66754146,0.15,1.7056613,0.5,0.037085637,13.482309,2.4873855,32.30635,-0.008371236,-0.2486632,0.00047907762,0.22487225,-3.277813,-2.4174117
430,1430000.0,5.4544915,1.5290682,3.9254233,-0.25549804,1.0197082,1.2033718,0.76535216,-0.61728395,0.5,2.6719671,3.8903532,3.9433895,0.18215849,-0.0049777384,-0.089578877,-0.025340835,2.5185714,2.3369144,0.65995973,0.15,1.6656306,0.5,0.036664429,13.637196,2.4822592,32.30635,0.015155208,-0.17567324,-0.0062559416,0.2148431,-4.6137392,-3.4859314
431,1431000.0,5.4569938,1.5371352,3.9198585,-0.25038317,1.0250879,1.2129677,0.7648789,-0.61728395,0.5,2.8761553,4.048768,4.083829,0.49586896,-0.023163906,-0.53408874,-0.086408536,2.7228545,2.5384309,0.65117802,0.15,1.683427,0.5,0.036176557,13.821105,2.5223871,32.30635,-0.01042877,-0.23634336,0.0073038647,0.1849089,-0.65238571,1.2882815
432,1432000.0,5.4502892,1.5622933,3.8879959,-0.25491221,1.0418654,1.2281729,0.78385359,-0.61728395,0.5,2.6282351,3.8388949,3.8891247,0.15668557,-0.024804383,0.21218253,0.041825539,2.4711312,2.2862771,0.63721394,0.15,1.6445139,0.5,0.035400774,14.123985,2.4856623,32.30635,-0.0057314396,-0.17657547,0.026164457,0.12915693,-1.8633121,-0.99510869
433,1433000.0,5.4785183,1.5477289,3.9307894,-0.26792312,1.0321527,1.2127747,0.78203148,-0.61728395,0.5,2.9641387,4.1209295,4.1582658,0.61322064,-0.053473971,-0.045273843,0.071708609,2.8074,2.6264679,0.63263557,0.15,1.6406443,0.5,0.03514642,14.2262,2.4765226,32.30635,-0.011450089,-0.1729857,-0.0073692323,0.15289502,1.7647997,5.9438049
434,1434000.0,5.4375404,1.5362303,3.9013102,-0.24114883,1.0244844,1.1878274,0.79836124,-0.61728395,0.5,2.8112764,4.041538,4.0085732,0.38371815,0.046366504,-0.013065343,-0.029559303,2.6512649,2.4805517,0.63240449,0.15,1.6298428,0.5,0.035133583,14.231398,2.4947814,32.30635,0.012978199,-0.17292172,0.0015301334,0.18958459,1.296609,-5.4423828
435,1435000.0,5.488833,1.5655726,3.9232604,-0.23725357,1.0440523,1.2073086,0.8180646,-0.61728395,0.5,2.7065064,3.9446388,3.9367548,0.23812568,0.064455736,0.1588882,-0.052777855,2.5425458,2.3703576,0.6347405,0.15,1.6605692,0.5,0.035263361,14.179023,2.4636502,32.30635,0.00070257049,-0.17595944,0.026140917,0.14805763,4.7205753,9.4244968
436,1436000.0,5.4715686,1.5553291,3.9162395,-0.24463138,1.0372211,1.2013356,0.81003587,-0.61728395,0.5,2.5489434,3.8285802,3.8627143,-0.044464298,-0.030174797,0.068578268,0.12104792,2.386592,2.2144576,0.63938248,0.15,1.6255915,0.5,0.035521249,14.076082,2.4919485,32.30635,-0.029269969,-0.20473266,0.0010919275,0.26486432,-2.2416491,-6.6014797
437,1437000.0,5.4108685,1.5211968,3.8896717,-0.27436622,1.0144589,1.186617,0.77608212,-0.61728395,0.5,2.8306086,3.9974847,4.0767842,0.417557,0.014582361,-0.048424103,-0.097295048,2.6750624,2.500221,0.64603023,0.15,1.6730185,0.5,0.035890568,13.931237,2.4709287,32.30635,0.0043597355,-0.19618802,0.041443226,0.20325727,2.0957075,2.013052
438,1438000.0,5.4678256,1.5397745,3.928051,-0.26973949,1.026848,1.192675,0.79727599,-0.61728395,0.5,2.8053589,4.008212,4.0279569,0.37990784,0.011013092,-0.11436181,-0.12609287,2.6455649,2.4732845,0.65663449,0.15,1.6879558,0.5,0.036479694,13.706255,2.4946255,32.30635,-0.0199531,-0.21034923,-0.0069482804,0.16832728,-0.10179362,-1.1010571
439,1439000.0,5.4591956,1.5499435,3.909252,-0.2515216,1.0336295,1.2110649,0.78793649,-0.61728395,0.5,3.0553598,4.2329638,4.1915902,0.74152537,-0.041344846,0.13673339,-0.025509301,2.8974376,2.7181651,0.66243559,0.15,1.701737,0.5,0.036801977,13.586227,2.4702582,32.30635,0.01773916,-0.23958233,0.0098029364,0.20459108,-1.1033257,0.36670135
440,1440000.0,5.4621043,1.5377581,3.9243463,-0.26536802,1.0255033,1.1878398,0.80077902,-0.61728395,0.5,2.7837903,3.9702641,4.0436669,0.33744,0.00015889921,0.047674261,-0.12026883,2.6232942,2.4530622,0.65730101,0.15,1.6904364,0.5,0.036516723,13.692357,2.4615911,32.30635,-0.0074403548,-0.1738034,-0.017021188,0.14733909,-0.71949702,4.8014564
441,1441000.0,5.4405786,1.4970138,3.9435648,-0.26620698,0.99833167,1.1602427,0.7741775,-0.61728395,0.5,2.3778138,3.6568911,3.7182981,-0.24174761,0.017662431,0.089516344,-0.011156524,2.2226493,2.0547695,0.65697382,0.15,1.6890905,0.5,0.036498546,13.699176,2.5145534,32.30635,0.0057569683,-0.17557606,0.012620296,0.15910249,-3.3342274,-4.5100654
442,1442000.0,5.4394341,1.5572733,3.8821608,-0.25182437,1.0385176,1.2115938,0.79888396,-0.61728395,0.5,2.7310186,3.9507674,4.016846,0.22544257,0.044630565,-0.038199078,-0.12862772,2.5709023,2.3936767,0.64295746,0.15,1.7212728,0.5,0.035719859,13.997816,2.4847804,32.30635,0.015919812,-0.16594953,0.0035496267,0.16114786,-3.4334887,-1.3177107
443,1443000.0,5.4499687,1.5427874,3.9071812,-0.26914462,1.0288573,1.1957791,0.79776572,-0.61728395,0.5,2.701192,3.9225215,3.90695,0.27410443,-0.013419267,-0.061847994,-0.013717796,2.5412998,2.3682533,0.63749882,0.15,1.7338132,0.5,0.035416601,14.117673,2.4791868,32.30635,0.018970185,-0.21499322,-0.021806768,0.15422359,0.0078832918,-0.70637327
444,1444000.0,5.4858242,1.5696006,3.9162236,-0.25323163,1.0467385,1.1912494,0.84679392,-0.61728395,0.5,2.7056713,3.9521996,3.8895911,0.27522318,-0.00081442546,0.094728322,0.03738726,2.5359527,2.3739939,0.63342965,0.15,1.7183937,0.5,0.035190536,14.208366,2.4732315,32.30635,0.012124422,-0.17405758,-0.029079352,0.13798635,0.63832319,4.233297
445,1445000.0,5.4102464,1.5185209,3.8917256,-0.26344348,1.0126743,1.1789543,0.782462,-0.61728395,0.5,2.5633935,3.865684,3.8746644,-0.050167939,-0.019200738,0.01324358,0.082399807,2.4065685,2.2351393,0.64078853,0.15,1.6620631,0.5,0.035599363,14.045195,2.48342,32.30635,0.00052138022,-0.22912371,-0.0070370851,0.14114313,5.8957078,2.146339
446,1446000.0,5.4353491,1.549321,3.8860281,-0.24676041,1.0332144,1.2080013,0.79120019,-0.61728395,0.5,2.8218301,4.0638276,4.083341,0.31832179,0.033747824,0.10785776,0.016581837,2.6632538,2.4854885,0.64414968,0.15,1.6470432,0.5,0.035786094,13.971908,2.4583669,32.30635,0.0060228352,-0.19238814,-0.0015445415,0.1753621,0.8359539,0.65395679
447,1447000.0,5.4634913,1.5364611,3.9270302,-0.24167672,1.0246384,1.1924525,0.79230404,-0.61728395,0.5,2.788644,4.0580448,3.9428294,0.36505765,0.017443609,0.099337745,-0.042749991,2.6298464,2.4566315,0.64928529,0.15,1.6530753,0.5,0.036071405,13.861395,2.4972628,32.30635,-0.0099910411,-0.2666849,-0.00021400944,0.19931149,-1.9342325,-1.5653199
448,1448000.0,5.418348,1.5202971,3.8980509,-0.2645908,1.0138588,1.1717073,0.79536039,-0.61728395,0.5,2.6880717,3.960851,3.9183702,0.18499398,-0.0012661655,-0.28475698,0.086323523,2.5286616,2.3618353,0.6494146,0.15,1.6371928,0.5,0.036078589,13.858635,2.4982586,32.30635,-0.003957796,-0.19048935,0.013137215,0.22693684,0.93290863,-0.54397983
449,1449000.0,5.4142149,1.5065401,3.9076748,-0.25787373,1.0046845,1.1657668,0.7816867,-0.61728395,0.5,2.6049514,3.7943655,3.8878496,0.13263899,0.01273938,-0.26273812,-0.018702645,2.4482818,2.280369,0.65059865,0.15,1.6319047,0.5,0.03614437,13.833413,2.4892036,32.30635,0.018765741,-0.18838851,-0.01094676,0.18276655,-0.069265795,1.2231888
450,1450000.0,5.4370413,1.5528938,3.8841475,-0.26108302,1.035597,1.1918521,0.81932888,-0.61728395,0.5,2.6417093,3.8892399,3.9023607,0.13352728,0.042923318,0.17701631,-0.082991636,2.4774953,2.309864,0.64933301,0.15,1.67674,0.5,0.036074056,13.860377,2.4796674,32.30635,0.012627008,-0.19276861,0.0052405098,0.20933624,1.1024512,-2.0390192
451,1451000.0,5.3893086,1.4927712,3.8965374,-0.25505157,0.99550234,1.156103,0.77316631,-0.61728395,0.5,2.8390062,4.0492696,4.0973853,0.37036369,0.045023204,0.20059387,0.0097573918,2.6840444,2.5171145,0.65371786,0.15,1.6559646,0.5,0.036317659,13.767407,2.4772862,32.30635,0.0073895377,-0.19212107,0.018758694,0.22642973,0.70967924,2.2554894
452,1452000.0,5.3565234,1.5030438,3.8534796,-0.24102058,1.002353,1.1757084,0.76230359,-0.61728395,0.5,2.8502267,4.1107265,4.0499206,0.39003291,0.026414766,-0.085193371,0.004533053,2.697442,2.5228763,0.64883039,0.15,1.6836609,0.5,0.036046133,13.871114,2.4926826,32.30635,0.00046388108,-0.18796024,0.0055494367,0.14689877,-2.0963909,5.1840272
453,1453000.0,5.3978268,1.5210278,3.876799,-0.26735556,1.0143462,1.1799004,0.78514327,-0.61728395,0.5,2.7373242,3.8961252,3.9947715,0.32107584,-0.011062785,-0.10404784,-0.04289029,2.5799619,2.4088066,0.64681212,0.15,1.6998847,0.5,0.035934007,13.914396,2.5037295,32.30635,-0.0019555449,-0.13448083,-0.0078262317,0.15446214,-1.6982512,-2.6480199
454,1454000.0,5.4141673,1.5147205,3.8994468,-0.24918401,1.0101399,1.1557287,0.80866966,-0.61728395,0.5,3.0778853,4.2113882,4.2297134,0.7925542,0.0014875106,0.031502945,0.015824911,2.9158077,2.7560978,0.64169563,0.15,1.7596257,0.5,0.035649757,14.025341,2.4941751,32.30635,-0.019322715,-0.15516867,-0.0044619623,0.20897094,-2.7185284,7.5276977
455,1455000.0,5.4196623,1.5325725,3.8870898,-0.26508833,1.0220451,1.1646015,0.82479661,-0.61728395,0.5,2.5544318,3.7320858,3.895792,0.035417664,-0.025741926,-0.29183669,0.079637578,2.389122,2.2301739,0.6444446,0.15,1.8275619,0.5,0.035802478,13.965514,2.5130866,32.30635,-0.0082395962,-0.17584623,-0.0022314769,0.18061047,-2.8192946,1.9000203
456,1456000.0,5.4381005,1.519479,3.9186215,-0.25824514,1.0133133,1.1714939,0.79435298,-0.61728395,0.5,2.8665105,4.0053426,4.1046704,0.48951864,0.03459337,-0.13661502,0.11250951,2.7073023,2.5403336,0.65199415,0.15,1.8366706,0.5,0.036221897,13.803805,2.4814458,32.30635,0.0068200127,-0.17908135,-0.015129696,0.2069835,2.3594116,4.0886179
457,1457000.0,5.3729727,1.5227586,3.8502141,-0.2637822,1.0155004,1.1763251,0.79286861,-0.61728395,0.5,2.8516594,4.0386846,4.0484714,0.46782213,0.028582327,0.072156913,0.091294438,2.6927487,2.5241373,0.65292598,0.15,1.7498051,0.5,0.036273665,13.784105,2.4695508,32.30635,0.004556282,-0.20055657,0.0035880805,0.1649199,3.4173658,0.35384724
458,1458000.0,5.4365125,1.5217554,3.9147571,-0.257649,1.0148314,1.1777224,0.78932852,-0.61728395,0.5,2.5645931,3.839409,3.8425911,0.011779274,0.036899544,0.079739131,-0.028377865,2.406392,2.236682,0.65852467,0.15,1.7595111,0.5,0.036584704,13.666914,2.4753339,32.30635,0.024526116,-0.19453758,0.013678919,0.1830232,0.29415588,-2.1573808
459,1459000.0,5.4060923,1.5110961,3.8949963,-0.27259352,1.0077229,1.160188,0.79669817,-0.61728395,0.5,2.7899439,3.9888206,4.0349364,0.34607463,0.07149358,-0.18323449,-2.0017024e-05,2.6302657,2.4669148,0.66298003,0.15,1.7182626,0.5,0.036832224,13.57507,2.4757276,32.30635,-0.020065678,-0.19821728,0.0094843827,0.17061696,-2.5229396,0.88668341
460,1460000.0,5.4323241,1.5609962,3.8713279,-0.26532462,1.0410004,1.2020484,0.81807805,-0.61728395,0.5,2.9805377,4.1131999,4.1778091,0.65060423,0.015576853,-0.37338854,-0.013963664,2.8165745,2.6458535,0.66081549,0.15,1.7622856,0.5,0.036711972,13.619535,2.4922121,32.30635,-0.0073940091,-0.20084671,-0.0097430221,0.15478737,-3.5184131,0.027340741
461,1461000.0,5.4058536,1.5333504,3.8725032,-0.26319155,1.0225639,1.1855912,0.79687782,-0.61728395,0.5,2.9507922,4.1302131,4.1025503,0.61961304,-0.027156476,-0.21575867,-0.035102519,2.7910779,2.6206901,0.65156244,0.15,1.7714735,0.5,0.036197913,13.812951,2.469733,32.30635,-0.021695075,-0.17842679,-0.0140897,0.24985089,-0.16535217,0.8548474
462,1462000.0,5.3954671,1.4896402,3.905827,-0.28028733,0.9934143,1.1618859,0.76014252,-0.61728395,0.5,2.6222857,3.8093825,3.9033454,0.15412903,0.045952052,-0.17664684,0.08217945,2.4699341,2.2987838,0.64643371,0.15,1.7554773,0.5,0.035912984,13.922541,2.4662899,32.30635,0.029575166,-0.21726833,0.030167606,0.20873258,-1.0540022,0.40306829
463,1463000.0,5.4065123,1.5324391,3.8740732,-0.25783152,1.0219562,1.1760069,0.8087397,-0.61728395,0.5,2.357082,3.5961756,3.7545102,-0.27943982,0.029615834,0.017933644,0.070491044,2.1949903,2.0296485,0.6423606,0.15,1.7205927,0.5,0.0356867,14.010822,2.4853308,32.30635,-0.0096047745,-0.13576396,0.0063672704,0.22278284,-2.0977451,-1.7854981
464,1464000.0,5.4433497,1.5103419,3.9330078,-0.24352784,1.00722,1.1631552,0.79137416,-0.61728395,0.5,2.7257659,3.9571825,3.9636745,0.25644071,0.0052073482,-0.12669373,0.013146527,2.5671547,2.4019107,0.64061056,0.15,1.7266584,0.5,0.035589475,14.049097,2.4866565,32.30635,-0.019123971,-0.21386593,0.0063078036,0.15308891,2.8280145,0.071478116
465,1465000.0,5.3992032,1.5241002,3.875103,-0.25374067,1.0163951,1.1749886,0.79686357,-0.61728395,0.5,2.6966163,3.9358707,3.9528529,0.20112534,0.072789027,-0.060034734,-0.0041844515,2.5369049,2.3694663,0.64284601,0.15,1.7311486,0.5,0.035713667,14.000243,2.4946052,32.30635,0.010767586,-0.23263511,0.0041802636,0.17587291,0.91860119,-2.8861514
466,1466000.0,5.438534,1.5242916,3.9142424,-0.25803088,1.0165227,1.1642432,0.81209609,-0.61728395,0.5,2.7737654,3.891298,4.0259819,0.40401616,0.0061329963,0.082283417,-0.010520708,2.611001,2.4496072,0.64941608,0.15,1.6824614,0.5,0.036078671,13.858604,2.4970945,32.30635,-0.0023541396,-0.20984514,0.02201053,0.15484829,-0.14182811,2.680702
467,1467000.0,5.4637893,1.5313267,3.9324626,-0.27037676,1.0212143,1.1832055,0.79696649,-0.61728395,0.5,2.6098853,3.8262376,3.8681426,0.13527554,0.011610051,-0.054058954,0.028444038,2.4501533,2.2804474,0.65475067,0.15,1.6557427,0.5,0.036375037,13.74569,2.488917,32.30635,-0.016860301,-0.19165361,-0.0077466016,0.2136244,-1.7612892,4.9338795
468,1468000.0,5.4380577,1.5222955,3.9157621,-0.26588626,1.0151916,1.1747922,0.79426004,-0.61728395,0.5,2.1978796,3.5595253,3.5791106,-0.54499701,-0.014596134,0.13456982,0.06440921,2.0386901,1.8707843,0.65882527,0.15,1.6296822,0.5,0.036601404,13.660678,2.4883295,32.30635,-0.0089776942,-0.21557553,-0.015202229,0.16917308,-1.3712046,-7.9505385
469,1469000.0,5.3976997,1.5066771,3.8910226,-0.26394586,1.0047759,1.1688895,0.77756706,-0.61728395,0.5,2.5818666,3.8209139,3.8119365,0.11274938,-0.029165116,-0.019994039,0.069326391,2.4260227,2.2564148,0.66086337,0.15,1.6452456,0.5,0.036714632,13.618549,2.4734804,32.30635,-0.001417197,-0.13888173,-0.035702194,0.18487729,1.483733,-4.2688503
470,1470000.0,5.4219084,1.4934707,3.9284377,-0.25424238,0.99596883,1.1503722,0.78224242,-0.61728395,0.5,2.8161771,4.0539331,4.0031743,0.39142395,0.05018921,0.12464744,0.02528673,2.6593962,2.495881,0.65499192,0.15,1.6604917,0.5,0.03638844,13.740628,2.4751784,32.30635,0.0022374273,-0.17720314,0.011983533,0.15580635,-3.0484193,5.1354356
471,1471000.0,5.3944638,1.5193427,3.8751211,-0.26960947,1.0132224,1.1762436,0.78753758,-0.61728395,0.5,2.7993829,4.0325641,3.9847648,0.38081975,-0.055455686,-0.046644693,-0.048955629,2.6415406,2.4718834,0.65222912,0.15,1.6977106,0.5,0.036234951,13.798832,2.4810129,32.30635,-0.0055634656,-0.1807659,-0.018907976,0.1900188,2.2633356,7.57873
472,1472000.0,5.4555569,1.5546096,3.9009473,-0.25389983,1.0367412,1.1784138,0.8407319,-0.61728395,0.5,2.4573832,3.7533841,3.7488271,-0.13006156,0.0051219455,-0.16734909,0.03754835,2.2888795,2.1292796,0.64895269,0.15,1.7115148,0.5,0.036052927,13.868499,2.4886809,32.30635,-0.016827003,-0.132251,0.027812396,0.16846573,2.1900476,-5.4306038
473,1473000.0,5.4419637,1.5266926,3.9152712,-0.24849934,1.0181239,1.1732026,0.80347648,-0.61728395,0.5,2.407146,3.7041628,3.7172426,-0.19996752,0.023219829,-0.20258265,0.023370662,2.2461092,2.0804932,0.64396356,0.15,1.7598205,0.5,0.035775753,13.975946,2.483248,32.30635,-0.012575758,-0.13582714,-0.024042519,0.17260333,-3.9874908,-5.777888
474,1474000.0,5.4079251,1.515755,3.8921701,-0.24739838,1.0108298,1.1694403,0.79127051,-0.61728395,0.5,2.8764428,4.0800722,4.056587,0.49266904,0.013472485,-0.28100542,0.064540412,2.7178524,2.5508376,0.64056256,0.15,1.7266017,0.5,0.035586809,14.05015,2.4970306,32.30635,0.0024876964,-0.20337334,-0.0022871357,0.21958292,1.5076497,10.709315
475,1475000.0,5.4284146,1.5217124,3.9067022,-0.23082556,1.0148027,1.1615266,0.81175908,-0.61728395,0.5,3.0433254,4.1369086,4.2266643,0.7664034,0.031953279,-0.12789254,-0.12765061,2.8806286,2.7199236,0.64464899,0.15,1.6856076,0.5,0.035813833,13.961086,2.5018357,32.30635,0.042918295,-0.2619146,-0.015182028,0.15787863,-0.11541347,2.458286
476,1476000.0,5.4333812,1.5101069,3.9232743,-0.24478231,1.0070632,1.160905,0.79412553,-0.61728395,0.5,2.775323,3.977337,4.04806,0.30057196,0.030126677,-0.22433337,-0.097910725,2.6161603,2.4520942,0.65032922,0.15,1.7034701,0.5,0.036129401,13.839144,2.4830292,32.30635,-0.046653084,-0.1624527,0.0099360356,0.1518314,3.1761466,-5.2193219
477,1477000.0,5.4283275,1.5180245,3.9103029,-0.24122297,1.0123433,1.1603945,0.80745401,-0.61728395,0.5,2.6500628,3.9466921,3.8469923,0.15650387,-0.020103452,0.1256923,-0.082367596,2.4882288,2.3269762,0.65481695,0.15,1.6484594,0.5,0.03637872,13.744299,2.4930293,32.30635,-0.014453962,-0.19488577,-0.015641777,0.1695718,-3.5028823,-1.6388555
478,1478000.0,5.4394031,1.5350122,3.9043909,-0.26485041,1.0236721,1.1763369,0.81238234,-0.61728395,0.5,2.5768653,3.8116729,3.8427677,0.076155386,-0.029699755,-0.33993246,0.13497307,2.4140436,2.2493399,0.66221373,0.15,1.6718478,0.5,0.036789652,13.590778,2.4802753,32.30635,0.027170477,-0.19379828,-0.0019997039,0.22457872,-1.8939735,0.59098534
479,1479000.0,5.4356175,1.5555739,3.8800436,-0.26895365,1.0373844,1.2015752,0.81009324,-0.61728395,0.5,2.94041,4.1330149,4.0983154,0.58989964,-0.059850829,-0.09849004,-0.069768136,2.7780471,2.6058575,0.66000726,0.15,1.6489059,0.5,0.03666707,13.636214,2.4810437,32.30635,-0.034899674,-0.17855956,0.0054448895,0.15644668,1.2323982,7.1868789
480,1480000.0,5.442906,1.5536724,3.8892336,-0.26286809,1.0361163,1.1992141,0.81034258,-0.61728395,0.5,2.7251958,3.9230614,3.9612141,0.29131189,0.041976754,-0.1115416,-0.086311813,2.5627829,2.3913008,0.65573977,0.15,1.6271537,0.5,0.036429987,13.724957,2.4678485,32.30635,-0.030453921,-0.20846694,0.0047730054,0.19023026,-0.067037406,3.7709526
481,1481000.0,5.4523382,1.5126294,3.9397088,-0.25777857,1.0087454,1.1509146,0.81202441,-0.61728395,0.5,2.4791443,3.7500109,3.8000225,-0.11260039,0.030157768,-0.29736326,-0.0038093366,2.3163944,2.1586972,0.65462816,0.15,1.6725534,0.5,0.036368231,13.748263,2.4826608,32.30635,0.019175517,-0.17589009,0.0034858255,0.16942988,2.0409783,-2.6283981
482,1482000.0,5.3710821,1.5278221,3.84326,-0.26247951,1.0188772,1.1835972,0.79083664,-0.61728395,0.5,2.7559928,3.9302704,3.9749849,0.36272308,-0.035746615,-0.018692906,0.056538427,2.5974894,2.4264459,0.65251665,0.15,1.7068598,0.5,0.036250925,13.792751,2.4818574,32.30635,-0.0089750377,-0.19940815,0.0093901736,0.20287394,0.39445718,-3.1150362
483,1483000.0,5.417378,1.5565685,3.8608095,-0.26667811,1.0380476,1.2013685,0.81196566,-0.61728395,0.5,2.8367796,3.9950372,4.0702016,0.44509995,0.011494027,-0.093729724,0.081969706,2.6740414,2.5022847,0.65078512,0.15,1.7002456,0.5,0.036154729,13.82945,2.4682756,32.30635,0.0011853723,-0.20139199,-0.0012780913,0.19142288,1.0615765,1.9956831
484,1484000.0,5.413165,1.517725,3.89544,-0.24841733,1.0121436,1.1788431,0.78134802,-0.61728395,0.5,2.7314079,3.9686294,3.9658515,0.25974274,-0.012096331,0.16330221,-0.047621853,2.5748062,2.4031847,0.6504635,0.15,1.6914057,0.5,0.036136861,13.836287,2.5060037,32.30635,0.017967516,-0.14811393,-0.008130883,0.1338273,-4.1541291,-1.0170089
485,1485000.0,5.4176828,1.5331182,3.8845646,-0.2469112,1.022409,1.1826992,0.80052524,-0.61728395,0.5,2.6889295,3.9384461,3.9300993,0.19824302,0.020510988,-0.090235985,-0.045896942,2.5284842,2.3596326,0.64871568,0.15,1.6900143,0.5,0.03603976,13.873566,2.4764248,32.30635,-0.009358172,-0.15172391,0.009156103,0.19938589,0.55752772,-0.79713333
486,1486000.0,5.4229338,1.5266044,3.8963294,-0.2544463,1.0180651,1.1760421,0.79939138,-0.61728395,0.5,2.6390002,3.8568448,3.8971999,0.16295589,0.089032436,-0.072499814,-0.074199851,2.4787822,2.3115569,0.64729446,0.15,1.7658732,0.5,0.035960803,13.904028,2.4924179,32.30635,-0.023687061,-0.19302837,-0.021833346,0.22517438,2.3041609,4.7388107
487,1487000.0,5.4411847,1.5175523,3.9236324,-0.24262224,1.0120284,1.179425,0.78026446,-0.61728395,0.5,2.5961657,3.8359968,3.9265002,0.026000133,0.00097226531,0.019209888,0.046241124,2.4397812,2.2677805,0.64621982,0.15,1.7166395,0.5,0.035901101,13.927149,2.4820226,32.30635,0.0041433008,-0.18649842,0.011035619,0.25063511,-2.366036,2.5740715
488,1488000.0,5.4620654,1.5474927,3.9145727,-0.25507365,1.0319951,1.1894331,0.81408083,-0.61728395,0.5,2.7318149,3.9797682,3.9655647,0.25011194,-0.0045683977,0.10753452,-0.0087070736,2.5686528,2.4006432,0.64994175,0.15,1.6946728,0.5,0.036107875,13.847395,2.4934532,32.30635,-0.0070849393,-0.19837402,-0.0027200528,0.14366017,-4.0911046,-1.3187965
489,1489000.0,5.4625686,1.5292664,3.9333022,-0.23562289,1.0198404,1.169907,0.81215697,-0.61728395,0.5,2.8705716,4.0667376,4.0818174,0.46315978,0.014587486,-0.071315574,0.10079423,2.7077951,2.5448365,0.65144527,0.15,1.6991076,0.5,0.036191404,13.815435,2.4846895,32.30635,0.0018906481,-0.1926826,0.021944143,0.18220123,-6.0193385,-2.1842197
490,1490000.0,5.459973,1.5574716,3.9025014,-0.22847911,1.0386499,1.2026408,0.81163761,-0.61728395,0.5,2.9310674,4.1737305,4.1499232,0.46954854,-0.0012583851,0.076585014,-0.031450344,2.7683949,2.5962183,0.65047225,0.15,1.7102321,0.5,0.036137347,13.836101,2.4868167,32.30635,-0.0018152839,-0.17830628,0.012480634,0.14967808,-0.71603975,-0.65952283
491,1491000.0,5.4403088,1.5361607,3.9041481,-0.24161357,1.024438,1.1917429,0.79281093,-0.61728395,0.5,2.8914756,4.0562714,4.1210336,0.49712179,-0.047288478,0.085694018,-0.013935729,2.7325765,2.5596607,0.64924467,0.15,1.6732893,0.5,0.036069148,13.862262,2.4679184,32.30635,0.0057466439,-0.18382083,0.021061013,0.24801183,1.1925999,-0.72338786
492,1492000.0,5.420747,1.5228963,3.8978507,-0.25303074,1.0155922,1.1792116,0.78907827,-0.61728395,0.5,2.547229,3.8648768,3.8038497,-0.027039403,0.051324666,0.067856741,0.091211655,2.389078,2.2189032,0.65009685,0.15,1.6752036,0.5,0.036116492,13.844091,2.4842957,32.30635,0.020194327,-0.1786652,-0.0049480061,0.19199941,3.4303754,-4.5643296
493,1493000.0,5.4509498,1.5440527,3.9068971,-0.25569874,1.0297011,1.1910638,0.80633281,-0.61728395,0.5,2.6469122,3.9984725,3.8720097,0.070254459,-0.083236511,-0.0011675643,0.066988355,2.485303,2.3152864,0.650032,0.15,1.6765896,0.5,0.036112889,13.845472,2.4962197,32.30635,-0.0021251462,-0.16905396,-0.0089029487,0.13437829,2.7783903,5.2402908
494,1494000.0,5.4527346,1.5387767,3.9139579,-0.25663842,1.0261826,1.1955702,0.79166364,-0.61728395,0.5,2.896738,4.1363765,4.0811951,0.47264253,-0.0077579069,-0.25811064,-0.0190485,2.7380688,2.5638575,0.64722844,0.15,1.6687144,0.5,0.035957136,13.905446,2.4784432,32.30635,0.0054575554,-0.23045658,0.008904785,0.25200149,2.0119384,-1.1865853
495,1495000.0,5.4596962,1.5325052,3.927191,-0.23688735,1.0220002,1.1743744,0.81111282,-0.61728395,0.5,2.4334631,3.7903665,3.7043992,-0.19437631,0.016341514,0.0080536941,0.043057876,2.2708959,2.1064841,0.64314018,0.15,1.712974,0.5,0.03573001,13.993839,2.5017184,32.30635,0.00044074076,-0.15407176,0.018073387,0.21767922,-1.4968901,-6.9067451
496,1496000.0,5.4914631,1.5684275,3.9230356,-0.26285169,1.0459562,1.2139467,0.81339325,-0.61728395,0.5,2.4008034,3.7615368,3.7117211,-0.27084759,-0.0053305368,-0.135871,0.010156499,2.2377791,2.0628064,0.6364091,0.15,1.6504689,0.5,0.035356061,14.141847,2.4793886,32.30635,0.0032402217,-0.14940385,0.019567781,0.14843497,1.7840569,1.0233178
497,1497000.0,5.4652367,1.5366595,3.9285771,-0.25291136,1.0247707,1.1614739,0.83565536,-0.61728395,0.5,2.7636654,4.0429022,3.9280764,0.32001744,-0.015554254,-0.23416281,0.073708916,2.5961791,2.4402782,0.63516017,0.15,1.6659901,0.5,0.035286676,14.169654,2.4962685,32.30635,-0.0057684111,-0.17068566,-0.01667209,0.16505576,4.102556,0.38157918
498,1498000.0,5.4166071,1.5357352,3.8808719,-0.26406939,1.0241543,1.1894423,0.79532878,-0.61728395,0.5,2.7232704,3.9154324,3.9436851,0.31069363,0.019582731,0.0016845833,-0.010178487,2.5638666,2.3920961,0.63705805,0.15,1.6786453,0.5,0.035392114,14.127441,2.4886108,32.30635,0.0026350459,-0.19455574,0.023879327,0.19984439,-0.14455273,-2.7099169
499,1499000.0,5.4615266,1.55217,3.9093566,-0.25044866,1.0351144,1.2008373,0.80569317,-0.61728395,0.5,2.5848584,3.8439798,3.9048732,0.0057222268,-0.022554811,-0.23361343,0.0053947522,2.4233774,2.2505114,0.64645261,0.15,1.6935536,0.5,0.035914034,13.922134,2.4817609,32.30635,0.0070727769,-0.1813129,-0.0054816735,0.184771,0.021243849,4.4322829
500,1500000.0,5.4870555,1.5380306,3.9490249,-0.25734951,1.025685,1.1758688,0.81784342,-0.61728395,0.5,2.8517477,4.0405823,4.0851052,0.42955543,-0.0041465206,0.28030424,0.11134649,2.6878314,2.5243526,0.64958745,0.15,1.7128118,0.5,0.036088192,13.854947,2.4936453,32.30635,-0.024084066,-0.2418163,-0.019444202,0.14452362,-2.825704,6.6580437
501,1501000.0,5.4838015,1.5620668,3.9217348,-0.25246423,1.0417143,1.2148601,0.8019865,-0.61728395,0.5,3.0272554,4.1394771,4.1828968,0.75939232,-0.039846789,0.15771625,-0.031384083,2.8665173,2.6890041,0.65009688,0.15,1.6986391,0.5,0.036116493,13.84409,2.4917489,32.30635,-0.013561471,-0.1950705,0.0032829686,0.20923872,-0.49107867,0.5151169
502,1502000.0,5.4633875,1.5810397,3.8823478,-0.26545895,1.054367,1.2230724,0.82081755,-0.61728395,0.5,2.741249,3.9919995,3.9928983,0.23884935,0.05962396,-0.086773321,-0.13090285,2.5767367,2.4007111,0.64884562,0.15,1.7040797,0.5,0.036046979,13.870788,2.4874655,32.30635,-0.018949469,-0.25136923,-0.0016695041,0.16168226,2.5143367,-0.31162743
503,1503000.0,5.5150966,1.5517313,3.9633653,-0.25219852,1.0348218,1.2040573,0.80052081,-0.61728395,0.5,2.6754456,3.9076073,3.8839469,0.23478271,0.025725984,-0.32157427,-0.011126834,2.5150012,2.3402021,0.65165846,0.15,1.6954289,0.5,0.036203248,13.810916,2.4939383,32.30635,0.04654186,-0.20924638,0.012452703,0.18902664,3.079194,0.022214736
504,1504000.0,5.4846859,1.5609712,3.9237146,-0.25681099,1.0409837,1.1944859,0.82854403,-0.61728395,0.5,2.5890591,3.8707495,3.8567629,0.039664961,0.019983074,0.037983607,0.0080060167,2.4229982,2.2564805,0.64955033,0.15,1.7014399,0.5,0.03608613,13.855739,2.4830814,32.30635,0.031507846,-0.1373682,-0.022065151,0.16019761,-3.6601117,-0.70292126
505,1505000.0,5.4664601,1.5147245,3.9517357,-0.25324073,1.0101426,1.1784632,0.7770934,-0.61728395,0.5,2.8420247,4.0012481,4.098242,0.42658399,0.019651198,-0.1525243,0.11186681,2.6862758,2.5139073,0.64662946,0.15,1.6780906,0.5,0.035923859,13.918327,2.5045928,32.30635,-0.0056189185,-0.19021788,-0.011857316,0.1608807,-0.11360881,1.3508146
506,1506000.0,5.4608549,1.5531213,3.9077335,-0.2488738,1.0357488,1.2000226,0.80834108,-0.61728395,0.5,2.88285,4.1071118,4.1241625,0.41727561,-0.015842074,0.26451843,0.015712104,2.7208382,2.5487298,0.64983706,0.15,1.6922242,0.5,0.036102059,13.849626,2.4783933,32.30635,0.0032206603,-0.21019808,0.0077335702,0.19676721,-3.5305811,2.5638812
507,1507000.0,5.4556939,1.5536691,3.9020248,-0.26746284,1.0361141,1.1907168,0.82214181,-0.61728395,0.5,2.604042,3.8812778,3.820269,0.11057931,-0.040213738,0.10723704,-0.006025224,2.4392643,2.2725129,0.6471902,0.15,1.6627474,0.5,0.035955011,13.906267,2.4797325,32.30635,0.039473534,-0.17598293,0.0070848722,0.15242298,-4.6696449,-0.3763083
508,1508000.0,5.4398969,1.5326778,3.9072191,-0.25264659,1.0221153,1.1867846,0.79414786,-0.61728395,0.5,2.9123389,4.1118958,4.0804279,0.54469308,-0.0036953804,0.13839374,0.034362483,2.7531718,2.5819046,0.63987042,0.15,1.632823,0.5,0.035548357,14.065348,2.4661886,32.30635,-0.0056076625,-0.17155409,-0.0062395262,0.14951149,-4.7760502,1.3139184
509,1509000.0,5.4550307,1.557581,3.8974496,-0.26501521,1.0387229,1.2003541,0.81498862,-0.61728395,0.5,2.8303895,4.0568297,3.981097,0.45324194,-0.011754718,0.16532614,-0.025895944,2.6670454,2.4961771,0.63761098,0.15,1.6468519,0.5,0.035422832,14.11519,2.4994494,32.30635,-0.050641346,-0.23643328,0.00016896081,0.22050822,2.1315742,-2.7015669
510,1510000.0,5.4102092,1.5308477,3.8793614,-0.25355817,1.0208949,1.1878897,0.78969588,-0.61728395,0.5,2.8830911,4.0316901,4.1650631,0.45252019,0.019224691,-0.082588061,-0.089816933,2.7248163,2.5523491,0.63511165,0.15,1.6727633,0.5,0.035283981,14.170737,2.5004357,32.30635,0.025064989,-0.19892955,0.021846064,0.21695169,-2.9663247,7.0848446
511,1511000.0,5.4372398,1.5333358,3.903904,-0.25732526,1.0225542,1.1955718,0.78298955,-0.61728395,0.5,2.6443113,3.871372,3.927149,0.13441306,-0.0056284311,-0.12817023,-0.21121292,2.4873806,2.3114304,0.63447671,0.15,1.7498457,0.5,0.035248706,14.184918,2.4740903,32.30635,0.010950859,-0.15900301,0.020328345,0.17720242,-3.397072,1.410208
512,1512000.0,5.4305182,1.5256667,3.9048515,-0.23228475,1.0174398,1.1653365,0.8127689,-0.61728395,0.5,2.8699779,4.105595,4.0609341,0.44340464,0.011783969,-0.22274246,-0.019318014,2.7070787,2.5455153,0.64436065,0.15,1.7395753,0.5,0.035797814,13.967333,2.4897905,32.30635,-0.013829388,-0.25371604,-0.0084972679,0.19310696,0.91075089,-1.1988856
513,1513000.0,5.4195809,1.4884869,3.931094,-0.26149649,0.99264523,1.1565345,0.76573855,-0.61728395,0.5,2.5550383,3.8164293,3.8092396,0.039445978,-0.0042496529,-0.1464983,0.11181919,2.4015652,2.2330264,0.65516453,0.15,1.7212896,0.5,0.036398029,13.737007,2.5039266,32.30635,-0.019061128,-0.15240229,0.0057163773,0.18193774,2.3512564,6.5565819
514,1514000.0,5.4778093,1.5593416,3.9184677,-0.25695859,1.039897,1.2012465,0.81655499,-0.61728395,0.5,2.4482195,3.775809,3.7870348,-0.21818523,0.025798427,-0.12973297,-0.078203425,2.2845615,2.1137586,0.66204066,0.15,1.6977518,0.5,0.036780037,13.594331,2.4824123,32.30635,0.049782787,-0.15463233,-0.0052967978,0.18394498,3.7571871,0.048583697
515,1515000.0,5.4843495,1.5626518,3.9216977,-0.25955175,1.0421045,1.1845278,0.8450563,-0.61728395,0.5,2.7213067,3.9143766,3.9851323,0.26441125,-0.003391498,0.091486716,-0.0041940886,2.5519363,2.3915007,0.66370174,0.15,1.6677664,0.5,0.036872319,13.560308,2.4838092,32.30635,0.022349314,-0.20211768,0.025672282,0.19822661,-1.11602,0.39632515
516,1516000.0,5.4467811,1.5685543,3.8782268,-0.25739925,1.0460408,1.2374799,0.78090324,-0.61728395,0.5,2.8524308,4.0778515,4.0963946,0.38304644,-0.079774714,-0.008319936,0.079610167,2.6959183,2.5078815,0.66686748,0.15,1.6878952,0.5,0.037048193,13.495935,2.4969125,32.30635,0.022821302,-0.18554559,-0.0011818962,0.22630421,0.057848096,-0.40917829
517,1517000.0,5.4320443,1.5099801,3.9220642,-0.26387217,1.0069787,1.1723232,0.77806144,-0.61728395,0.5,2.7834647,3.9596741,4.0295549,0.36116518,0.027771772,0.0074898471,0.031480936,2.6275218,2.4570569,0.6566155,0.15,1.6697746,0.5,0.036478639,13.706652,2.4671905,32.30635,-0.032740673,-0.16859169,0.0059195226,0.18009225,-1.4529761,-0.98319739
518,1518000.0,5.4608125,1.5525852,3.9082273,-0.27615556,1.0353912,1.1988716,0.80908552,-0.61728395,0.5,2.5702906,3.7680691,3.9096865,0.033116261,0.0029732283,-0.057531457,0.02421402,2.4081297,2.2364909,0.64650483,0.15,1.6853131,0.5,0.035916935,13.92101,2.4847969,32.30635,-0.025619658,-0.15455617,-0.0057943889,0.13769704,-5.085857,-0.22345501
519,1519000.0,5.4536548,1.5606849,3.8929699,-0.24811204,1.0407928,1.2255705,0.78490516,-0.61728395,0.5,2.8783929,4.1060191,4.0966031,0.43255653,-0.024450814,-0.20438369,0.073265019,2.7210783,2.5371595,0.6355721,0.15,1.6973224,0.5,0.035309561,14.16047,2.4751116,32.30635,0.0023782547,-0.21613628,0.0089012834,0.15076533,-0.12889857,-2.6684365
520,1520000.0,5.4723192,1.571008,3.9013112,-0.27442324,1.0476771,1.2241691,0.80330531,-0.61728395,0.5,2.8485352,4.0003835,4.0378087,0.50741346,-0.015145944,-0.23494298,0.061652023,2.6875328,2.507692,0.63168862,0.15,1.7052096,0.5,0.035093812,14.247526,2.4729398,32.30635,-0.0062895693,-0.16853904,-0.03025988,0.18404259,2.0181392,2.1551438
521,1521000.0,5.490285,1.5615841,3.9287009,-0.24537455,1.0413924,1.221727,0.79167779,-0.61728395,0.5,2.8246216,3.9944084,4.0009365,0.47851996,-0.036079079,-0.095280663,-0.03881704,2.6659496,2.4844583,0.63329532,0.15,1.7198874,0.5,0.035183074,14.211379,2.5037122,32.30635,0.011146405,-0.23097895,0.036931876,0.19362763,3.4270699,-0.32035662
522,1522000.0,5.4618349,1.55873,3.9031049,-0.23995077,1.0394891,1.1938236,0.82589194,-0.61728395,0.5,2.5782876,3.8872824,3.896481,-0.048900678,0.025597521,-0.25182588,-0.04176026,2.4127582,2.2458934,0.6376291,0.15,1.6643199,0.5,0.035423839,14.114789,2.5097336,32.30635,0.0096270802,-0.13845719,0.0029535243,0.18642687,-1.1691178,-1.428145
523,1523000.0,5.4460607,1.5645321,3.8815286,-0.25390592,1.0433584,1.2132433,0.8081619,-0.61728395,0.5,2.9276731,4.1433096,4.1067699,0.53293976,-0.039407649,0.15287542,-0.11052861,2.7656972,2.5898719,0.64334288,0.15,1.6481833,0.5,0.035741271,13.98943,2.4956279,32.30635,-0.0312552,-0.18611891,-0.0090388619,0.14462329,0.094958101,2.2285909
524,1524000.0,5.4156892,1.5496499,3.8660393,-0.27729337,1.0334337,1.1996985,0.80325845,-0.61728395,0.5,2.7325884,4.0246036,3.9443331,0.22882868,0.071274563,0.0088210014,0.008798554,2.5715954,2.3985585,0.65164968,0.15,1.7050085,0.5,0.03620276,13.811102,2.4865701,32.30635,0.012796875,-0.19583658,-0.012517321,0.16083053,0.85229341,0.51253999
525,1525000.0,5.4582171,1.5199329,3.9382843,-0.25194526,1.013616,1.1864232,0.77433675,-0.61728395,0.5,2.6782192,3.9098236,3.9288634,0.19597044,0.021606613,0.19149562,-0.098835596,2.5230227,2.3478854,0.65204847,0.15,1.7076798,0.5,0.036224915,13.802655,2.5003226,32.30635,0.0040057894,-0.22965155,0.0011834123,0.16825664,-3.605132,4.6315337
526,1526000.0,5.4541946,1.5097798,3.9444148,-0.2529633,1.0068451,1.161633,0.79259285,-0.61728395,0.5,2.9289352,4.0642489,4.0831889,0.63936785,0.062841452,0.042317021,-0.089025056,2.7700798,2.6055038,0.6564514,0.15,1.726999,0.5,0.036469522,13.710078,2.5012611,32.30635,-0.019906159,-0.19462772,0.0061258646,0.26985709,-3.7941748,-1.809013
527,1527000.0,5.4746471,1.5294887,3.9451584,-0.23597826,1.0199886,1.1770639,0.80256883,-0.61728395,0.5,2.6084151,3.8782803,3.8954545,0.051510403,-0.0086757266,-0.22382591,-0.098778037,2.4475602,2.2806872,0.64880087,0.15,1.7373048,0.5,0.036044493,13.871745,2.4818596,32.30635,-0.015929037,-0.19762324,0.0098559071,0.17404315,-0.94930472,-11.006795
528,1528000.0,5.4151864,1.5474673,3.8677191,-0.26303051,1.0319782,1.2204743,0.77091839,-0.61728395,0.5,3.1091155,4.3036302,4.2130325,0.8106837,-0.002042642,0.0021550944,0.078154867,2.9546042,2.769301,0.64660658,0.15,1.7610645,0.5,0.035922588,13.918819,2.4649283,32.30635,0.011127912,-0.20051142,-0.02863028,0.23994045,-0.052466573,8.8702385
529,1529000.0,5.41089,1.5036375,3.9072525,-0.2648873,1.0027489,1.1848256,0.75058409,-0.61728395,0.5,2.5492092,3.8348634,3.8297876,-0.017023505,-0.0033720001,-0.13797372,0.078550953,2.3987734,2.2193203,0.64359194,0.15,1.7830728,0.5,0.035755108,13.984016,2.488659,32.30635,0.0061125807,-0.21548369,0.015034839,0.20038281,0.26060324,-0.85460203
530,1530000.0,5.4207262,1.5033994,3.9173268,-0.2568726,1.0025901,1.1681344,0.77339206,-0.61728395,0.5,2.5734899,3.9087588,3.7086312,0.1030798,0.0049631669,0.082017363,-0.23500106,2.4184828,2.2482483,0.64104241,0.15,1.7650224,0.5,0.035613467,14.039633,2.4899691,32.30635,0.0075321879,-0.18008482,0.013679536,0.21725877,-2.581239,-4.5850609
531,1531000.0,5.4497154,1.5410441,3.9086713,-0.24442511,1.0276947,1.1783034,0.81926432,-0.61728395,0.5,2.6112323,3.9208561,3.7781098,0.13473084,-0.017597752,0.14426316,0.025998609,2.4470312,2.2831593,0.64944449,0.15,1.7187316,0.5,0.036080249,13.857997,2.4971811,32.30635,-0.0031511176,-0.22668257,0.013537375,0.18737085,0.094557077,-6.6065422
532,1532000.0,5.4453695,1.5252576,3.9201119,-0.26849149,1.0171669,1.1698287,0.80587638,-0.61728395,0.5,2.7616677,3.9356571,4.0104504,0.3388956,-0.014644395,-0.12787788,0.01438595,2.60015,2.4359544,0.65367145,0.15,1.7016486,0.5,0.036315081,13.768385,2.4768393,32.30635,0.0034710401,-0.19120403,0.0036623263,0.16785503,1.9376265,5.2922302
533,1533000.0,5.4275514,1.532438,3.8951134,-0.24160967,1.0219554,1.1757791,0.80905437,-0.61728395,0.5,2.7791453,4.0125534,4.0533288,0.27155361,-0.03153705,-0.00075147317,0.13790222,2.6169906,2.4517752,0.65848986,0.15,1.655802,0.5,0.03658277,13.667636,2.5026232,32.30635,-0.02870589,-0.20959118,-0.0056086638,0.14814797,2.2269681,-0.74899814
534,1534000.0,5.4590986,1.53589,3.9232086,-0.2647278,1.0242575,1.1642414,0.83058425,-0.61728395,0.5,2.7743291,3.975486,3.9901504,0.35735097,0.014923863,0.21760049,0.016015503,2.6078593,2.4501714,0.66126609,0.15,1.6596482,0.5,0.036737005,13.610255,2.4740021,32.30635,-0.014352693,-0.19995713,-0.013704627,0.16763263,-4.5906853,4.7481658
535,1535000.0,5.4037823,1.5352347,3.8685476,-0.25721285,1.0238205,1.1898421,0.7939756,-0.61728395,0.5,2.4283212,3.8234272,3.6870754,-0.22553896,-0.030452681,-0.18394768,-0.043702821,2.2691886,2.0970355,0.65689046,0.15,1.704351,0.5,0.036493915,13.700914,2.4851722,32.30635,0.0023968047,-0.17841522,-0.031370721,0.16359007,-0.14445599,-1.4918605
536,1536000.0,5.4506961,1.5577022,3.8929939,-0.26193546,1.0388037,1.2067421,0.80630752,-0.61728395,0.5,2.7660892,3.9471237,4.0044314,0.34671257,0.02923564,0.11750748,-0.033510235,2.604485,2.4300981,0.65173009,0.15,1.6920514,0.5,0.036207227,13.809398,2.4718152,32.30635,-0.0029781694,-0.17921476,0.025076227,0.22529188,-3.9001197,3.3386447
537,1537000.0,5.4417164,1.5522044,3.889512,-0.23583474,1.0351373,1.1792744,0.8357029,-0.61728395,0.5,2.7491638,4.001435,3.9978556,0.24820079,-0.018756228,0.061033043,-0.011478663,2.5816681,2.4208205,0.64787025,0.15,1.6692255,0.5,0.035992791,13.891671,2.4822581,32.30635,0.023740879,-0.26302985,0.0042628562,0.16071407,0.13811198,3.1470877
538,1538000.0,5.4355063,1.4994304,3.936076,-0.25664018,0.99994322,1.1512502,0.79052137,-0.61728395,0.5,2.5934413,3.8185332,3.8563418,0.10544894,-0.04106351,-0.027277348,0.026294783,2.435001,2.2729007,0.64435491,0.15,1.6452968,0.5,0.035797495,13.967458,2.5353813,32.30635,0.0079434766,-0.1907162,0.0028286912,0.13356092,0.59234251,0.045895152
539,1539000.0,5.4032181,1.5173573,3.8858607,-0.26688633,1.0118984,1.1791251,0.78037025,-0.61728395,0.5,2.6152652,3.8443736,3.9187855,0.082636501,0.062838409,-0.090924382,-0.056668392,2.4588595,2.2869635,0.6425741,0.15,1.6527058,0.5,0.035698561,14.006167,2.4995061,32.30635,-0.0073788717,-0.19770446,0.022655819,0.21083018,3.9211148,-3.953454
540,1540000.0,5.4013748,1.5240974,3.8772774,-0.25294388,1.0163932,1.1767494,0.79441294,-0.61728395,0.5,2.7856103,4.0275459,4.0288362,0.30044879,-0.024827549,0.16796293,-0.051733329,2.6263901,2.45797,0.64181018,0.15,1.6618952,0.5,0.035656121,14.022838,2.4723568,32.30635,-0.0057246732,-0.17270334,0.020575274,0.15275407,-2.1313977,5.2341133
541,1541000.0,5.4402855,1.5308471,3.9094384,-0.27405048,1.0208945,1.1784768,0.8027711,-0.61728395,0.5,2.7440231,3.951315,3.9654426,0.31531179,-0.015549203,0.039407091,0.048063041,2.5831277,2.4159019,0.64139734,0.15,1.6490857,0.5,0.035633186,14.031864,2.4693517,32.30635,-0.001739641,-0.1844013,0.0020431413,0.12750046,-10.952512,1.8344839
542,1542000.0,5.4053061,1.5400037,3.8653023,-0.27998111,1.0270009,1.194698,0.79483091,-0.61728395,0.5,2.7239884,3.920451,3.9519123,0.29960188,0.0054623172,-0.32132971,-0.055411715,2.5646844,2.3913507,0.64375491,0.15,1.7363112,0.5,0.035764162,13.980476,2.4680865,32.30635,-0.0023698707,-0.17445674,-0.0055069009,0.17907651,-2.0114421,2.2379069
543,1543000.0,5.4116027,1.5227647,3.888838,-0.24986261,1.0155045,1.1750035,0.79471436,-0.61728395,0.5,2.9993438,4.1819345,4.2110137,0.60508324,-0.019579254,-0.046164521,0.0054400495,2.8400632,2.6721897,0.64561423,0.15,1.7291918,0.5,0.035867457,13.940213,2.4869787,32.30635,-0.032701021,-0.1842406,-0.0066622931,0.16371492,2.6531272,3.9370748
544,1544000.0,5.4536961,1.538421,3.915275,-0.25595804,1.0259454,1.1732069,0.82216352,-0.61728395,0.5,2.8227725,3.9463243,4.0841388,0.43785444,0.0080157577,0.24781478,-0.12772759,2.6579904,2.4961186,0.65028067,0.15,1.7696564,0.5,0.036126704,13.840178,2.4869304,32.30635,0.026344149,-0.16167585,0.0062970056,0.21456735,-0.93708269,-0.96418939
545,1545000.0,5.4288199,1.5254077,3.9034122,-0.26301946,1.017267,1.1849307,0.78513595,-0.61728395,0.5,2.9809345,4.1610981,4.124879,0.65682652,0.046699107,0.23358606,-0.025603161,2.8235737,2.6510164,0.6583049,0.15,1.7017019,0.5,0.036572494,13.671477,2.4874918,32.30635,-0.0095692281,-0.16923968,-0.0074798414,0.21281393,-1.4434893,0.47891023
546,1546000.0,5.4568608,1.5485329,3.9083278,-0.24553296,1.0326888,1.1925515,0.8114068,-0.61728395,0.5,2.6685798,3.9241415,3.9514194,0.13017835,0.036657018,-0.15628625,0.053375478,2.5059536,2.3365397,0.66000538,0.15,1.7145108,0.5,0.036666966,13.636252,2.4900984,32.30635,-0.010760415,-0.16243968,0.0038844114,0.14690752,3.1994382,0.94388417
547,1547000.0,5.4635936,1.5644643,3.8991293,-0.26323881,1.0433132,1.2096626,0.81302803,-0.61728395,0.5,2.4627044,3.7252382,3.7657751,-0.10290016,-0.032978124,-0.29854894,-0.056856087,2.2997532,2.1259001,0.65518582,0.15,1.712088,0.5,0.036399212,13.736561,2.4921321,32.30635,-0.0042298747,-0.23264528,-0.0026412404,0.20498543,2.8437555,-2.1772801
548,1548000.0,5.5020403,1.5583463,3.943694,-0.24143971,1.0392332,1.1906275,0.82972036,-0.61728395,0.5,2.9843259,4.1283119,4.2098668,0.61479891,-0.0068657249,-0.14012204,-0.12107805,2.8180292,2.6528216,0.6537045,0.15,1.7356954,0.5,0.036316916,13.767689,2.4941356,32.30635,0.034189321,-0.2468391,-0.0091701175,0.17235568,-2.2553303,7.9372933
549,1549000.0,5.4275166,1.5629482,3.8645685,-0.27913642,1.0423021,1.2017039,0.82166766,-0.61728395,0.5,3.0865229,4.1785885,4.2457622,0.83521783,0.022273932,-0.28784629,-0.089452168,2.9218401,2.7519346,0.64941626,0.15,1.6715967,0.5,0.036078681,13.8586,2.4690791,32.30635,-0.028449298,-0.14970168,-0.00013598968,0.22425825,5.9777572,4.793846
550,1550000.0,5.4292649,1.5287216,3.9005433,-0.26558039,1.019477,1.1836397,0.79221112,-0.61728395,0.5,2.8241211,4.0189485,4.0123672,0.44104773,-0.030964529,-0.16082492,0.058043318,2.6653422,2.4945624,0.65212591,0.15,1.6895718,0.5,0.036229217,13.801016,2.4822803,32.30635,0.02189129,-0.18199351,-0.0013765618,0.17793029,1.550317,2.7328472
551,1551000.0,5.4334454,1.5209617,3.9124838,-0.26539834,1.0143021,1.1766222,0.78959198,-0.61728395,0.5,2.5455596,3.8573658,3.8307518,-0.051438591,0.044632132,0.25896305,0.12322917,2.3873057,2.2179548,0.65606942,0.15,1.6901155,0.5,0.036448301,13.71806,2.4745133,32.30635,-0.010838118,-0.13734416,-0.01909231,0.16451868,-3.3783296,-4.3207351
552,1552000.0,5.4495391,1.5272459,3.9222932,-0.25975638,1.0184929,1.1749807,0.80188829,-0.61728395,0.5,2.812069,3.9660708,4.0106255,0.45951081,-0.00017591149,-0.115596,-0.048055333,2.6513506,2.4849212,0.65347363,0.15,1.7044592,0.5,0.036304091,13.772553,2.4928185,32.30635,-0.0065201286,-0.2106613,-0.006987803,0.24762493,3.699061,3.2235178
553,1553000.0,5.3958456,1.4965747,3.8992709,-0.23783384,0.99803884,1.1746101,0.75351858,-0.61728395,0.5,3.0287343,4.1541876,4.2107177,0.72129746,-0.014348961,-0.093212766,-0.015520243,2.8777103,2.7016896,0.65209204,0.15,1.7437286,0.5,0.036227336,13.801733,2.4827117,32.30635,-0.012651902,-0.22525775,0.012049131,0.22527904,2.7598587,1.8582857
554,1554000.0,5.44743,1.5470333,3.9003967,-0.24478633,1.0316887,1.180913,0.82518467,-0.61728395,0.5,2.7126537,3.9192354,3.9734859,0.24523971,-0.020452697,-0.37981829,-0.035937838,2.547266,2.3838542,0.65274379,0.15,1.7499759,0.5,0.036263544,13.787952,2.4766295,32.30635,-0.0053982224,-0.20765851,-0.018278052,0.14618567,1.5140535,-3.4694325
555,1555000.0,5.4333701,1.5208868,3.9124833,-0.26057502,1.0142521,1.1808872,0.78354761,-0.61728395,0.5,2.7251238,3.9653427,3.9511695,0.25885919,-0.036959823,-0.065415269,0.044850445,2.5680813,2.3963315,0.64823847,0.15,1.7535555,0.5,0.036013248,13.88378,2.4641346,32.30635,-0.019783617,-0.2357905,0.014978476,0.21942894,-1.7872356,3.5058329
556,1556000.0,5.407117,1.5237686,3.8833483,-0.27549747,1.016174,1.1699251,0.80336931,-0.61728395,0.5,2.9459406,4.1082281,4.1595718,0.57002183,0.011025381,-0.11332766,0.024464574,2.7849253,2.6202004,0.64781343,0.15,1.7669453,0.5,0.035989635,13.892889,2.4749151,32.30635,0.041773441,-0.1721543,0.010207601,0.14582725,-5.594788,1.7013201
557,1557000.0,5.4043169,1.5260258,3.8782912,-0.26395393,1.0176792,1.1713475,0.80499076,-0.61728395,0.5,2.8148496,4.0108819,4.0290836,0.40458329,-0.01855842,-0.096372833,-0.011428378,2.6535094,2.4887134,0.64567993,0.15,1.7266797,0.5,0.035871107,13.938795,2.5158432,32.30635,0.0055723886,-0.13107217,-0.011740475,0.14627296,3.0236019,-1.5633898
558,1558000.0,5.4116584,1.513141,3.8985174,-0.24905244,1.0090866,1.176072,0.77789156,-0.61728395,0.5,2.9256779,4.0910453,4.126933,0.55905557,0.046331134,-0.07193854,-0.030542437,2.769769,2.5982263,0.64041133,0.15,1.7224281,0.5,0.035578407,14.053468,2.4768979,32.30635,0.015106594,-0.15661786,0.019389769,0.16665617,6.6242917,0.75986712
559,1559000.0,5.4476625,1.5127708,3.9348918,-0.26408383,1.0088397,1.1666892,0.79033589,-0.61728395,0.5,2.6934893,3.8720035,3.9127732,0.29569103,-0.037486676,0.0084089182,0.065418872,2.5350862,2.36865,0.64301168,0.15,1.7125321,0.5,0.035722871,13.996635,2.4864272,32.30635,-0.016964137,-0.14207709,-0.017187709,0.21016091,1.9297007,5.9023502
560,1560000.0,5.4461261,1.5192151,3.9269109,-0.25549462,1.0131373,1.1683502,0.79829965,-0.61728395,0.5,2.7547142,3.9351821,3.9842008,0.34475973,-0.016101489,-0.11623828,-0.059462219,2.594715,2.4294125,0.64357847,0.15,1.7136109,0.5,0.035754359,13.984309,2.4840348,32.30635,0.030029893,-0.20615574,0.0074084733,0.23285551,-3.6387824,0.32211001
561,1561000.0,5.42814,1.5110515,3.9170885,-0.27842088,1.0076931,1.1644028,0.79077184,-0.61728395,0.5,2.6060603,3.8628506,3.8661122,0.089218242,0.043112336,0.13247714,-0.029622872,2.4475699,2.2818577,0.64559632,0.15,1.6617945,0.5,0.035866462,13.9406,2.4716067,32.30635,0.020506627,-0.18586641,0.020479055,0.15880692,-4.472831,9.6438791
562,1562000.0,5.4651571,1.5381456,3.9270114,-0.22911034,1.0257617,1.165078,0.83301717,-0.61728395,0.5,2.6725537,3.893106,3.9833178,0.14123741,-0.038432895,0.0079451183,-0.034672858,2.5055963,2.3481631,0.64349816,0.15,1.6599337,0.5,0.035749898,13.986054,2.4795913,32.30635,-0.0081194379,-0.1769327,0.018030538,0.19733731,-5.0213715,3.8045228
563,1563000.0,5.4401446,1.5209854,3.9191592,-0.25337195,1.0143179,1.1670245,0.80296283,-0.61728395,0.5,2.7542172,3.9214464,3.9806469,0.36055842,0.013626258,0.037981517,-0.17973446,2.5932834,2.4292847,0.64154242,0.15,1.6764425,0.5,0.035641246,14.02869,2.4707229,32.30635,-0.00013424577,-0.23170705,0.010591619,0.25848491,0.30149736,2.302427
564,1564000.0,5.435473,1.5364759,3.8989971,-0.26161086,1.0246482,1.2034452,0.7770566,-0.61728395,0.5,2.5650889,3.8568783,3.8226476,0.01574083,0.033209466,-0.21140507,0.010055065,2.4093474,2.2300158,0.64236211,0.15,1.7306699,0.5,0.035686784,14.010789,2.4924049,32.30635,0.029017924,-0.16597297,0.0025919541,0.15143911,4.0480919,-3.0102214
565,1565000.0,5.4648954,1.5467527,3.9181427,-0.23759518,1.0315016,1.2105398,0.78358036,-0.61728395,0.5,3.0714608,4.1800818,4.271636,0.76266471,-0.061425636,0.19819344,0.0057082612,2.9144117,2.7344124,0.6443212,0.15,1.6910545,0.5,0.035795622,13.968189,2.4815561,32.30635,0.020873674,-0.1588481,-0.0064372465,0.17040087,1.4094612,-2.0449637
566,1566000.0,5.4674594,1.5215585,3.9459009,-0.2393216,1.0147001,1.1899875,0.77197633,-0.61728395,0.5,2.5473667,3.8723236,3.802121,-0.032344511,0.012685477,-0.064932345,0.089112094,2.3926434,2.2160406,0.64766431,0.15,1.6893805,0.5,0.035981351,13.896088,2.4828974,32.30635,0.043459799,-0.22431232,0.0033519186,0.18791451,-3.0023834,-4.4538642
567,1567000.0,5.4621984,1.5149203,3.9472782,-0.24926975,1.0102732,1.1729031,0.78512958,-0.61728395,0.5,2.8708431,4.1121097,4.1244148,0.37600473,-0.013845436,0.030708929,0.0015145427,2.7134835,2.5442737,0.65046582,0.15,1.6787262,0.5,0.03613699,13.836238,2.4759704,32.30635,-0.030126137,-0.18990839,0.020698022,0.19876501,-0.58922163,6.3881738
568,1568000.0,5.4590864,1.5911008,3.8679856,-0.26093986,1.0610766,1.2113443,0.85314561,-0.61728395,0.5,2.6188557,3.9451684,3.8455653,0.06583357,-0.070695991,-0.0030298328,0.088924199,2.447864,2.2815833,0.64780147,0.15,1.7066128,0.5,0.03598897,13.893145,2.494364,32.30635,-0.012515247,-0.20361162,0.0097192738,0.18706795,-0.23014253,-2.2658285
569,1569000.0,5.4798218,1.5606382,3.9191836,-0.272209,1.0407616,1.1989096,0.82186787,-0.61728395,0.5,2.6102813,3.8301562,3.8976447,0.10304311,0.0063606511,0.0057095664,-0.07881292,2.4455585,2.2764711,0.64188036,0.15,1.6884335,0.5,0.03566002,14.021305,2.4850157,32.30635,-0.012366972,-0.17868672,0.014913844,0.16831812,0.56270725,0.56750977
570,1570000.0,5.4649986,1.5516296,3.9133691,-0.26626284,1.0347539,1.2086243,0.79401409,-0.61728395,0.5,2.6740529,3.8679469,3.8777623,0.27644942,0.032707252,-0.28041466,0.019452928,2.5149126,2.3375377,0.64296475,0.15,1.6770101,0.5,0.035720264,13.997657,2.484862,32.30635,0.020381368,-0.17811157,-0.025114298,0.16356413,-0.46433473,-2.3232808
571,1571000.0,5.4424514,1.5210361,3.9214152,-0.25961537,1.0143517,1.1639338,0.80733717,-0.61728395,0.5,2.2544672,3.5619393,3.658486,-0.45702369,0.003779264,-0.09346033,0.084829658,2.0926567,1.9303952,0.64890621,0.15,1.7032093,0.5,0.036050345,13.869493,2.493086,32.30635,0.0039657432,-0.12479729,-0.0012144063,0.17088946,0.55557521,-2.3516818
572,1572000.0,5.4476744,1.5194089,3.9282655,-0.253088,1.0132665,1.1836452,0.77736074,-0.61728395,0.5,2.6552228,3.9168177,3.9309235,0.11792714,-0.017629545,-0.23021827,-0.088129817,2.4994203,2.3256625,0.65253147,0.15,1.6524981,0.5,0.036251748,13.792438,2.4822214,32.30635,0.014507592,-0.23943294,0.018724273,0.16382527,2.7566475,-1.2987702
573,1573000.0,5.4471991,1.5473432,3.8998559,-0.24271796,1.0318954,1.2097256,0.78565244,-0.61728395,0.5,2.7864084,3.9625913,4.0618919,0.33474219,0.019903817,0.038345083,0.10773437,2.6289441,2.4495867,0.65968819,0.15,1.7061022,0.5,0.036649344,13.642809,2.5081791,32.30635,-0.014525168,-0.18844102,0.0066008662,0.24090685,0.015589852,-1.8982213
574,1574000.0,5.4348848,1.5361787,3.8987062,-0.2653928,1.02445,1.1767654,0.81364625,-0.61728395,0.5,2.7439733,3.922617,4.0058942,0.30340863,0.00025509604,-0.27809475,0.0054160389,2.5808982,2.4163286,0.65915803,0.15,1.7383656,0.5,0.036619891,13.653782,2.4985653,32.30635,0.015228616,-0.17636243,-0.022227675,0.21536226,2.2627603,-0.7468464
575,1575000.0,5.5058591,1.556272,3.9495871,-0.26870956,1.0378499,1.1865317,0.8321041,-0.61728395,0.5,2.492405,3.7092858,3.7993245,-0.031395307,0.050090606,-0.029951514,0.0096683947,2.3256305,2.1620411,0.65539112,0.15,1.7657507,0.5,0.036410618,13.732258,2.4786963,32.30635,-0.018207388,-0.16704883,0.0049402162,0.19172399,1.2739605,-4.6529851
576,1576000.0,5.4933265,1.5361637,3.9571628,-0.24524894,1.02444,1.1886574,0.79710202,-0.61728395,0.5,2.5396873,3.8884584,3.7831689,-0.052565366,0.027563416,0.16473537,0.09437866,2.3799281,2.2087315,0.65786915,0.15,1.7774387,0.5,0.036548286,13.680532,2.4644618,32.30635,0.0039896745,-0.19236638,0.0085928277,0.20138146,-1.3953763,3.1678197
577,1577000.0,5.4713456,1.5637194,3.9076262,-0.257764,1.0428164,1.2049635,0.81836866,-0.61728395,0.5,2.7378859,3.931898,3.9972537,0.28450588,0.057718863,0.038322596,0.021846653,2.5738643,2.40239,0.65225215,0.15,1.765153,0.5,0.036236231,13.798345,2.4900193,32.30635,0.01426707,-0.19817395,-0.0079046467,0.22478806,-1.0085838,6.2660942
578,1578000.0,5.4995325,1.5386285,3.9609039,-0.25931183,1.0260838,1.1898477,0.79937704,-0.61728395,0.5,2.6817046,3.9005067,3.9482867,0.19632039,0.0047038043,-0.047288317,0.05895497,2.5214895,2.3504174,0.64575162,0.15,1.7323103,0.5,0.03587509,13.937247,2.5062073,32.30635,-0.0028811072,-0.16382147,0.014057033,0.13178814,-1.2387105,-6.2828979
579,1579000.0,5.4695934,1.5709689,3.8986245,-0.25293271,1.047651,1.2200705,0.8089367,-0.61728395,0.5,2.8956596,4.1601556,4.0630982,0.46372504,0.0056746018,-0.072115333,0.1194109,2.7335285,2.5559575,0.65135634,0.15,1.6576406,0.5,0.036186464,13.817321,2.503802,32.30635,-0.0026044669,-0.11044939,0.02657195,0.24113474,1.5468669,3.8721877
580,1580000.0,5.4521064,1.5611781,3.8909284,-0.25814144,1.0411217,1.2108217,0.80618011,-0.61728395,0.5,2.5576471,3.794619,3.868214,0.010108201,-0.045874248,-0.059371311,-0.030522354,2.3960684,2.2205201,0.65094999,0.15,1.667257,0.5,0.036163888,13.825947,2.4808194,32.30635,-0.035888474,-0.2498825,0.018253787,0.25573621,-0.24636752,-7.4393419
581,1581000.0,5.4730444,1.5818137,3.8912307,-0.27400987,1.0548832,1.2488011,0.78630919,-0.61728395,0.5,2.5213686,3.8103076,3.7827485,-0.02895037,-0.0039926997,-0.28853581,-0.10427063,2.3637726,2.1736671,0.65023056,0.15,1.6625287,0.5,0.03612392,13.841244,2.4756129,32.30635,-0.0041574728,-0.17811733,0.025398209,0.14202497,3.6319334,-5.3621271
582,1582000.0,5.4853191,1.5597985,3.9255206,-0.2602367,1.0402016,1.2058353,0.8109084,-0.61728395,0.5,2.8096395,4.0896086,4.0422529,0.29705686,-0.013477249,-0.29697577,0.1905104,2.6471131,2.4739009,0.65005257,0.15,1.6469025,0.5,0.036114032,13.845034,2.4557677,32.30635,0.0085183882,-0.10734388,0.0023401195,0.18508268,2.9396707,6.0119544
583,1583000.0,5.4753304,1.5550352,3.9202952,-0.25398007,1.0370251,1.206102,0.80294612,-0.61728395,0.5,2.7009842,3.9773771,3.9754615,0.15011412,0.015461943,0.078716691,-0.025467882,2.5400538,2.3651714,0.65148601,0.15,1.6395341,0.5,0.036193667,13.814571,2.4754323,32.30635,0.0069502311,-0.15906725,-0.0081922081,0.16834651,-0.69527439,3.1918483
584,1584000.0,5.4581661,1.5271583,3.9310078,-0.23761524,1.0184345,1.1818449,0.79221296,-0.61728395,0.5,2.8962036,4.0652595,4.1499079,0.47344341,0.053070774,0.30995031,0.0049901115,2.7374244,2.5671446,0.65338203,0.15,1.635603,0.5,0.036299002,13.774484,2.5010242,32.30635,0.015041035,-0.17228185,0.013541318,0.1645956,-3.3002896,-5.4771349
585,1585000.0,5.4741238,1.5354227,3.9387011,-0.2448747,1.0239459,1.2019816,0.77741125,-0.61728395,0.5,2.5527424,3.8448438,3.8307196,-0.017336254,0.0034902878,-0.094897888,-0.15207915,2.3969297,2.2180768,0.64248995,0.15,1.6033176,0.5,0.035693886,14.008001,2.4767366,32.30635,-0.00044571045,-0.17525364,-0.004136831,0.19938926,2.0937855,-2.2290532
586,1586000.0,5.4616248,1.5335245,3.9281003,-0.24795559,1.02268,1.192003,0.78824792,-0.61728395,0.5,2.5847639,3.8633479,3.9202251,-0.029281437,-0.026762406,-0.31164695,-0.016779025,2.4267793,2.2528766,0.64149531,0.15,1.5659213,0.5,0.035638628,14.029721,2.4772099,32.30635,-0.0057186766,-0.13990261,-0.00091761215,0.21408026,-0.20782617,7.5374895
587,1587000.0,5.4735833,1.5550518,3.9185315,-0.2570677,1.0370362,1.2009283,0.81015987,-0.61728395,0.5,2.6260904,3.8861284,3.845801,0.14634179,-0.077205624,-0.098251717,-0.12886351,2.4637141,2.2917181,0.63835262,0.15,1.5628145,0.5,0.035464034,14.098791,2.483036,32.30635,0.0029843063,-0.17263095,-0.025642232,0.17532163,-0.15192231,5.203211
588,1588000.0,5.4995382,1.5679556,3.9315826,-0.25476301,1.0456415,1.2190316,0.80557733,-0.61728395,0.5,3.1220243,4.2962444,4.2425795,0.82724912,-0.030171383,-0.11837572,-0.107087,2.9605665,2.7826115,0.63625182,0.15,1.5313128,0.5,0.035347324,14.145343,2.475755,32.30635,-0.0078382888,-0.1793815,0.067373575,0.23176854,2.9249377,2.25732
589,1589000.0,5.4870213,1.5666791,3.9203422,-0.26374084,1.0447902,1.2106356,0.81520627,-0.61728395,0.5,2.8857642,4.048944,4.1136106,0.49473811,0.020893416,0.0026107034,0.036050401,2.7223765,2.5486891,0.63765712,0.15,1.5398224,0.5,0.035425396,14.114168,2.4757238,32.30635,-0.015451519,-0.19165204,-0.0072565223,0.14679211,5.5931039,0.80394896
590,1590000.0,5.4396636,1.5319087,3.9077548,-0.26658811,1.0216025,1.1762904,0.8075006,-0.61728395,0.5,2.4031264,3.7943787,3.6918982,-0.27689777,0.040344772,-0.027180864,0.03068118,2.2412831,2.0756139,0.64059838,0.15,1.5268126,0.5,0.035588799,14.049364,2.4797051,32.30635,0.015452366,-0.19493203,0.030272249,0.26144735,1.7249631,1.3263178
591,1591000.0,5.4370031,1.5366416,3.9003615,-0.26238904,1.0247587,1.1968692,0.78645599,-0.61728395,0.5,2.3350177,3.671578,3.687186,-0.35371094,0.011400009,0.10805335,0.03328285,2.1773922,2.0017755,0.64252612,0.15,1.5961218,0.5,0.035695895,14.007213,2.4806643,32.30635,0.025410063,-0.205289,-0.0066637519,0.21485856,-3.9585295,-3.5208143
592,1592000.0,5.4326991,1.5300624,3.9026366,-0.2634127,1.0203712,1.1915046,0.78342238,-0.61728395,0.5,2.6226025,3.929771,3.8575516,0.080484942,-0.063154558,-0.20732359,-0.077700657,2.4655851,2.290854,0.64470161,0.15,1.6493418,0.5,0.035816756,13.959946,2.4813614,32.30635,-0.032018948,-0.15742461,0.026599514,0.22467235,-2.7734592,-4.5472995
593,1593000.0,5.4246031,1.5342432,3.8903599,-0.2766904,1.0231593,1.1886954,0.79398838,-0.61728395,0.5,2.6203859,3.8569841,3.8998088,0.10436486,-0.022434991,-0.021154996,0.050541275,2.4612508,2.2894195,0.64866371,0.15,1.638487,0.5,0.036036873,13.874678,2.4982011,32.30635,0.01488455,-0.15227853,0.016327683,0.17398705,-2.13051,-0.06390374
594,1594000.0,5.4389075,1.5300982,3.9088093,-0.24533807,1.020395,1.1759958,0.80502402,-0.61728395,0.5,2.5293137,3.8596886,3.8594352,-0.13118266,-0.009662158,0.22249534,0.099975997,2.3679668,2.2018833,0.64811731,0.15,1.6917434,0.5,0.036006517,13.886375,2.4735636,32.30635,0.00029223895,-0.23966035,0.0042095747,0.17154423,2.4768007,-1.0870302
595,1595000.0,5.4457018,1.5238122,3.9218896,-0.22456106,1.016203,1.1911103,0.77400839,-0.61728395,0.5,2.7912487,4.0478016,4.0000909,0.32585369,0.0068616038,0.2020004,-0.017426459,2.6361181,2.45961,0.65170707,0.15,1.7275264,0.5,0.036205948,13.809886,2.4676779,32.30635,-0.023336776,-0.15286311,-0.017305102,0.18785013,-0.13942248,2.3287584
596,1596000.0,5.4620571,1.5330981,3.928959,-0.25166073,1.0223956,1.1748927,0.81133772,-0.61728395,0.5,2.5499412,3.8284588,3.8153353,0.0060294772,0.063322618,0.086413546,-0.045050179,2.3873288,2.2228179,0.65009367,0.15,1.7143399,0.5,0.036116315,13.844159,2.509651,32.30635,-0.012989265,-0.14289138,-0.016008786,0.21780553,-3.5593337,-1.0987492
597,1597000.0,5.426728,1.5480351,3.8786928,-0.27156701,1.0323569,1.1992751,0.80127302,-0.61728395,0.5,2.5436388,3.8976808,3.8071296,-0.073893869,0.026920049,-0.25960011,-0.095859506,2.3830437,2.2097268,0.64867315,0.15,1.7149277,0.5,0.036037397,13.874476,2.4818709,32.30635,0.022105772,-0.17747881,-0.0020888622,0.16470589,2.2338514,-8.9380573
598,1598000.0,5.4366988,1.5399409,3.8967578,-0.25579539,1.026959,1.1941259,0.79552562,-0.61728395,0.5,2.9679314,4.1361321,4.1496667,0.61799525,-0.00016370702,-0.2121433,0.10679137,2.8084881,2.635453,0.64891626,0.15,1.718454,0.5,0.036050903,13.869278,2.4977293,32.30635,-0.01352058,-0.22314186,0.029917548,0.22761825,4.106954,8.7654586
599,1599000.0,5.4760271,1.5399989,3.9360282,-0.2421716,1.0269977,1.1865569,0.80613276,-0.61728395,0.5,2.6608639,3.8748495,3.8527979,0.25494423,0.00060582845,0.2422786,0.12153724,2.4992947,2.3304929,0.64895981,0.15,1.6743168,0.5,0.036053323,13.868347,2.4873434,32.30635,-0.011048654,-0.20486956,-0.0043687607,0.12867936,0.22745314,-4.4392866
600,1600000.0,5.4444857,1.5255834,3.9189023,-0.25016049,1.0173842,1.1643508,0.81400542,-0.61728395,0.5,3.1507032,4.2442284,4.3551347,0.8527464,0.016248899,0.28954283,-0.078257219,2.9875561,2.826515,0.6501115,0.15,1.6714611,0.5,0.036117305,13.843779,2.4906097,32.30635,-0.023281984,-0.19331129,-0.0092994479,0.18026051,-1.1168224,2.7113354
601,1601000.0,5.4400143,1.5333597,3.9066546,-0.26274155,1.0225701,1.2041491,0.77111215,-0.61728395,0.5,2.6959399,3.9681722,3.9580639,0.1615836,-0.0095099659,-0.13857767,0.100343,2.5413898,2.3606708,0.64894273,0.15,1.6951823,0.5,0.036052374,13.868712,2.4838106,32.30635,0.0012103261,-0.19304008,-0.0072335424,0.14672775,2.3995062,-0.26603664
602,1602000.0,5.4345786,1.5298636,3.904715,-0.25563325,1.0202386,1.2045768,0.76494582,-0.61728395,0.5,2.637739,3.8448974,3.9270823,0.14123735,-0.035577667,0.096591444,0.025278562,2.4844247,2.3023508,0.65036628,0.15,1.6757652,0.5,0.03613146,13.838356,2.5047678,32.30635,-0.017895702,-0.20458723,0.0046810367,0.21399149,-2.2976985,-5.8405108
603,1603000.0,5.452792,1.5377278,3.9150641,-0.23794256,1.0254831,1.2022308,0.78073903,-0.61728395,0.5,2.7227265,4.0424081,3.9168651,0.20890641,-0.055318547,-0.3767912,0.044292528,2.5662469,2.3879915,0.64473384,0.15,1.6637745,0.5,0.035818547,13.959249,2.4794418,32.30635,-0.03254197,-0.21784244,0.0011117903,0.20645795,0.25787278,-2.0632517
604,1604000.0,5.4951801,1.5671506,3.9280295,-0.24900638,1.0451047,1.1924537,0.84121598,-0.61728395,0.5,2.5151371,3.7504338,3.8339214,-0.038944015,-0.058936434,-0.040442933,-0.13403859,2.3465364,2.1831243,0.64405204,0.15,1.6778364,0.5,0.035780669,13.974026,2.4802789,32.30635,-0.0020936826,-0.131662,-0.0011400484,0.15022587,-0.03643526,-3.8467456
605,1605000.0,5.4503524,1.5239078,3.9264446,-0.26359484,1.0162668,1.1766064,0.79430956,-0.61728395,0.5,2.5060524,3.7378034,3.7925495,-0.012195615,-0.03709716,0.065178293,0.031675709,2.3468529,2.178452,0.64180104,0.15,1.6844706,0.5,0.035655613,14.023037,2.484415,32.30635,0.019811078,-0.16473542,-0.0068593727,0.16300284,-0.4130041,3.110153
606,1606000.0,5.4477468,1.5395728,3.9081741,-0.25406896,1.0267135,1.1698348,0.82868367,-0.61728395,0.5,2.8557477,3.9626653,4.1134024,0.49117545,0.0019386692,0.26205051,0.11720188,2.6896588,2.5300327,0.64719822,0.15,1.6778577,0.5,0.035955457,13.906095,2.5017551,32.30635,0.01486986,-0.19224808,-0.0093297452,0.21392288,-3.328258,5.0589407
607,1607000.0,5.4295354,1.5272854,3.90225,-0.25319492,1.0185193,1.1690704,0.81016172,-0.61728395,0.5,2.8151064,4.0463555,4.0305148,0.36844885,0.086939422,0.079344447,-0.039609656,2.6527297,2.4896042,0.64583494,0.15,1.6939133,0.5,0.035879719,13.935449,2.4823555,32.30635,0.020890142,-0.18343503,0.016513955,0.15331264,-0.3326283,-0.61132023
608,1608000.0,5.4211366,1.5124437,3.9086929,-0.27597666,1.0086216,1.1748387,0.77849348,-0.61728395,0.5,2.5668926,3.7996762,3.8587343,0.042267383,0.029116209,-0.26052489,-0.0072860832,2.4108631,2.2397844,0.65422104,0.15,1.7275661,0.5,0.036345613,13.756818,2.4714853,32.30635,0.0027471725,-0.16682035,-0.016420833,0.14990694,3.6460536,2.2531911
609,1609000.0,5.4224598,1.5234761,3.8989837,-0.26889182,1.0159789,1.1693389,0.80371742,-0.61728395,0.5,2.6612527,3.8277832,3.9391396,0.21683538,-0.014154219,-0.17314554,0.012147566,2.5001677,2.3356758,0.65264969,0.15,1.7615035,0.5,0.036258316,13.78994,2.4701909,32.30635,-0.0016212124,-0.21415493,-0.018379377,0.20470038,0.29562914,2.7491778
610,1610000.0,5.3998997,1.532369,3.8675306,-0.26405159,1.0219094,1.1866589,0.79383036,-0.61728395,0.5,2.5486062,3.8517845,3.7887161,0.0053180893,0.012109872,-0.068638312,0.059095692,2.3895028,2.2182069,0.65490222,0.15,1.7818383,0.5,0.036383457,13.74251,2.5100006,32.30635,-0.0014933318,-0.18722612,0.018339925,0.17357712,-1.3102884,-2.7561648
611,1611000.0,5.4086028,1.5236484,3.8849543,-0.26159628,1.0160938,1.1794172,0.78999138,-0.61728395,0.5,2.7526017,3.8984819,4.0317504,0.32757295,0.012742013,0.022785809,0.10024665,2.5942677,2.4242187,0.65655933,0.15,1.7810889,0.5,0.036475518,13.707824,2.487618,32.30635,0.0001870997,-0.21837639,0.0081187653,0.23464518,-0.35946413,0.48563751
612,1612000.0,5.4404368,1.5516011,3.8888356,-0.27149811,1.034735,1.1941068,0.81413641,-0.61728395,0.5,2.6551821,3.8736278,3.9274547,0.16446384,0.01678602,-0.17810412,-0.017650203,2.4920088,2.3227091,0.65359278,0.15,1.7676764,0.5,0.03631071,13.770042,2.4911584,32.30635,0.027904709,-0.16848732,0.0018565593,0.21045363,3.9250979,5.3889989
613,1613000.0,5.4752013,1.5359297,3.9392717,-0.26672753,1.024284,1.1669711,0.82685543,-0.61728395,0.5,2.6103722,3.8080222,3.8816568,0.14143745,0.043462743,0.026846998,-0.071502419,2.4446497,2.2854544,0.65288991,0.15,1.7775778,0.5,0.036271662,13.784866,2.4983873,32.30635,-0.010731707,-0.15974291,-0.023265414,0.19724819,2.2332592,0.59734033
614,1614000.0,5.4080251,1.5280018,3.8800234,-0.25917673,1.018997,1.1988557,0.76992599,-0.61728395,0.5,2.6569299,3.8807775,3.8774232,0.21258897,-0.033821515,-0.088815063,0.074886462,2.5026175,2.3231346,0.64994062,0.15,1.7871528,0.5,0.036107812,13.847419,2.4807725,32.30635,0.021679371,-0.21160419,0.026621074,0.22859374,1.0514733,3.1527288
615,1615000.0,5.4259717,1.5581618,3.8678098,-0.27231491,1.0391102,1.1947038,0.82376356,-0.61728395,0.5,2.9610267,4.131596,4.1330862,0.61839788,0.036870486,-0.043289845,-0.085769359,2.7959239,2.6283874,0.6446842,0.15,1.7490913,0.5,0.035815789,13.960323,2.4758715,32.30635,-0.006469618,-0.21923399,-0.017510563,0.19840461,0.29496048,3.7843797
616,1616000.0,5.4301513,1.5359473,3.8942039,-0.24093716,1.0242957,1.1792428,0.80983594,-0.61728395,0.5,2.6922322,3.9715342,3.8917964,0.21336595,-0.032972904,-0.055925793,-0.12399897,2.5299208,2.3638977,0.64593272,0.15,1.7283487,0.5,0.035885151,13.93334,2.487435,32.30635,-0.0070972311,-0.13587964,-0.018789905,0.18059632,-4.3104086,-4.4095412
617,1617000.0,5.4237375,1.5280153,3.8957222,-0.25623526,1.019006,1.1820988,0.79322612,-0.61728395,0.5,2.7530801,3.9382667,3.9525693,0.36840434,-0.036082821,-0.26262801,-0.082658057,2.5940978,2.4239505,0.64794373,0.15,1.714713,0.5,0.035996874,13.890095,2.4726565,32.30635,0.00086416868,-0.15534335,0.012737217,0.17877671,-3.3128742,0.52516763
618,1618000.0,5.4288828,1.5269915,3.9018913,-0.25307382,1.0183233,1.1770892,0.79855366,-0.61728395,0.5,2.860996,4.0103022,4.0207845,0.55190127,-0.031314217,-0.016302479,0.029848753,2.7009459,2.5332611,0.64757908,0.15,1.7597468,0.5,0.035976616,13.897917,2.4692709,32.30635,-0.0099165611,-0.17695148,-0.0078491347,0.28617253,-4.1144534,2.6644138
619,1619000.0,5.4183985,1.5378965,3.8805019,-0.25762222,1.0255956,1.1949036,0.79118684,-0.61728395,0.5,2.5241705,3.7677298,3.8495094,-0.044727772,-0.058813535,-0.028177293,0.1125141,2.3655969,2.1914756,0.64933379,0.15,1.7263126,0.5,0.036074099,13.86036,2.47582,32.30635,0.022816182,-0.16364831,-0.0014487425,0.19885466,-1.6971507,-0.12999949
620,1620000.0,5.4491732,1.5487421,3.900431,-0.25449579,1.0328284,1.1899196,0.81539644,-0.61728395,0.5,2.8930802,4.0429046,4.1332995,0.50303656,-0.041907946,-0.33191316,0.0052929892,2.7296544,2.561773,0.65166758,0.15,1.7579256,0.5,0.036203754,13.810722,2.4892991,32.30635,0.01529274,-0.1937703,0.0063203745,0.19696488,2.4688039,2.2801295
621,1621000.0,5.4134029,1.5181196,3.8952833,-0.27916339,1.0124068,1.1704529,0.7936326,-0.61728395,0.5,3.0442884,4.1218782,4.2009889,0.80999809,0.010178869,-0.0380275,-0.0077872344,2.8852246,2.7184013,0.65217112,0.15,1.7050083,0.5,0.036231729,13.800059,2.4775238,32.30635,-0.001801786,-0.16714786,-0.016978862,0.15949699,1.2494267,-0.85384556
622,1622000.0,5.4387424,1.5373337,3.9014088,-0.25601137,1.0252203,1.1655211,0.83110758,-0.61728395,0.5,2.8144672,4.0639558,3.9813845,0.39806141,0.016728433,-0.24808885,-0.085718313,2.6478925,2.4899533,0.65778202,0.15,1.7139168,0.5,0.036543445,13.682344,2.4874478,32.30635,0.0012458691,-0.21021736,-0.0053048682,0.24361827,0.75846349,1.0532619
623,1623000.0,5.4279487,1.5276052,3.9003435,-0.26310048,1.0187325,1.2008118,0.76657663,-0.61728395,0.5,2.6251072,3.820406,3.9642004,0.09071523,-0.017171494,-0.061675938,0.024298929,2.4714661,2.2907673,0.65324255,0.15,1.6888375,0.5,0.036291253,13.777425,2.4758262,32.30635,-0.0098284914,-0.16043469,-0.053316852,0.25201424,-2.7001148,-0.65175528
624,1624000.0,5.4178164,1.514926,3.9028904,-0.25841733,1.010277,1.1738896,0.78376821,-0.61728395,0.5,2.9550606,4.1074709,4.1315631,0.62614774,-0.011960239,0.16343597,0.023830087,2.7979738,2.6282166,0.65393336,0.15,1.6910469,0.5,0.036329631,13.76287,2.4944526,32.30635,0.003795335,-0.14894667,-0.013195141,0.15919067,-5.762909,7.6278658
625,1625000.0,5.4272421,1.534062,3.8931801,-0.26752468,1.0230384,1.2008674,0.77679041,-0.61728395,0.5,2.7065499,3.8582048,3.9909605,0.27048445,0.013921517,0.15022075,0.037399801,2.5508617,2.3721945,0.64134086,0.15,1.6776362,0.5,0.035630048,14.033099,2.4749961,32.30635,-0.011227786,-0.23313804,-0.018568639,0.1210385,-4.4611147,3.8946146
626,1626000.0,5.442388,1.5383514,3.9040366,-0.25874559,1.025899,1.1834536,0.80781799,-0.61728395,0.5,2.8498925,4.0214267,4.0877029,0.44054773,0.0082369261,-0.15558524,-0.11121136,2.6879855,2.5203856,0.63565144,0.15,1.6851502,0.5,0.035313969,14.158703,2.4877086,32.30635,-0.025182447,-0.23029036,-0.016779602,0.2228349,0.794072,-0.1963576
627,1627000.0,5.4257395,1.546605,3.8791344,-0.27671632,1.0314032,1.1851841,0.81856887,-0.61728395,0.5,2.8744714,4.0513095,4.1048849,0.46721977,-0.0050077743,-0.092337588,-0.062257653,2.7104097,2.5444827,0.635177,0.15,1.7331019,0.5,0.035287611,14.169279,2.4858646,32.30635,0.0042792998,-0.17649767,-0.039842921,0.15503249,1.0123344,0.62636155
628,1628000.0,5.4167973,1.4923296,3.9244677,-0.26811511,0.99520784,1.1513522,0.77906222,-0.61728395,0.5,2.7113655,3.8699672,3.9840271,0.28010222,0.013639499,-0.006924207,-0.044856267,2.555222,2.3907965,0.64017256,0.15,1.7518122,0.5,0.035565142,14.058709,2.4916287,32.30635,-0.0084300886,-0.14134323,-0.0015972347,0.16052584,-0.76409578,0.43412717
629,1629000.0,5.4645414,1.5566398,3.9079017,-0.26085486,1.0380951,1.224771,0.77956862,-0.61728395,0.5,2.6686562,3.9451277,3.9274515,0.13338934,0.014175685,-0.17110252,-0.091426078,2.5124111,2.3276453,0.6546694,0.15,1.7178732,0.5,0.036370522,13.747397,2.493643,32.30635,-0.045859853,-0.22552821,-0.0045379206,0.1551812,-0.028218972,0.20911961
630,1630000.0,5.4395904,1.5575095,3.8820809,-0.24792358,1.0386752,1.2231309,0.78323338,-0.61728395,0.5,2.8785228,4.0858496,4.0774491,0.47226965,-0.041725073,-0.015652909,-0.1074322,2.7215432,2.5379686,0.66307894,0.15,1.706235,0.5,0.036837719,13.573045,2.4722584,32.30635,-0.010258306,-0.15443023,0.0093191534,0.21319429,2.2478453,0.12055008
631,1631000.0,5.4380734,1.5259727,3.9121007,-0.26089332,1.0176439,1.1977184,0.76827212,-0.61728395,0.5,2.9956839,4.1491572,4.1570801,0.68081434,-0.034163114,0.11597508,0.036619392,2.841703,2.6622053,0.66755175,0.15,1.7198695,0.5,0.037086208,13.482101,2.4694061,32.30635,-0.037583188,-0.25768157,0.012511721,0.18182721,-0.22529808,1.2105627
632,1632000.0,5.4723409,1.5220026,3.9503383,-0.26716576,1.0149963,1.1681777,0.80298207,-0.61728395,0.5,2.5194053,3.7361148,3.8283615,-0.0062604103,0.041585003,0.14724408,0.072892852,2.3584676,2.1941517,0.66280331,0.15,1.7400514,0.5,0.036822406,13.578689,2.4857019,32.30635,0.00014948588,-0.21615182,0.0035059971,0.16997961,-3.2925854,-1.4592832
633,1633000.0,5.4369193,1.5261521,3.9107673,-0.2634599,1.0177635,1.1875531,0.78267949,-0.61728395,0.5,2.9888902,4.1240248,4.1426373,0.70000866,-0.039921658,-0.31328125,0.006982581,2.8320217,2.6582419,0.65651857,0.15,1.7131836,0.5,0.036473254,13.708675,2.4910097,32.30635,-0.013395013,-0.13990963,0.0054056893,0.20231231,0.48128236,8.3459823
634,1634000.0,5.4693012,1.5618841,3.9074171,-0.24729322,1.0415925,1.2012457,0.82060823,-0.61728395,0.5,3.0862995,4.2033009,4.253697,0.80190076,0.021058613,0.010361419,-0.018299663,2.9218291,2.7518388,0.64299621,0.15,1.7075499,0.5,0.035722011,13.996972,2.465024,32.30635,-0.0095624666,-0.15810147,0.01684789,0.15855936,-1.7913789,4.9022747
635,1635000.0,5.4729377,1.5756144,3.8973233,-0.25622089,1.050749,1.2299258,0.80264977,-0.61728395,0.5,2.8608773,3.9856357,4.10074,0.49625612,-0.034271899,-0.26964169,-0.056309873,2.7000062,2.5184312,0.63704942,0.15,1.6916676,0.5,0.035391635,14.127632,2.4695709,32.30635,0.0046905627,-0.17905391,-0.0096963838,0.22021704,0.65248367,3.431087
636,1636000.0,5.4424622,1.510169,3.9322932,-0.2650421,1.0071046,1.1657998,0.78742468,-0.61728395,0.5,2.5501001,3.8132371,3.8192328,0.017830357,-0.01179859,-0.22949749,0.0037246019,2.3922805,2.2255085,0.63600084,0.15,1.6572808,0.5,0.03533338,14.150925,2.5136924,32.30635,-0.009134757,-0.17422419,0.0074607528,0.17332653,0.072141558,-2.0936903
637,1637000.0,5.4618138,1.561112,3.9007019,-0.24882406,1.0410776,1.214025,0.80162481,-0.61728395,0.5,2.4976151,3.8561288,3.7317251,-0.095008474,-0.085478627,-0.10008373,0.079380791,2.3369495,2.1595963,0.63360878,0.15,1.6781349,0.5,0.035200488,14.204349,2.4959199,32.30635,0.0040337637,-0.28167081,-0.0053361489,0.20427753,1.0853034,1.0144162
638,1638000.0,5.4895336,1.5518094,3.9377242,-0.26198111,1.0348739,1.2021422,0.80330572,-0.61728395,0.5,2.8726563,4.0246911,4.0835565,0.50972117,-0.014932653,-0.024150252,-0.050564786,2.7116537,2.537946,0.63887358,0.15,1.7115895,0.5,0.035492977,14.087294,2.464136,32.30635,-0.005111,-0.20036366,0.0088796015,0.2006679,1.1914556,2.2883876
639,1639000.0,5.4499942,1.5775794,3.8724149,-0.28241174,1.0520594,1.2193987,0.82040583,-0.61728395,0.5,2.8489559,4.055723,3.987934,0.50321063,0.033376472,-0.16166214,-0.02758277,2.684526,2.5094408,0.65395047,0.15,1.7018674,0.5,0.036330582,13.76251,2.4815493,32.30635,-0.018437278,-0.23182387,-0.010532845,0.1455662,-1.0652643,-1.9082704
640,1640000.0,5.4606234,1.5403835,3.9202399,-0.23936926,1.0272541,1.2074688,0.77769513,-0.61728395,0.5,2.8672377,3.9994489,4.0648478,0.53741643,-0.01629491,-0.0045386699,-0.0012404209,2.7113682,2.5310443,0.66659501,0.15,1.6870967,0.5,0.037033056,13.501451,2.5147549,32.30635,0.013092815,-0.21497593,0.014963339,0.20774487,-1.2154739,-6.342074
641,1641000.0,5.4429208,1.5382582,3.9046626,-0.27910481,1.0258368,1.182824,0.80854412,-0.61728395,0.5,2.6300608,3.8911193,3.877228,0.12183527,0.043856224,-0.42717269,0.11351259,2.4680084,2.3007293,0.67122051,0.15,1.6589077,0.5,0.037290028,13.40841,2.480895,32.30635,-0.015065052,-0.22039464,0.0013297352,0.2244801,4.3842003,-2.9181247
642,1642000.0,5.456514,1.5415897,3.9149244,-0.24683079,1.0280585,1.1779218,0.82066393,-0.61728395,0.5,2.6493578,3.9098842,3.8655263,0.17266286,-0.0011364934,-0.076847073,-0.045826684,2.4848762,2.3213911,0.6655365,0.15,1.6746788,0.5,0.03697425,13.522925,2.5064498,32.30635,0.027826956,-0.14355921,0.014885196,0.16673052,-3.2550133,-5.6566269
643,1643000.0,5.4590434,1.5553757,3.9036677,-0.24820047,1.0372522,1.208632,0.79997418,-0.61728395,0.5,2.5749839,3.9042353,3.8391149,-0.018398578,-0.028090567,-0.058399833,0.077881053,2.4146491,2.2384666,0.65390136,0.15,1.7160965,0.5,0.036327854,13.763544,2.5057305,32.30635,-0.00098491439,-0.12862896,-0.0096232167,0.19735014,-1.4705644,-0.15688356
644,1644000.0,5.4747313,1.5462911,3.9284402,-0.24638592,1.0311938,1.1870865,0.81542562,-0.61728395,0.5,2.6682163,3.9144607,3.9615727,0.12861533,-0.024642482,-0.22653976,0.046560243,2.5047846,2.3376979,0.63521537,0.15,1.7342773,0.5,0.035289743,14.168423,2.4638622,32.30635,-0.005944648,-0.13580497,-0.0002538855,0.15719866,2.0583217,6.2806245
645,1645000.0,5.472755,1.5362931,3.9364619,-0.24534278,1.0245263,1.2033414,0.77690948,-0.61728395,0.5,2.6543536,3.8567339,3.9192567,0.18707004,-0.0090227971,0.2780682,0.064027375,2.4986415,2.3193093,0.62824772,0.15,1.7321181,0.5,0.034902651,14.325559,2.4987353,32.30635,-0.022396414,-0.20945126,0.0037208811,0.18331553,1.1012641,-0.80023137
646,1646000.0,5.5085773,1.509077,3.9995002,-0.25247384,1.0063764,1.1752763,0.77251963,-0.61728395,0.5,2.7878948,3.9514514,4.00808,0.40415314,-0.022648919,0.032216893,-0.016662969,2.6330626,2.4606647,0.62285263,0.15,1.7242246,0.5,0.034602924,14.449646,2.4765844,32.30635,-0.0075632251,-0.20463084,-0.022803552,0.18334301,-1.9663286,0.74835624
647,1647000.0,5.4817859,1.5623939,3.9193921,-0.24149807,1.0419325,1.2021953,0.8201016,-0.61728395,0.5,2.5177554,3.8199192,3.7629491,-0.02960213,-0.045351904,0.03555924,0.12344468,2.3533865,2.1830303,0.62462666,0.15,1.6913218,0.5,0.034701481,14.408607,2.463835,32.30635,-0.0032258318,-0.14444953,-0.036890701,0.19079104,1.1459705,1.2589754
648,1648000.0,5.4458817,1.5591903,3.8866914,-0.24421081,1.039796,1.2175996,0.79359622,-0.61728395,0.5,2.7184439,3.9501102,3.9983559,0.2068657,-0.052154061,-0.40105508,0.072930682,2.5593874,2.3794298,0.63433094,0.15,1.6697014,0.5,0.035240608,14.188178,2.4797092,32.30635,0.0080157446,-0.12902613,-0.012499251,0.26976632,3.7714462,2.5002689
649,1649000.0,5.4967789,1.5654098,3.9313691,-0.26713456,1.0439438,1.2162827,0.80533853,-0.61728395,0.5,2.7777743,3.9733723,3.9306054,0.42934517,0.027939766,-0.2442097,-0.02381188,2.6163643,2.4391269,0.6510169,0.15,1.6344922,0.5,0.036167605,13.824526,2.4873426,32.30635,0.0077864828,-0.18788539,-0.0003885319,0.11819249,-2.3806718,-0.32156326
650,1650000.0,5.4615104,1.56053,3.9009803,-0.24399411,1.0406895,1.2108316,0.80513353,-0.61728395,0.5,3.0246207,4.2447371,4.1988314,0.63029381,0.04528759,-0.38067208,0.030069726,2.8632519,2.687491,0.66716101,0.15,1.6499392,0.5,0.037064501,13.489997,2.49378,32.30635,-0.019290441,-0.22229693,0.015475562,0.19439848,3.0696676,0.32618556
651,1651000.0,5.4471635,1.5387384,3.9084251,-0.24994115,1.026157,1.2091062,0.77279835,-0.61728395,0.5,2.7726287,3.9746043,3.9722542,0.37102756,0.020606589,-0.11498702,-0.0091949897,2.6177406,2.4359794,0.67229646,0.15,1.6341008,0.5,0.037349804,13.386951,2.4979755,32.30635,-0.0084630515,-0.1730653,-0.023350096,0.18629554,4.8957679,1.2658083
652,1652000.0,5.4907754,1.5560435,3.9347319,-0.2551273,1.0376975,1.2130769,0.79486366,-0.61728395,0.5,2.8056664,4.0399534,4.0023904,0.3746555,-0.0090692391,-0.084647245,0.012022346,2.6463559,2.4679116,0.66865029,0.15,1.7213396,0.5,0.037147238,13.459951,2.4826159,32.30635,-0.029988225,-0.20447019,-0.0064204129,0.17570505,-1.0063882,1.47081
653,1653000.0,5.4835257,1.5257132,3.9578126,-0.24600591,1.0174707,1.1935895,0.77359419,-0.61728395,0.5,2.8333,4.0568369,4.0310111,0.412052,-0.05042323,-0.0079454821,-0.017606389,2.6782524,2.500971,0.65524037,0.15,1.7063288,0.5,0.036402243,13.735417,2.5080716,32.30635,0.019997248,-0.22037295,-0.025728627,0.23016773,-4.4150496,3.0854596
654,1654000.0,5.4484053,1.5327467,3.9156586,-0.26304164,1.0221613,1.2064792,0.76689824,-0.61728395,0.5,2.7031154,3.872443,3.9318713,0.30503203,-0.038274149,-0.2193699,-0.016676366,2.5494099,2.3671976,0.64648934,0.15,1.7339313,0.5,0.035916074,13.921343,2.4881067,32.30635,0.014445482,-0.20536652,-0.011903669,0.22341843,2.0203669,-0.77420826
655,1655000.0,5.5138637,1.5490187,3.9648449,-0.23003088,1.0330128,1.1883369,0.81803591,-0.61728395,0.5,2.6070757,3.9357582,3.8966473,-0.011178388,0.041116225,-0.1713835,-0.06533098,2.4431208,2.2762091,0.62998121,0.15,1.6658354,0.5,0.034998956,14.28614,2.4867041,32.30635,0.0097425485,-0.14864674,0.0068632544,0.17037697,-0.3957404,-7.2373985
656,1656000.0,5.4416943,1.5267622,3.9149321,-0.24568975,1.0181703,1.1887229,0.78202676,-0.61728395,0.5,2.744309,4.0565831,3.9762393,0.20010452,0.06647151,-0.1936396,0.20504651,2.5875713,2.4133349,0.62902868,0.15,1.6985004,0.5,0.034946038,14.307774,2.509975,32.30635,-0.005413526,-0.1778394,-0.010392811,0.19015352,-1.4200531,0.5432264
657,1657000.0,5.4618153,1.5360509,3.9257644,-0.24615275,1.0243648,1.1846162,0.80253635,-0.61728395,0.5,2.9115789,4.1207301,4.0877118,0.52629481,-0.013719549,-0.18531638,-0.096831431,2.7507306,2.5817483,0.62822141,0.15,1.6785829,0.5,0.034901189,14.326159,2.5011901,32.30635,-0.0051673174,-0.15642397,-0.0075683028,0.14891489,-0.22400442,2.5498336
658,1658000.0,5.4630438,1.5388645,3.9241793,-0.26400619,1.0262412,1.1842006,0.80759811,-0.61728395,0.5,3.0799998,4.2464495,4.1931701,0.80037965,0.028625623,-0.17298698,-0.12804361,2.9181369,2.7502849,0.62986765,0.15,1.675522,0.5,0.034992647,14.288716,2.474468,32.30635,-0.044809829,-0.26591639,0.010203703,0.16797962,4.3405672,7.0995232
659,1659000.0,5.4824636,1.5636145,3.9188491,-0.25015624,1.0427465,1.2079804,0.81401052,-0.61728395,0.5,2.7173733,3.952032,3.9471974,0.2528905,0.017358978,0.12571379,-0.0045874043,2.5542253,2.3810375,0.63823688,0.15,1.6312941,0.5,0.035457604,14.101347,2.4940128,32.30635,0.013960368,-0.17916147,0.017930949,0.18314949,0.27030596,3.3963931
660,1660000.0,5.4573319,1.5263821,3.9309498,-0.25465262,1.0179169,1.1907478,0.77860799,-0.61728395,0.5,2.6078272,3.8680661,3.8744417,0.080973821,-0.016818036,0.0013314177,0.018290862,2.4517747,2.2762894,0.65365684,0.15,1.6321261,0.5,0.036314269,13.768692,2.4915637,32.30635,-0.0037390502,-0.17989177,-0.017020704,0.22042773,0.52704506,-8.9592426
661,1661000.0,5.4745676,1.5703262,3.9042414,-0.27038773,1.0472224,1.2233533,0.80335187,-0.61728395,0.5,2.9732433,4.1201329,4.248112,0.55148506,0.0082560173,0.044823973,0.084655485,2.8122315,2.6326272,0.66142232,0.15,1.6270202,0.5,0.036745684,13.60704,2.4820278,32.30635,-0.037123119,-0.21735647,0.013578752,0.15510963,-1.0062665,0.90382736
662,1662000.0,5.4817021,1.5303363,3.9513658,-0.26050921,1.0205538,1.1872346,0.78979084,-0.61728395,0.5,2.7304421,3.9555694,3.9610698,0.27468707,0.040904616,-0.10223618,-0.072480021,2.5721482,2.3998824,0.66645197,0.15,1.6722266,0.5,0.037025109,13.504349,2.5068212,32.30635,-0.0123497,-0.25633715,0.015851358,0.14382722,0.72317694,-0.34500285
663,1663000.0,5.5303262,1.6007069,3.9296193,-0.25686371,1.0674827,1.2489354,0.81623493,-0.61728395,0.5,2.5906976,3.8499846,3.9133177,0.0087905599,-0.064209871,0.17667978,-0.13548642,2.4271037,2.2429587,0.65888559,0.15,1.6252233,0.5,0.036604755,13.659428,2.493995,32.30635,-0.016346036,-0.19911733,0.026735542,0.18409232,-5.030718,-1.7281571
664,1664000.0,5.5429554,1.5765185,3.9664369,-0.24003809,1.0513519,1.2194055,0.81870558,-0.61728395,0.5,2.5223015,3.844282,3.8062585,-0.083635924,-0.011462739,0.028497047,-0.040817756,2.3582125,2.1827846,0.65373696,0.15,1.657153,0.5,0.03631872,13.767005,2.4874248,32.30635,0.018047617,-0.1925148,0.023114133,0.23802617,-0.81994214,2.3313675
665,1665000.0,5.5101141,1.5787171,3.931397,-0.24512472,1.0528181,1.2104521,0.83464757,-0.61728395,0.5,2.7422428,3.9532538,3.921751,0.35172375,0.049784376,-0.24848131,-0.11273587,2.5749586,2.4052188,0.6430337,0.15,1.6737665,0.5,0.035724094,13.996156,2.4772257,32.30635,0.034349735,-0.14945303,-0.013541357,0.14022402,2.468008,1.721804
666,1666000.0,5.5018985,1.5680904,3.9338082,-0.26629331,1.0457313,1.2351317,0.78342591,-0.61728395,0.5,2.7866557,4.0241267,3.9845021,0.35133811,-0.023839285,-0.30627585,0.034573687,2.6296375,2.4427601,0.63600164,0.15,1.6661661,0.5,0.035333424,14.150907,2.4966899,32.30635,0.013925534,-0.13359193,0.006102898,0.14506862,1.3024226,-2.4726758
667,1667000.0,5.5060402,1.5724469,3.9335933,-0.26882947,1.0486366,1.2240571,0.80575415,-0.61728395,0.5,2.7137542,3.9350289,3.9545551,0.25167869,-0.062207701,-0.046826993,-0.12982441,2.552261,2.3729422,0.63308378,0.15,1.7215044,0.5,0.035171321,14.216128,2.4846094,32.30635,-0.025030344,-0.18826356,-0.004795047,0.17859936,-3.5967067,-4.9169585
668,1668000.0,5.4983461,1.5785947,3.9197514,-0.25413926,1.0527365,1.2521813,0.7764829,-0.61728395,0.5,2.9097502,4.1043992,4.1199974,0.50485387,-0.0056224166,0.096130893,-0.10504971,2.7541236,2.5611076,0.63071434,0.15,1.6859067,0.5,0.035039685,14.269535,2.465326,32.30635,-0.029801451,-0.19887225,-0.0060346126,0.19468228,-2.8382468,-0.599699
669,1669000.0,5.5152673,1.5621562,3.9531112,-0.23996696,1.0417739,1.207087,0.81292722,-0.61728395,0.5,2.6225306,3.9008529,3.8383685,0.12837035,0.028638511,-0.18594316,0.030751851,2.4595996,2.2864435,0.633945,0.15,1.6669159,0.5,0.035219167,14.196815,2.4655331,32.30635,-0.0023567476,-0.1840713,0.010920771,0.1237042,-1.4703758,-0.44485949
670,1670000.0,5.4916426,1.5631974,3.9284451,-0.25131425,1.0424683,1.2292169,0.78384422,-0.61728395,0.5,2.7336373,3.9839513,3.9400542,0.27690629,0.0089889358,0.26083257,-0.12758736,2.5765353,2.3913886,0.64098634,0.15,1.7233413,0.5,0.035610352,14.040861,2.4661994,32.30635,-0.014962248,-0.13690839,0.022368418,0.19574022,0.51503695,4.1095831
671,1671000.0,5.531858,1.5699777,3.9618802,-0.22996484,1.04699,1.244831,0.77295992,-0.61728395,0.5,2.6208176,3.8657558,3.8120216,0.18467554,0.024549618,0.15834064,-0.06496742,2.4658972,2.2742215,0.64614205,0.15,1.7324306,0.5,0.03589678,13.928826,2.4733198,32.30635,0.014187698,-0.1634806,-0.00033539281,0.16827317,4.9139593,-3.0915513
672,1672000.0,5.5388546,1.5609405,3.9779141,-0.25544075,1.0409633,1.2146263,0.80051625,-0.61728395,0.5,2.9207658,4.1356124,4.1086564,0.51802868,0.0079151676,-0.031997649,-0.10268706,2.7603224,2.5825796,0.64753608,0.15,1.7027603,0.5,0.035974227,13.898839,2.4753102,32.30635,-5.6260792e-05,-0.17994091,-0.010858419,0.16179297,0.0037392027,-1.2364519
673,1673000.0,5.5418713,1.6064735,3.9353978,-0.263492,1.0713283,1.2380248,0.84058271,-0.61728395,0.5,2.9247049,4.118669,4.0867464,0.56869943,-0.028497674,-0.4637433,-0.0043617634,2.7562312,2.5800039,0.65015692,0.15,1.7192857,0.5,0.036119829,13.842812,2.479815,32.30635,-0.024578457,-0.18466089,0.026517415,0.19792463,3.8427985,7.5558756
674,1674000.0,5.5113844,1.577126,3.9342584,-0.25763814,1.0517571,1.2131618,0.82834755,-0.61728395,0.5,2.3879348,3.6905747,3.7262906,-0.25306105,0.0082703078,-0.052172541,-0.046031349,2.2219132,2.0501563,0.64790807,0.15,1.7491404,0.5,0.035994893,13.89086,2.5031336,32.30635,0.042010001,-0.16471005,0.0067567364,0.1397755,-3.2602415,-2.8364333
675,1675000.0,5.5154012,1.5758373,3.9395639,-0.25026041,1.0508976,1.2364863,0.79389142,-0.61728395,0.5,2.7208455,3.9386461,4.0236918,0.20019842,0.0018132646,-0.033595001,0.10372414,2.5617298,2.3765728,0.64425443,0.15,1.7642301,0.5,0.035791913,13.969636,2.4899724,32.30635,-0.0067059202,-0.1545719,0.010534815,0.18270321,-3.3443056,-2.6976771
676,1676000.0,5.4858169,1.5512631,3.9345539,-0.25216594,1.0345095,1.2149231,0.78467978,-0.61728395,0.5,2.6620516,3.9362212,3.9297138,0.1202196,0.0156465,-0.0049753272,0.058648186,2.5047821,2.3237827,0.63501308,0.15,1.7300071,0.5,0.035278504,14.172936,2.4883603,32.30635,-0.041318854,-0.24705424,-0.036390404,0.16300584,-0.43672962,-4.3487703
677,1677000.0,5.5062214,1.569682,3.9365394,-0.2361403,1.0467928,1.2513158,0.76347998,-0.61728395,0.5,2.5176107,3.8313793,3.8016932,-0.080240375,0.051143509,0.084513269,0.015526416,2.3645903,2.1692091,0.63173361,0.15,1.7290378,0.5,0.035096312,14.246511,2.4989269,32.30635,-0.032661739,-0.16645441,-0.010136891,0.15399672,0.34020343,-2.4799287
678,1678000.0,5.4899506,1.5671448,3.9228058,-0.25896282,1.0451008,1.2359306,0.78080908,-0.61728395,0.5,2.8546045,4.010269,4.1197871,0.43375729,-0.033423017,-0.22707169,0.04379755,2.6981108,2.5104865,0.6306841,0.15,1.7191051,0.5,0.035038006,14.270219,2.4960557,32.30635,0.016061987,-0.20493839,-0.023473235,0.17707825,-0.16921053,2.7841964
679,1679000.0,5.5000726,1.5788869,3.9211857,-0.24746592,1.0529314,1.2371907,0.79777341,-0.61728395,0.5,2.4822398,3.8117941,3.7647726,-0.12984736,0.023320276,-0.058657128,0.022508477,2.3223461,2.137771,0.63345929,0.15,1.7147351,0.5,0.035192183,14.207701,2.5133905,32.30635,-0.016288705,-0.15356339,0.00071987806,0.1980779,-3.7563494,-6.0356402
680,1680000.0,5.4460959,1.5373063,3.9087897,-0.2664552,1.025202,1.2254552,0.74780406,-0.61728395,0.5,2.4734759,3.7882392,3.743733,-0.11154455,-0.046581187,-0.08551922,-0.0047918296,2.3235973,2.1322746,0.63978133,0.15,1.7194949,0.5,0.035543407,14.067306,2.4945495,32.30635,0.011705655,-0.139962,-0.0061245296,0.16002337,-1.8571504,-3.5820538
681,1681000.0,5.4521568,1.5331886,3.9189682,-0.26767524,1.022456,1.1983523,0.77889235,-0.61728395,0.5,2.5375597,3.7183517,3.8456971,0.048630243,-0.003901601,-0.31544043,-0.017271421,2.3814502,2.2039046,0.64113923,0.15,1.6964562,0.5,0.035618846,14.037513,2.4695918,32.30635,0.0012476922,-0.20664595,0.016142444,0.18058392,2.2391814,-3.9583108
682,1682000.0,5.4344154,1.5263888,3.9080266,-0.26139703,1.0179213,1.2085747,0.75385367,-0.61728395,0.5,2.7763548,4.0256881,4.0245309,0.27884522,-0.0015910333,-0.079314192,0.11331788,2.6252636,2.4398534,0.64840021,0.15,1.7171902,0.5,0.036022234,13.880316,2.4718804,32.30635,0.020642722,-0.14704974,0.028434799,0.18581553,1.1632741,-5.0279794
683,1683000.0,5.4517651,1.5536431,3.898122,-0.26207031,1.0360967,1.2177843,0.78449846,-0.61728395,0.5,3.1034744,4.2996019,4.1564504,0.85437091,-0.036673192,0.014088959,0.10188548,2.9462413,2.7644089,0.65606924,0.15,1.6898034,0.5,0.036448291,13.718064,2.4862339,32.30635,-0.014574195,-0.21325274,-0.0026635593,0.22367632,-0.33952195,4.3695153
684,1684000.0,5.464608,1.5710368,3.8935712,-0.26000806,1.0476963,1.220243,0.80880523,-0.61728395,0.5,2.5496273,3.8889456,3.8313292,-0.071393001,-0.033999204,-0.2279648,-0.06450211,2.3875225,2.2098772,0.65389646,0.15,1.6759746,0.5,0.036327581,13.763647,2.4917812,32.30635,-0.034028738,-0.21817836,-0.019285843,0.16543741,2.0803751,-2.540409
685,1685000.0,5.4482089,1.4989375,3.9492713,-0.25448546,0.99961456,1.1664702,0.76859245,-0.61728395,0.5,2.6002791,3.727988,3.9112071,0.16164206,-0.054215063,-0.048989364,-0.064199442,2.4462339,2.2755008,0.65301146,0.15,1.7186506,0.5,0.036278415,13.7823,2.4661915,32.30635,0.011164165,-0.20331833,0.03340766,0.14956661,1.5721027,6.2517283
686,1686000.0,5.4847005,1.5433859,3.9413147,-0.26508046,1.0292564,1.2014003,0.79091061,-0.61728395,0.5,2.6135271,3.8885638,3.8433733,0.10864424,-0.00097835115,-0.17328593,0.00015191381,2.4550089,2.2790233,0.65019356,0.15,1.7146652,0.5,0.036121865,13.842032,2.4944263,32.30635,-0.0013592403,-0.16135829,-0.031607518,0.17309126,-1.9758758,3.1829292
687,1687000.0,5.5019158,1.5631264,3.9387894,-0.26357046,1.042421,1.1958603,0.83006972,-0.61728395,0.5,2.8450293,4.0484384,3.9957182,0.49093128,0.065357735,0.034045785,0.029804494,2.6786626,2.512068,0.64277098,0.15,1.7251407,0.5,0.035709499,14.001877,2.4670048,32.30635,-0.018564456,-0.17442498,-0.016186386,0.21799556,-0.72195263,0.44569444
688,1688000.0,5.4620354,1.5371443,3.9248911,-0.27072264,1.025094,1.1806962,0.80972461,-0.61728395,0.5,2.5262629,3.7461196,3.866569,-0.033899939,-0.0099043231,0.23950581,-0.045043395,2.3639738,2.1975237,0.63802381,0.15,1.7182328,0.5,0.035445767,14.106057,2.5141615,32.30635,-0.00055586766,-0.19107506,-0.0057101615,0.14051949,0.84473454,-1.8593195
689,1689000.0,5.5055439,1.5655449,3.939999,-0.25786085,1.0440338,1.1979296,0.83104974,-0.61728395,0.5,2.7565967,3.9261575,3.9877844,0.35584832,-0.037272681,-0.10513111,0.080904861,2.5900336,2.4230593,0.6392272,0.15,1.7101884,0.5,0.035512622,14.079501,2.4801405,32.30635,-0.020793981,-0.17371265,0.023914919,0.16940833,2.4049038,2.0055902
690,1690000.0,5.5095647,1.5919989,3.9175658,-0.25618579,1.0616755,1.2284873,0.83076222,-0.61728395,0.5,2.9199883,4.1127738,4.1007466,0.54644458,-0.039307087,-0.14606668,0.094532511,2.7534828,2.5779428,0.64269951,0.15,1.7077081,0.5,0.035705529,14.003434,2.4869792,32.30635,0.0045004157,-0.1838832,-0.020257308,0.1955478,2.4015034,2.3240609
691,1691000.0,5.4737068,1.5664253,3.9072815,-0.2704269,1.044621,1.217831,0.80480608,-0.61728395,0.5,2.818438,4.0245373,3.9928869,0.43788977,-0.0068996907,0.16392165,0.21727532,2.6571347,2.4793595,0.64188125,0.15,1.7153426,0.5,0.03566007,14.021285,2.5092154,32.30635,-0.0078139672,-0.16786248,-0.013893332,0.19432542,0.021582405,-2.9339793
692,1692000.0,5.470595,1.5438235,3.9267715,-0.23588847,1.0295482,1.2000899,0.79342848,-0.61728395,0.5,2.9245484,4.1698057,4.0972763,0.50656317,0.02863962,0.12194523,-0.058027252,2.7655255,2.5904095,0.6383004,0.15,1.7148113,0.5,0.035461133,14.099944,2.4700229,32.30635,0.01197266,-0.12255062,-0.020325474,0.13324637,-0.19791824,4.4455073
693,1693000.0,5.4679021,1.5789302,3.8889719,-0.25686038,1.0529602,1.2313815,0.80591241,-0.61728395,0.5,2.7197033,3.9277709,3.9705107,0.26082839,0.052455707,-0.12601807,0.023328503,2.5581784,2.376852,0.64510413,0.15,1.7287494,0.5,0.035839118,13.951236,2.4852565,32.30635,-0.0061030682,-0.24978804,0.0017073996,0.16800367,1.8085898,1.4927856
694,1694000.0,5.4462309,1.559899,3.8863319,-0.27517339,1.0402687,1.2088522,0.80687756,-0.61728395,0.5,2.9628707,4.051963,4.1475883,0.68906093,0.024552714,0.02480899,-0.052653598,2.8011523,2.6262922,0.64948774,0.15,1.6609776,0.5,0.036082652,13.857075,2.4693929,32.30635,0.0087696468,-0.22754534,-0.017239576,0.25444687,1.262238,3.3886843
695,1695000.0,5.4356553,1.5194151,3.9162402,-0.2568894,1.0132707,1.1640234,0.80462903,-0.61728395,0.5,2.5805783,3.8472161,3.8715233,0.022995514,0.024611178,0.097602833,-0.0019578005,2.4193105,2.2564813,0.6465855,0.15,1.6079265,0.5,0.035921416,13.919273,2.4727784,32.30635,0.0076486416,-0.22482269,-0.0016324155,0.11486243,1.3260446,-5.2421664
696,1696000.0,5.4623461,1.520881,3.9414651,-0.26744292,1.0142483,1.1784861,0.78687406,-0.61728395,0.5,2.7384428,3.8853866,3.9469117,0.38303012,0.0053042523,0.072193375,-0.071634071,2.5807336,2.410319,0.64630454,0.15,1.6219348,0.5,0.035905808,13.925324,2.4915093,32.30635,0.00017839011,-0.14157919,0.030723993,0.20859738,-0.35624266,5.8427977
697,1697000.0,5.4363139,1.5213041,3.9150098,-0.27279546,1.0145304,1.1892708,0.77256639,-0.61728395,0.5,2.612871,3.7881939,3.9143084,0.13611056,-0.0075076402,-0.2501003,-0.0036597845,2.4580293,2.2817444,0.6461905,0.15,1.6612826,0.5,0.035899472,13.927781,2.4703187,32.30635,0.020238398,-0.17467502,0.0034620693,0.15794941,0.14116064,1.5271685
698,1698000.0,5.4345422,1.4878389,3.9467033,-0.23403317,0.99221306,1.1406426,0.7867826,-0.61728395,0.5,2.9888818,4.1651628,4.1251843,0.67629838,-0.070716849,-0.24978785,-0.024140463,2.8311909,2.6712947,0.64647149,0.15,1.6821706,0.5,0.035915083,13.921728,2.4849485,32.30635,0.0053930885,-0.20207632,0.015080206,0.16929636,1.6398185,3.7556646
699,1699000.0,5.4535163,1.5246557,3.9288606,-0.2551384,1.0167655,1.1840453,0.78516741,-0.61728395,0.5,2.8327947,4.0429367,4.0211948,0.43425254,-0.015958001,-0.045822054,0.0028110556,2.6754275,2.5031231,0.6537024,0.15,1.6979389,0.5,0.0363168,13.767733,2.5068104,32.30635,0.020471968,-0.16171028,-0.016290284,0.20668442,-2.481979,0.78207258
700,1700000.0,5.4395084,1.5398189,3.8996895,-0.2797136,1.0268776,1.177024,0.81908877,-0.61728395,0.5,2.4281589,3.7600244,3.7417777,-0.21732545,0.0096844501,-0.31521747,-0.10425003,2.263993,2.1004422,0.65731139,0.15,1.7000303,0.5,0.0365173,13.692141,2.4874061,32.30635,-0.0097576829,-0.16095657,0.017743578,0.18724053,4.2219435,-2.3606446
701,1701000.0,5.4049752,1.5255673,3.879408,-0.26203755,1.0173735,1.2047913,0.75780025,-0.61728395,0.5,2.5536139,3.8347861,3.8903988,-0.064343209,-0.035670826,-0.16142499,0.16618031,2.4017318,2.2181659,0.65955308,0.15,1.6791749,0.5,0.036641838,13.645604,2.4777952,32.30635,0.0064388965,-0.19337865,0.013278205,0.21161506,3.0324834,-4.1317225
702,1702000.0,5.432513,1.5228146,3.9096984,-0.25712247,1.0155378,1.1795546,0.78847152,-0.61728395,0.5,2.6017457,3.921241,3.8746118,0.0093844089,-0.055757428,-0.060919061,-0.076583356,2.4437163,2.2733244,0.66131485,0.15,1.6485588,0.5,0.036739714,13.609251,2.5018645,32.30635,0.014512196,-0.16540635,-0.041740559,0.16539269,1.7653995,-4.7428637
703,1703000.0,5.4916009,1.5501707,3.9414301,-0.24549316,1.0337811,1.1861029,0.82297547,-0.61728395,0.5,2.703787,3.9436212,3.9249745,0.24276527,-0.031957806,-0.11434247,-0.025225036,2.5388421,2.3735424,0.65776274,0.15,1.6517468,0.5,0.036542375,13.682745,2.4714357,32.30635,0.012140086,-0.15970454,-0.0040446515,0.20074654,4.719198,3.111799
704,1704000.0,5.4364871,1.5063779,3.9301092,-0.26026969,1.0045764,1.168144,0.77812582,-0.61728395,0.5,2.6779612,3.8715316,3.9008926,0.26145934,0.040285827,-0.080201703,0.19058147,2.5220053,2.3527169,0.65368915,0.15,1.6333201,0.5,0.036316064,13.768012,2.5085699,32.30635,0.0048703332,-0.17141138,-0.0051180212,0.19416172,2.4799522,2.1233082
705,1705000.0,5.4419988,1.5388156,3.9031832,-0.22542711,1.0262085,1.1641905,0.83531788,-0.61728395,0.5,2.8332271,4.0461843,4.0775734,0.37592359,0.05008102,-0.083250856,0.020262994,2.6658085,2.5090836,0.64408948,0.15,1.6524746,0.5,0.035782749,13.973214,2.4824041,32.30635,-0.014548915,-0.20309945,-0.00064412709,0.2143291,-1.8635757,-2.4482436
706,1706000.0,5.4401854,1.5165686,3.9236168,-0.26079829,1.0113724,1.1655501,0.79797135,-0.61728395,0.5,2.9016479,4.0258988,4.185005,0.49403998,-0.0006274389,0.088429036,0.1120146,2.7417145,2.5771259,0.63317895,0.15,1.6767215,0.5,0.035176608,14.213991,2.4930397,32.30635,0.012365725,-0.15762783,-0.0044620527,0.1551429,-2.3180397,0.98358024
707,1707000.0,5.4185204,1.5395151,3.8790053,-0.24561212,1.026675,1.1951922,0.79336561,-0.61728395,0.5,2.881885,4.1097393,4.0421077,0.49380809,0.017973352,-0.35897832,-0.009837141,2.7228747,2.5491098,0.63334834,0.15,1.6831533,0.5,0.035186019,14.21019,2.46922,32.30635,0.021266273,-0.1189663,0.0081156703,0.25443147,0.93311448,0.1313816
708,1708000.0,5.4543085,1.5056628,3.9486457,-0.2488139,1.0040995,1.1527442,0.79837936,-0.61728395,0.5,2.6280662,3.8796618,3.8540861,0.15045066,0.022764769,-0.44597904,-0.14152456,2.468051,2.3071097,0.63653528,0.15,1.6362582,0.5,0.035363071,14.139044,2.466548,32.30635,-0.012270099,-0.16819457,0.0059698696,0.17303626,1.3746083,5.2499553
709,1709000.0,5.4127487,1.5315614,3.8811873,-0.28013052,1.0213708,1.1912075,0.78622431,-0.61728395,0.5,2.4836513,3.7075799,3.8192048,-0.075830713,-0.002985696,-0.25581329,0.026026233,2.3260723,2.1519855,0.64814024,0.15,1.6437575,0.5,0.036007791,13.885884,2.4851584,32.30635,0.0072517555,-0.13708042,0.0024527985,0.21798699,1.2021774,-3.8357079
710,1710000.0,5.4282812,1.5133363,3.9149448,-0.24696733,1.0092168,1.174425,0.78049085,-0.61728395,0.5,2.6778948,3.9733288,3.9705878,0.08976786,-0.0068383105,-0.1712022,-0.055351764,2.521465,2.3509018,0.65410044,0.15,1.6378966,0.5,0.036338914,13.759355,2.4993039,32.30635,-0.022666196,-0.20787332,0.0048262563,0.18607854,3.1916014,0.16792288
711,1711000.0,5.4167483,1.5411216,3.8756267,-0.26249366,1.0277463,1.1922585,0.8000015,-0.61728395,0.5,2.7532885,3.9908886,3.9351299,0.33384707,-0.019181679,0.032981354,-0.076615578,2.5929482,2.4213301,0.65512773,0.15,1.5677194,0.5,0.036395985,13.737779,2.4902796,32.30635,0.013981162,-0.16763585,0.0089242375,0.22863836,-0.64702389,-5.5302545
712,1712000.0,5.4295496,1.5529638,3.8765858,-0.26155123,1.0356437,1.2067429,0.7987543,-0.61728395,0.5,2.9672825,4.1155414,4.1194782,0.6668279,0.0031452633,-0.22225031,0.054235179,2.8071922,2.6312912,0.65182632,0.15,1.5750225,0.5,0.036212573,13.807359,2.4923435,32.30635,0.0044782263,-0.23063399,0.030917021,0.2086524,1.5844615,2.8396857
713,1713000.0,5.4304291,1.5100201,3.9204091,-0.24599712,1.0070053,1.150466,0.8084888,-0.61728395,0.5,2.8913596,4.0154755,4.1075344,0.55106901,0.037528986,-0.13813914,0.059855483,2.7293183,2.5710374,0.65108767,0.15,1.5849078,0.5,0.036171537,13.823023,2.4931055,32.30635,-0.0083723386,-0.1920918,0.023694525,0.24264856,0.11662205,0.94880878
714,1714000.0,5.4405172,1.530024,3.9104932,-0.24951761,1.0203456,1.1901021,0.78530965,-0.61728395,0.5,2.9313833,4.1412046,4.0739742,0.57897111,0.039539296,-0.21121202,-0.034424178,2.7739876,2.6000253,0.64309115,0.15,1.5419721,0.5,0.035727286,13.994906,2.4962945,32.30635,-0.0038820784,-0.15404777,-0.0024141883,0.13576412,-3.1989576,3.0184331
715,1715000.0,5.4454008,1.5132986,3.9321022,-0.26051946,1.0091917,1.1718964,0.78394338,-0.61728395,0.5,2.7716529,3.9928659,3.9578402,0.36425277,0.0072645516,0.058989209,-0.036768035,2.6145311,2.4453639,0.6423869,0.15,1.5867872,0.5,0.035688161,14.010248,2.4937614,32.30635,-0.0037099111,-0.1954601,-0.007739257,0.1357406,-4.0176882,-4.5602628
716,1716000.0,5.4376961,1.4989393,3.9387568,-0.24114227,0.99961577,1.1763291,0.75489938,-0.61728395,0.5,2.758099,3.9357759,4.0030483,0.33547268,-0.049590183,0.11528242,0.039522347,2.6067983,2.4305757,0.64168161,0.15,1.640453,0.5,0.035648979,14.025647,2.4818775,32.30635,0.0092479508,-0.20853412,0.011179272,0.18274337,-1.3465043,-0.70111925
717,1717000.0,5.4532352,1.533266,3.9199692,-0.26341473,1.0225076,1.1737178,0.81323765,-0.61728395,0.5,2.5714403,3.8311952,3.9266568,-0.043531091,-0.0047358088,-0.11843452,-0.030914357,2.4084471,2.2446441,0.64471362,0.15,1.5921154,0.5,0.035817424,13.959686,2.4724426,32.30635,0.00072520992,-0.21586838,0.018157282,0.18630632,2.4081131,-2.8626993
718,1718000.0,5.4529537,1.5269794,3.9259743,-0.27062039,1.0183152,1.1922191,0.77751611,-0.61728395,0.5,2.6514828,3.9603752,3.8908767,0.10319663,0.034178277,0.021476047,-0.0097570159,2.4956492,2.3195354,0.6535573,0.15,1.6317467,0.5,0.036308739,13.77079,2.5048013,32.30635,-0.013425179,-0.18248115,0.0054206701,0.15272669,-5.910811,-1.0942575
719,1719000.0,5.4211136,1.5242027,3.8969109,-0.24944925,1.0164634,1.1992005,0.76339198,-0.61728395,0.5,2.6728678,3.8625597,3.939846,0.21619778,-0.03164202,-0.14160253,0.1077625,2.519865,2.3389765,0.658589,0.15,1.6380036,0.5,0.036588278,13.665579,2.5010519,32.30635,-0.006615008,-0.23428649,0.024417862,0.1709865,-1.805225,-2.2759173
720,1720000.0,5.5047014,1.5680689,3.9366324,-0.26558957,1.0457171,1.2063026,0.82344093,-0.61728395,0.5,2.601542,3.9049382,3.8225433,0.077144588,0.027187647,-0.16641642,-0.012261634,2.4365039,2.2656733,0.6619785,0.15,1.6649465,0.5,0.036776583,13.595608,2.5038769,32.30635,0.0015862062,-0.13975508,0.0016295461,0.21325123,0.096024695,6.3375001
721,1721000.0,5.4996083,1.6122126,3.8873957,-0.2584497,1.0751557,1.2363901,0.85200082,-0.61728395,0.5,2.9611726,4.0800504,4.1334201,0.67004722,0.012472151,-0.029887572,0.10327793,2.7904103,2.6169266,0.65559604,0.15,1.7180987,0.5,0.036422002,13.727966,2.4819665,32.30635,-0.0013897144,-0.17472768,-0.0098976516,0.19437855,0.082203843,10.325114
722,1722000.0,5.464647,1.5277492,3.9368979,-0.26576172,1.0188285,1.2076394,0.75732122,-0.61728395,0.5,2.7696237,3.9212245,4.0012567,0.38639002,0.0096486954,0.13521733,-0.078962949,2.6178376,2.4333828,0.65195857,0.15,1.6942858,0.5,0.036219921,13.804558,2.4905056,32.30635,0.006326128,-0.19961289,0.026313397,0.21248333,1.7679276,-3.6126935
723,1723000.0,5.4561633,1.5450227,3.9111406,-0.2556948,1.0303479,1.2146451,0.77511993,-0.61728395,0.5,2.7148747,3.90663,3.9637668,0.27422735,-0.0051519108,0.011855901,0.075230362,2.5595213,2.3766832,0.64422736,0.15,1.7572632,0.5,0.035790409,13.970223,2.5007323,32.30635,-0.011182951,-0.16426042,-0.026237732,0.19372317,1.2849928,-5.0390257
724,1724000.0,5.4446889,1.5615055,3.8831834,-0.25562713,1.04134,1.2083954,0.81007264,-0.61728395,0.5,2.6360544,3.8311829,3.915002,0.16197819,0.057819588,-0.42037094,0.18441394,2.4736956,2.299603,0.63477718,0.15,1.7063989,0.5,0.035265399,14.178204,2.4700026,32.30635,-0.018956768,-0.17193662,-0.0057232109,0.21071038,4.0360933,2.0041612
725,1725000.0,5.4607175,1.5369522,3.9237653,-0.25381285,1.0249658,1.2029882,0.77845058,-0.61728395,0.5,2.5165954,3.816959,3.8461868,-0.11335978,-0.030057702,-0.35950676,0.16371033,2.3605744,2.1816495,0.63585034,0.15,1.6724866,0.5,0.035325019,14.154274,2.4814076,32.30635,0.003539472,-0.17054213,-0.025126345,0.16747705,0.32158859,-0.15103591
726,1726000.0,5.4455212,1.5505333,3.8949879,-0.26512106,1.0340229,1.2158582,0.78221771,-0.61728395,0.5,2.5802586,3.8442967,3.8233324,0.07314679,-0.024727291,-0.18009128,-0.037216644,2.4234827,2.2417294,0.64139586,0.15,1.6464737,0.5,0.035633104,14.031896,2.4738522,32.30635,0.017238007,-0.20104981,-0.018002224,0.19634328,-1.1930133,-0.023271055
727,1727000.0,5.4927883,1.5744801,3.9183082,-0.24995081,1.0499926,1.2316576,0.79843621,-0.61728395,0.5,3.0405126,4.2047674,4.1560068,0.7607635,0.042091725,-0.18944751,-0.14171511,2.880486,2.6975843,0.64351251,0.15,1.6053094,0.5,0.035750695,13.985742,2.4969729,32.30635,-0.00614943,-0.25739864,0.01725578,0.16447107,2.4533378,3.1735514
728,1728000.0,5.5159625,1.5982584,3.917704,-0.26001642,1.0658499,1.2361953,0.83003092,-0.61728395,0.5,2.7355819,3.9457739,4.0245596,0.23641234,0.011085707,0.23018355,-0.078345967,2.569223,2.3913903,0.64959991,0.15,1.6477704,0.5,0.036088884,13.854682,2.4930255,32.30635,0.0013223849,-0.20293315,-0.0078815906,0.2150357,1.0608037,-0.8871066
729,1729000.0,5.520838,1.5761408,3.9446972,-0.25463348,1.0511001,1.2338161,0.79808453,-0.61728395,0.5,2.7368708,3.9736171,3.9873081,0.24968704,0.020364267,0.065946189,0.013905366,2.5769147,2.3933415,0.65366188,0.15,1.6114691,0.5,0.036314549,13.768586,2.4700285,32.30635,0.020139843,-0.12521934,0.0059960484,0.17673016,1.4550025,-0.96948079
730,1730000.0,5.5011102,1.5844835,3.9166267,-0.26381724,1.0566636,1.2282261,0.81914685,-0.61728395,0.5,2.6099226,3.844679,3.9232805,0.061808164,0.044824623,-0.065478609,0.042807929,2.445745,2.2679497,0.65583293,0.15,1.5839098,0.5,0.036435163,13.723007,2.4964304,32.30635,-0.0072525205,-0.19034992,-0.02638176,0.22218665,-1.7226102,0.15106553
731,1731000.0,5.4821081,1.5541639,3.9279442,-0.23348281,1.036444,1.2207967,0.78114364,-0.61728395,0.5,2.6912557,3.9336038,3.9360793,0.20408404,-0.010300023,-0.021457619,0.075163321,2.534695,2.3513514,0.6497441,0.15,1.6350285,0.5,0.036096894,13.851607,2.4861653,32.30635,-0.051719002,-0.26070267,0.022421618,0.1933052,0.34799328,-1.0901552
732,1732000.0,5.4915189,1.5551244,3.9363945,-0.25806036,1.0370846,1.2266909,0.77448648,-0.61728395,0.5,2.8206797,3.9546007,3.9847172,0.52272132,0.0002564318,-0.12816278,-0.095817303,2.6654533,2.4791344,0.64440588,0.15,1.637097,0.5,0.035800327,13.966353,2.4804501,32.30635,-0.031946147,-0.19803016,-0.003329363,0.18335584,1.6598504,1.2208427
733,1733000.0,5.4377038,1.5389957,3.898708,-0.25964572,1.0263287,1.1989445,0.78732513,-0.61728395,0.5,2.6439512,3.8512083,3.878014,0.20263125,0.073086349,0.12564237,0.089236759,2.4861515,2.3101312,0.6452703,0.15,1.6316238,0.5,0.03584835,13.947643,2.489196,32.30635,-0.018376818,-0.22054339,0.0030922116,0.20634824,-4.5439375,1.2671248
734,1734000.0,5.4586705,1.5331213,3.9255492,-0.27387938,1.0224111,1.209436,0.76338758,-0.61728395,0.5,2.6447555,3.8908603,3.8871573,0.15624903,0.080978279,-0.099838204,-0.0080638091,2.4917536,2.3080144,0.64152579,0.15,1.6138506,0.5,0.035640321,14.029054,2.4809941,32.30635,0.017028048,-0.14482075,0.02134464,0.18879144,3.7398756,-4.4188981
735,1735000.0,5.4334308,1.5305164,3.9029144,-0.26523987,1.020674,1.1914952,0.78415905,-0.61728395,0.5,2.6913625,3.9136968,3.9761163,0.18427444,-0.054097589,-0.28748615,0.054316238,2.5341974,2.3596166,0.6397233,0.15,1.6024305,0.5,0.035540183,14.068582,2.4880662,32.30635,0.03347936,-0.18551618,-0.012357083,0.21872028,4.5847885,-1.9889204
736,1736000.0,5.4230953,1.5478732,3.875222,-0.27064905,1.0322489,1.1992143,0.80109947,-0.61728395,0.5,2.7465683,3.968896,3.9897455,0.28106345,-0.0014471053,-0.19516296,0.074566095,2.586008,2.4126732,0.64236156,0.15,1.6372642,0.5,0.035686753,14.010801,2.4718341,32.30635,-0.030045806,-0.20723137,-0.018753304,0.18481359,3.4915791,4.9665865
737,1737000.0,5.4155796,1.5278927,3.8876869,-0.26628272,1.0189242,1.1935342,0.77714468,-0.61728395,0.5,2.4687471,3.7502744,3.8027531,-0.14678616,0.041656373,-0.40209955,-0.11015228,2.3129879,2.1364335,0.65135381,0.15,1.6244102,0.5,0.036186323,13.817375,2.488436,32.30635,-0.0077266645,-0.15296038,-0.00092298611,0.21166824,1.2669725,-3.0674863
738,1738000.0,5.4830107,1.5532365,3.9297742,-0.25175608,1.0358256,1.218919,0.78227397,-0.61728395,0.5,2.8667135,4.0231312,4.0619056,0.51510386,0.029037513,-0.048694951,-0.042644945,2.7099263,2.5273321,0.65470107,0.15,1.6445127,0.5,0.036372282,13.746732,2.4644696,32.30635,0.023196866,-0.16402282,-0.011100113,0.18381312,-2.3252501,2.0506637
739,1739000.0,5.4735513,1.545882,3.9276693,-0.25772676,1.030921,1.2002966,0.79642227,-0.61728395,0.5,2.6298134,3.914693,3.8197858,0.15496148,0.047724222,-0.28222136,0.16465121,2.4701905,2.295617,0.65857287,0.15,1.6668696,0.5,0.036587382,13.665914,2.4896766,32.30635,-0.012377721,-0.19126426,0.00084561761,0.17394559,2.2050339,-5.3660219
740,1740000.0,5.4546962,1.5232692,3.9314269,-0.25077038,1.0158409,1.1858444,0.78045838,-0.61728395,0.5,3.0460299,4.1885496,4.1550016,0.79453858,-0.031025583,-0.1080856,-0.042950613,2.8896065,2.7158573,0.65647441,0.15,1.6545293,0.5,0.0364708,13.709598,2.4657192,32.30635,0.020655495,-0.16015775,-0.02059894,0.10474552,4.1199849,1.0644983
741,1741000.0,5.4364914,1.5361905,3.9003009,-0.25553788,1.0244579,1.196282,0.78655276,-0.61728395,0.5,2.5335223,3.7909217,3.8420808,-0.032435607,-0.037486772,-0.066615877,-0.034147699,2.3758775,2.2004436,0.64947308,0.15,1.6878078,0.5,0.036081838,13.857387,2.4743635,32.30635,0.01936889,-0.20191463,0.014480531,0.19022458,3.7655076,-0.16173641
742,1742000.0,5.4835789,1.5649533,3.9186256,-0.26273862,1.0436393,1.2010487,0.8257737,-0.61728395,0.5,2.7528124,3.9668664,3.9415011,0.35006973,0.0032694462,-0.31542753,0.1196714,2.5873067,2.4184065,0.64806998,0.15,1.7089289,0.5,0.036003888,13.887389,2.4646744,32.30635,-0.011930487,-0.25872404,0.0061481487,0.19017393,2.3141173,-0.14204185
743,1743000.0,5.5045531,1.5587698,3.9457833,-0.24814539,1.0395156,1.1968021,0.82181765,-0.61728395,0.5,2.7703479,3.9274791,4.0159677,0.36759701,0.0050846279,-0.020236735,-0.0021686698,2.6056351,2.4371244,0.64712804,0.15,1.7638607,0.5,0.035951558,13.907603,2.4709893,32.30635,0.0055395403,-0.13254458,-0.022776132,0.14977541,-1.2975189,-4.3031994
744,1744000.0,5.4351513,1.5129208,3.9222305,-0.24247444,1.0089397,1.1798196,0.77233444,-0.61728395,0.5,2.8189068,4.0382436,4.0586354,0.3598416,0.020275173,-0.087928408,-0.077913621,2.6641117,2.4904118,0.64459304,0.15,1.7512398,0.5,0.035810725,13.962298,2.4890831,32.30635,0.0099936019,-0.17491138,-0.018309515,0.19795214,-3.3134425,-2.4482271
745,1745000.0,5.4561872,1.5363489,3.9198383,-0.26080449,1.0245635,1.1843033,0.80344595,-0.61728395,0.5,2.6434311,3.8597543,3.9171936,0.15334538,0.027703942,0.029348071,-0.071088157,2.4824005,2.3136876,0.64418316,0.15,1.7372925,0.5,0.035787954,13.971182,2.4833872,32.30635,-0.013272629,-0.18937153,0.0072717724,0.18392323,-0.42331649,1.4735619
746,1746000.0,5.467526,1.5317477,3.9357783,-0.25340832,1.0214951,1.1626767,0.82615584,-0.61728395,0.5,2.6191835,3.8716581,3.970294,0.015598454,-0.024901667,-0.063816735,-0.11802242,2.4536012,2.2954615,0.64139296,0.15,1.7410133,0.5,0.035632942,14.031959,2.474311,32.30635,0.0019138812,-0.14986246,-0.02111435,0.16462158,-0.48890907,3.7048274
747,1747000.0,5.4556283,1.5349532,3.9206751,-0.23388825,1.0236328,1.1978454,0.78240889,-0.61728395,0.5,2.8002957,4.0359818,4.0226344,0.3422708,-0.04551761,0.089543676,0.1367474,2.6434814,2.4667817,0.64289802,0.15,1.7201866,0.5,0.035716557,13.99911,2.496432,32.30635,-0.0070860466,-0.17757521,-0.0003471992,0.18528408,-0.032374703,-1.4313948
748,1748000.0,5.4729016,1.524834,3.9480676,-0.26153163,1.0168845,1.179994,0.79107979,-0.61728395,0.5,2.8254073,3.9991729,4.0609626,0.41608638,-0.058875501,-0.53147977,0.035441802,2.6668551,2.4968636,0.64374091,0.15,1.7117893,0.5,0.035763384,13.98078,2.4855316,32.30635,-0.0087660263,-0.19484787,-0.0076902478,0.11749686,3.6322155,-3.4930596
749,1749000.0,5.5077221,1.5838541,3.923868,-0.26104081,1.0562439,1.2179221,0.83245787,-0.61728395,0.5,2.6529382,3.911424,3.8749463,0.17244439,0.032831478,0.063760443,-0.038423475,2.4860929,2.3138343,0.64475618,0.15,1.71302,0.5,0.035819788,13.958765,2.4739597,32.30635,0.01146582,-0.18836091,-0.028324899,0.15943039,-4.4540092,-0.18539875
750,1750000.0,5.4493323,1.5634538,3.8858786,-0.26178996,1.0426393,1.2194408,0.79783362,-0.61728395,0.5,2.945429,4.1467418,4.0496795,0.63986585,-0.050718227,-0.20150345,-0.04651368,2.7855232,2.6059023,0.64470462,0.15,1.7156092,0.5,0.035816924,13.959881,2.470871,32.30635,0.0039455184,-0.1849574,0.033131247,0.21048743,0.4715632,7.9497609
751,1751000.0,5.4961888,1.5822185,3.9139703,-0.27356511,1.0551531,1.2153402,0.83343782,-0.61728395,0.5,2.8182045,3.9575304,4.0009795,0.49610372,-0.013526101,0.0072209497,-0.029030336,2.6511628,2.4798195,0.64745509,0.15,1.7302469,0.5,0.035969727,13.900578,2.4709976,32.30635,0.008846831,-0.19043123,-0.00011649131,0.18285056,1.4982379,5.073865
752,1752000.0,5.4842816,1.5547091,3.9295725,-0.24677567,1.0368076,1.1886538,0.82666508,-0.61728395,0.5,3.1020157,4.196997,4.2779329,0.83111718,0.0091446629,0.18864011,-0.00408162,2.9363313,2.7710609,0.64935326,0.15,1.7025642,0.5,0.036075181,13.859944,2.4702461,32.30635,-0.00012996241,-0.2726292,0.020885497,0.16868946,1.7352046,0.788297
753,1753000.0,5.4667079,1.5522951,3.9144128,-0.2605988,1.0351978,1.2047754,0.80042176,-0.61728395,0.5,2.7161894,3.9682209,3.9190632,0.26128422,-0.0093678758,-0.10641849,0.045686415,2.5557649,2.3807459,0.65158702,0.15,1.6562894,0.5,0.036199279,13.81243,2.4887385,32.30635,0.0095536721,-0.18111487,0.017883733,0.22661418,1.8523023,-1.6109303
754,1754000.0,5.434788,1.5171626,3.9176254,-0.25801515,1.0117685,1.1832146,0.77437867,-0.61728395,0.5,2.5623729,3.8142727,3.8385971,0.034248818,0.021345724,-0.048664744,0.00055916357,2.407168,2.2329325,0.65217446,0.15,1.6974445,0.5,0.036231914,13.799988,2.4893162,32.30635,0.030197599,-0.2165886,-0.0012054386,0.205709,0.2183039,4.4197894
755,1755000.0,5.4484958,1.5185334,3.9299625,-0.26016553,1.0126827,1.1664331,0.79987617,-0.61728395,0.5,2.7309014,3.9995666,3.9393196,0.25381801,-0.010368122,-0.10679748,0.12476516,2.5705862,2.4061335,0.65172729,0.15,1.6812991,0.5,0.036207072,13.809457,2.4996781,32.30635,-0.003277405,-0.17333798,-0.0021800772,0.19434141,0.018401078,0.53421558
756,1756000.0,5.4385896,1.5579215,3.8806681,-0.27183539,1.0389499,1.2002081,0.81573413,-0.61728395,0.5,2.8554801,3.991359,4.1220258,0.45305566,-0.0041651021,0.058761921,0.022720016,2.6919866,2.5213083,0.64995567,0.15,1.6897167,0.5,0.036108648,13.847098,2.4761974,32.30635,-0.046071504,-0.22237143,0.020909093,0.22187653,-1.0617424,-6.2887678
757,1757000.0,5.4556136,1.5730715,3.8825421,-0.26841251,1.0490532,1.2191263,0.81359955,-0.61728395,0.5,2.6640842,3.8748825,3.884966,0.23240418,-0.014148764,-0.23639567,0.14981406,2.5010185,2.324645,0.65003863,0.15,1.7075379,0.5,0.036113257,13.845331,2.4697013,32.30635,0.049405719,-0.17189104,0.033847579,0.17629994,1.4923186,2.1465363
758,1758000.0,5.4249251,1.5282626,3.8966625,-0.24875995,1.0191709,1.1584109,0.82652714,-0.61728395,0.5,2.4075888,3.7394034,3.7506892,-0.2673261,-0.013914629,-0.16654751,-0.12911827,2.2419321,2.0850545,0.65665532,0.15,1.6834286,0.5,0.036480851,13.705821,2.4826554,32.30635,0.011578923,-0.22959114,-0.035196903,0.19325463,0.086618141,-2.6215511
759,1759000.0,5.4092715,1.5084426,3.9008289,-0.26637099,1.0059533,1.1581624,0.795283,-0.61728395,0.5,2.6172855,3.842704,3.8988154,0.11033719,-0.043117663,-0.020360472,-0.092542015,2.4578909,2.2948204,0.65547242,0.15,1.6822851,0.5,0.036415135,13.730555,2.5097753,32.30635,-0.0018402801,-0.23005279,-0.004136806,0.25379892,3.8405593,1.0340515
760,1760000.0,5.4140451,1.5475442,3.8665009,-0.24216566,1.0320295,1.1923543,0.81010497,-0.61728395,0.5,2.7398272,4.0834261,3.9509925,0.18506304,0.019689331,0.14476886,-0.086265481,2.5774619,2.4078421,0.6489875,0.15,1.7115992,0.5,0.036054861,13.867756,2.4839444,32.30635,-0.010170299,-0.14271424,0.012912351,0.21461276,-0.051921647,-3.9700445
761,1761000.0,5.4206091,1.5486547,3.8719544,-0.27471361,1.0327701,1.1959455,0.80688598,-0.61728395,0.5,2.7678988,3.9146132,4.0157393,0.37334406,0.089368952,-0.13325072,0.10163048,2.6061787,2.4349138,0.64269394,0.15,1.7225255,0.5,0.035705219,14.003555,2.4732613,32.30635,-0.010458838,-0.12345982,-0.015321582,0.19379229,3.6202295,-2.8544809
762,1762000.0,5.4646929,1.5665513,3.8981416,-0.25470336,1.044705,1.194226,0.83779877,-0.61728395,0.5,2.9688044,4.1549228,4.1047758,0.64671445,0.041633421,-0.1321418,0.11158619,2.8008886,2.6362981,0.63851425,0.15,1.6837791,0.5,0.035473014,14.095222,2.5084975,32.30635,-0.0082866806,-0.26154102,0.0026133633,0.13440903,2.5186337,4.0680615
763,1763000.0,5.4338147,1.5075124,3.9263023,-0.23205101,1.005333,1.1851936,0.7562489,-0.61728395,0.5,2.7679353,4.0185117,3.9402871,0.3450071,-0.06765313,-0.20445401,-0.057356457,2.6163641,2.437944,0.63989509,0.15,1.6407538,0.5,0.035549727,14.064805,2.4821087,32.30635,-0.010026827,-0.1523693,-0.0039689531,0.21498671,1.0496615,2.6563574
764,1764000.0,5.4412629,1.5435821,3.8976808,-0.24368899,1.0293872,1.1942936,0.80109594,-0.61728395,0.5,2.7216971,4.0100917,4.0118942,0.14310541,0.045843575,-0.23627157,-0.040177973,2.5611375,2.389172,0.63960184,0.15,1.6341018,0.5,0.035533435,14.071254,2.4802062,32.30635,0.03695593,-0.26120501,0.00045197021,0.15864217,1.6434542,-2.5544459
765,1765000.0,5.4287718,1.5524061,3.8763658,-0.264961,1.0352718,1.2037254,0.8020572,-0.61728395,0.5,2.6881432,3.8723834,3.9511016,0.24094476,0.020488093,0.062891547,0.048646251,2.5273909,2.3529921,0.64154279,0.15,1.6073849,0.5,0.035641266,14.028682,2.469622,32.30635,-0.0061987725,-0.20628546,0.01835287,0.17528604,-1.7512735,-2.069093
766,1766000.0,5.4272616,1.4979034,3.9293583,-0.24886283,0.99892489,1.1612003,0.77426504,-0.61728395,0.5,2.7306192,3.973441,3.9709842,0.24743235,-0.018638634,-0.0088897909,0.037676163,2.5754371,2.4073082,0.65156457,0.15,1.6488985,0.5,0.036198032,13.812906,2.4921826,32.30635,-0.0017105227,-0.1414923,-0.013494504,0.16268614,-0.9550007,-0.53578407
767,1767000.0,5.4396313,1.5446017,3.8950296,-0.27369118,1.0300672,1.1983526,0.79708233,-0.61728395,0.5,2.5065056,3.6811386,3.8350629,0.003315223,0.023092042,-0.21866695,-0.0034846484,2.3467504,2.1728504,0.6595029,0.15,1.7195169,0.5,0.03663905,13.646642,2.4944551,32.30635,-0.017729889,-0.19233584,0.019495566,0.11503264,0.65324146,0.24758866
768,1768000.0,5.4160967,1.5204787,3.8956179,-0.2620026,1.01398,1.1828167,0.78021683,-0.61728395,0.5,2.8034097,3.9527471,4.0244211,0.4330607,-0.044154594,-0.29496172,-0.029819349,2.6470347,2.4740801,0.66000299,0.15,1.7070827,0.5,0.036666833,13.636302,2.478652,32.30635,0.0059887862,-0.25355636,0.012095048,0.22488581,0.11628154,-3.2352332
769,1769000.0,5.4858874,1.5575123,3.9283751,-0.24477651,1.038677,1.2245197,0.78130841,-0.61728395,0.5,2.9255561,4.1586874,4.0659722,0.55200867,0.0076740081,-0.071282784,-0.058604341,2.7689624,2.5846152,0.65975471,0.15,1.7453444,0.5,0.036653039,13.641434,2.4731789,32.30635,-0.018784154,-0.1726772,-0.0069706553,0.18462462,-0.27111316,4.9279097
770,1770000.0,5.4511127,1.5491637,3.901949,-0.25551968,1.0331095,1.2128513,0.78421199,-0.61728395,0.5,3.0726954,4.2328966,4.2650466,0.72014298,0.035001738,-0.05924818,0.12827489,2.9155197,2.7350033,0.65967137,0.15,1.7723886,0.5,0.03664841,13.643157,2.4851171,32.30635,0.019809904,-0.22185703,-0.031339698,0.16297006,0.010134515,0.81896999
771,1771000.0,5.4709107,1.5673872,3.9035236,-0.26039059,1.0452624,1.2114692,0.81517683,-0.61728395,0.5,2.8094803,4.0194917,4.0443275,0.36462158,-0.034070607,-0.11999254,-0.030534105,2.6460985,2.472173,0.65534893,0.15,1.6912953,0.5,0.036408274,13.733142,2.4905899,32.30635,0.017036779,-0.13773453,0.013362366,0.15996215,1.2684938,1.6881229
772,1772000.0,5.4250262,1.5410945,3.8839317,-0.25373521,1.0277283,1.2094092,0.77613269,-0.61728395,0.5,2.6664327,3.9429877,3.9612788,0.095031608,0.011011926,-0.1861575,0.032437516,2.5108763,2.329699,0.65060659,0.15,1.651332,0.5,0.036144811,13.833244,2.4847593,32.30635,0.0094501279,-0.14089619,-0.02607661,0.19184386,2.3866259,5.8520504
773,1773000.0,5.4443325,1.5216232,3.9227094,-0.25143268,1.0147432,1.1695699,0.80044327,-0.61728395,0.5,2.4464713,3.7221894,3.7592615,-0.14203692,0.021032842,-0.20357428,0.097333503,2.2860425,2.12083,0.6495115,0.15,1.6516652,0.5,0.036083972,13.856568,2.4801219,32.30635,-0.013960491,-0.18477911,-0.020052991,0.24941713,2.6298398,-1.1423937
774,1774000.0,5.4453806,1.5359564,3.9094242,-0.26382962,1.0243018,1.1849409,0.80193463,-0.61728395,0.5,2.698432,3.907356,4.0479937,0.13994615,-0.048434675,-0.10099093,0.13871785,2.5377042,2.368511,0.64904986,0.15,1.6729903,0.5,0.036058325,13.866423,2.4685502,32.30635,0.0013304678,-0.23350776,-0.040910814,0.17399402,0.94414923,-1.3247546
775,1775000.0,5.4523932,1.5290313,3.9233619,-0.24520573,1.0196836,1.1904062,0.78330492,-0.61728395,0.5,3.033533,4.2076158,4.2186232,0.67435991,0.041279304,-0.13900679,0.1104598,2.8765391,2.7020903,0.6471802,0.15,1.6914747,0.5,0.035954455,13.906482,2.4695246,32.30635,-0.010336078,-0.20989142,0.0037815625,0.12732181,-0.36616686,-1.7387629
776,1776000.0,5.4645821,1.5566204,3.9079617,-0.27400369,1.0380822,1.1912869,0.82605349,-0.61728395,0.5,2.888598,4.1021696,4.0906397,0.47298475,-0.0045998752,-0.083475679,-0.018699259,2.7230363,2.5569101,0.64741494,0.15,1.6468083,0.5,0.035967497,13.90144,2.4759869,32.30635,-0.019072957,-0.14890942,-0.012307603,0.1778174,1.0975649,2.1615702
777,1777000.0,5.4386678,1.539222,3.8994458,-0.27473866,1.0264796,1.195406,0.7926015,-0.61728395,0.5,2.4682576,3.7110437,3.7875658,-0.093836654,-0.020238264,0.11165169,-0.066201418,2.3094005,2.1354228,0.65108984,0.15,1.6507174,0.5,0.036171658,13.822977,2.498198,32.30635,-0.0038789206,-0.21365345,-0.010463799,0.12727585,-0.98046634,1.9129227
778,1778000.0,5.461961,1.5408987,3.9210624,-0.25695546,1.0275977,1.1783363,0.81898674,-0.61728395,0.5,2.7015009,3.9244418,3.9693745,0.2106865,0.029921414,0.014446148,0.046257766,2.5373555,2.3734189,0.65391106,0.15,1.614052,0.5,0.036328392,13.76334,2.4836297,32.30635,-0.011619049,-0.21761838,0.019594131,0.19663679,0.19676655,1.8832034
779,1779000.0,5.4691865,1.5674172,3.9017693,-0.25031417,1.0452824,1.1839192,0.85349689,-0.61728395,0.5,2.6027196,3.928972,3.8418298,0.037357048,-0.020587763,-0.08580059,0.076530255,2.4316575,2.2730831,0.65416276,0.15,1.6339097,0.5,0.036342375,13.758044,2.5003924,32.30635,0.0027062923,-0.191657,-0.047625897,0.12555597,0.99232277,-2.7034177
780,1780000.0,5.4182994,1.5303752,3.8879241,-0.27798001,1.0205798,1.1869732,0.79021593,-0.61728395,0.5,2.9039714,4.1049411,4.0658766,0.54109642,0.022613996,0.059083947,0.14247415,2.7455924,2.5734845,0.65200491,0.15,1.6383984,0.5,0.036222495,13.803577,2.4840269,32.30635,0.022690408,-0.18808269,-0.01082764,0.21392233,-3.5508232,5.3643421
781,1781000.0,5.448628,1.5641539,3.8844741,-0.2669792,1.0431062,1.199022,0.82731512,-0.61728395,0.5,2.7899286,4.0185073,3.9760209,0.37525744,-0.0077331417,0.11637753,-5.5723005e-05,2.6241139,2.456087,0.64505056,0.15,1.6575119,0.5,0.035836142,13.952395,2.4887151,32.30635,0.032562549,-0.19274135,-0.003666017,0.16931772,-1.5657983,-3.3338824
782,1782000.0,5.4502684,1.5664293,3.8838392,-0.28899766,1.0446236,1.2064971,0.82055726,-0.61728395,0.5,2.7703397,3.9394895,3.999248,0.37228165,-0.018463485,-0.03374549,-0.16868919,2.6058795,2.4344168,0.64248991,0.15,1.6625701,0.5,0.035693884,14.008002,2.4846885,32.30635,0.018159479,-0.14890892,-0.011698247,0.17884409,-0.40348436,-0.50304787
783,1783000.0,5.4244218,1.5532569,3.8711649,-0.2681166,1.0358392,1.195129,0.81535533,-0.61728395,0.5,2.5440802,3.8537597,3.8483865,-0.069905431,-0.02726553,-0.36524802,-0.090469465,2.3806627,2.2113226,0.64122175,0.15,1.6627144,0.5,0.035623431,14.035706,2.5000846,32.30635,0.014062997,-0.18322954,-0.049725246,0.16518889,0.21327037,-2.6056304
784,1784000.0,5.3983557,1.4878753,3.9104804,-0.25170426,0.99223736,1.1442915,0.78177164,-0.61728395,0.5,2.2718851,3.6054098,3.656979,-0.44673359,-0.020931037,0.080153583,-0.019422337,2.1151985,1.953282,0.64475797,0.15,1.6307524,0.5,0.035819887,13.958726,2.478878,32.30635,-0.0013377264,-0.19648518,-0.0033886025,0.20588688,-2.367507,-6.9377877
785,1785000.0,5.4145999,1.5167626,3.8978373,-0.26300993,1.0115018,1.1592147,0.80708162,-0.61728395,0.5,2.6792335,3.9335913,3.9456522,0.15845711,-0.0064477914,-0.10848217,-0.0011772164,2.5174742,2.3564754,0.65063396,0.15,1.6582629,0.5,0.036146331,13.832662,2.486218,32.30635,-0.0048338004,-0.13858545,0.023990987,0.17639873,-0.62202306,1.2131924
786,1786000.0,5.4202203,1.5078309,3.9123893,-0.27036001,1.0055454,1.1556375,0.79781567,-0.61728395,0.5,2.7089898,3.9032249,3.940653,0.28309142,-0.043824485,-0.18888124,0.15903728,2.5490875,2.3872277,0.6490822,0.15,1.671961,0.5,0.036060122,13.865732,2.4839404,32.30635,0.016445455,-0.1653606,0.026329896,0.20493307,1.9364164,2.015911
787,1787000.0,5.4155055,1.5542057,3.8612998,-0.25901164,1.0364719,1.1983953,0.81233011,-0.61728395,0.5,2.8225743,4.051467,4.0388605,0.37739558,-0.0085902248,-0.046547461,-0.055827309,2.6597631,2.4889073,0.65499378,0.15,1.7169469,0.5,0.036388543,13.740589,2.4839519,32.30635,0.024422456,-0.16810386,0.022225046,0.17704692,1.7624557,1.6628452
788,1788000.0,5.4118146,1.531119,3.8806955,-0.26520718,1.0210758,1.1898626,0.78738753,-0.61728395,0.5,2.6121396,3.898792,3.832642,0.10498489,0.022204957,-0.12819489,0.12561518,2.4543275,2.2808483,0.66001357,0.15,1.7152445,0.5,0.03666742,13.636083,2.4737378,32.30635,0.019884332,-0.23321234,0.0046403398,0.17873808,-0.87823347,1.680665
789,1789000.0,5.4401966,1.5121589,3.9280377,-0.2590504,1.0084317,1.1768664,0.77522264,-0.61728395,0.5,2.7916668,4.0142668,4.0091198,0.35161384,-0.042891399,0.047676871,0.12005547,2.6362928,2.463994,0.66153362,0.15,1.7069673,0.5,0.036751868,13.604751,2.4648518,32.30635,0.003097514,-0.17400251,-0.012477459,0.11905158,-0.35441535,-2.9256679
790,1790000.0,5.4368294,1.5654823,3.8713471,-0.27305461,1.0439921,1.2186224,0.8022037,-0.61728395,0.5,2.7736336,3.9821797,4.0065051,0.33221594,-0.026532349,-0.03926618,-0.031980771,2.6128519,2.4343347,0.65938198,0.15,1.6498505,0.5,0.036632332,13.649145,2.4940902,32.30635,-0.023340466,-0.19294199,0.021124245,0.15617243,1.0164401,-3.0533073
791,1791000.0,5.4019602,1.526568,3.8753922,-0.27255284,1.0180408,1.1789844,0.79524593,-0.61728395,0.5,2.776493,3.9856138,3.9566858,0.38717924,0.005653747,-0.27570389,0.19147819,2.6171058,2.4482304,0.64633199,0.15,1.6357914,0.5,0.035907333,13.924732,2.5075628,32.30635,-0.020940158,-0.17767655,0.0018420116,0.20305038,3.6081857,-1.9898268
792,1792000.0,5.3873722,1.4870925,3.9002797,-0.25704033,0.99171533,1.1471419,0.77656415,-0.61728395,0.5,2.5428802,3.8899771,3.7481447,-0.0094811158,0.00054189487,-0.13649746,0.12218557,2.3872373,2.2234835,0.63987564,0.15,1.611936,0.5,0.035548647,14.065233,2.4951885,32.30635,0.037117774,-0.17850247,0.03224212,0.20587835,5.1801468,-0.059951627
793,1793000.0,5.4337702,1.5163309,3.9174393,-0.25343866,1.0112139,1.1670878,0.79545637,-0.61728395,0.5,2.5183108,3.7988867,3.7511669,0.0048788635,-0.03425747,-0.0082130137,-0.03738718,2.3588815,2.1933606,0.63248721,0.15,1.6410829,0.5,0.035138178,14.229537,2.4992991,32.30635,-0.018783195,-0.15147368,-0.019499172,0.13353429,2.3179266,2.3373158
794,1794000.0,5.3921045,1.5053535,3.886751,-0.26559947,1.0038932,1.1518981,0.7990617,-0.61728395,0.5,2.8311104,4.0362736,4.0650906,0.39196713,0.014289967,-0.14255994,0.046450405,2.6709585,2.5103895,0.62855499,0.15,1.6530245,0.5,0.034919722,14.318556,2.497001,32.30635,0.0060500204,-0.13207604,0.01118225,0.14331826,0.67199381,-1.1314403
795,1795000.0,5.414875,1.5178348,3.8970402,-0.2560644,1.0122168,1.1610992,0.80617254,-0.61728395,0.5,2.7776829,3.991159,3.9842489,0.35764077,0.022080615,0.0082124437,-0.055675699,2.6161057,2.4544001,0.6343606,0.15,1.6300482,0.5,0.035242256,14.187514,2.460491,32.30635,-0.0037662208,-0.1175444,0.0074360215,0.19649021,-2.5106093,0.89166401
796,1796000.0,5.4256786,1.5137109,3.9119677,-0.26562129,1.0094667,1.1600903,0.8010014,-0.61728395,0.5,2.5940813,3.8397541,3.8248867,0.11760317,-0.024840963,-0.14139454,0.073483148,2.4335406,2.2710794,0.64679286,0.15,1.6425667,0.5,0.035932937,13.91481,2.4776328,32.30635,0.012969368,-0.1695769,0.020389166,0.18458052,-1.7679736,3.8620603
797,1797000.0,5.4336883,1.4839171,3.9497713,-0.25403708,0.98959769,1.1183959,0.81143678,-0.61728395,0.5,2.7474885,3.9499654,3.999118,0.29338231,-0.00071144563,-0.21051072,0.010790237,2.5848563,2.4360956,0.6589412,0.15,1.6259721,0.5,0.036607844,13.658275,2.4848826,32.30635,0.0034742162,-0.22267543,0.0096290067,0.21477656,-3.0738462,-1.5693095
798,1798000.0,5.40337,1.4910021,3.9123679,-0.26168137,0.99432259,1.141082,0.79121378,-0.61728395,0.5,2.7343043,3.9812201,4.0310354,0.19065751,-0.050106734,0.066518912,-0.13527877,2.5757253,2.4165949,0.66838499,0.15,1.6410916,0.5,0.037132499,13.465293,2.4900511,32.30635,-0.0014727727,-0.14818814,0.012310784,0.1957988,-0.6352946,2.6312887
799,1799000.0,5.3949261,1.5502336,3.8446926,-0.28021197,1.033823,1.2057369,0.79580037,-0.61728395,0.5,2.8012852,4.0119207,4.0376432,0.3542917,-0.0071705638,0.139648,0.060469244,2.6417869,2.465574,0.67435258,0.15,1.6586509,0.5,0.037464032,13.346134,2.4725203,32.30635,-0.030017373,-0.23596751,0.01930268,0.26408464,-2.1489148,4.1790629
800,1800000.0,5.431734,1.5075229,3.9242111,-0.24307359,1.00534,1.1610367,0.78982415,-0.61728395,0.5,2.6752668,3.9569781,3.9338836,0.13493879,-0.026321215,-0.16823654,-0.021477192,2.5169663,2.3520014,0.67062017,0.15,1.6311895,0.5,0.037256676,13.420414,2.4961011,32.30635,-0.010704623,-0.18507543,-0.008649986,0.17230356,-0.66780182,0.82719216
801,1801000.0,5.4030707,1.5305273,3.8725434,-0.27682721,1.0206812,1.1767655,0.80463876,-0.61728395,0.5,2.7081327,3.9310398,3.9073728,0.28598533,0.016526645,-0.13731352,0.070045051,2.5468629,2.3804879,0.66227763,0.15,1.6707448,0.5,0.036793202,13.589467,2.5153556,32.30635,0.0057759256,-0.2221325,0.0046145599,0.19019519,1.4279241,-1.2789811
802,1802000.0,5.4268597,1.5159877,3.910872,-0.26161101,1.010985,1.1566926,0.80935036,-0.61728395,0.5,2.81814,3.9580927,4.0116458,0.48468151,0.030965559,0.044409155,-0.011126451,2.6559259,2.4960841,0.65048771,0.15,1.6775774,0.5,0.036138206,13.835773,2.4841629,32.30635,0.011438533,-0.13044166,0.027364333,0.21969498,6.310844,5.1366899
803,1803000.0,5.4028303,1.5033576,3.8994727,-0.26301143,1.0025622,1.1563205,0.78973714,-0.61728395,0.5,2.5860386,3.8631487,3.8621826,0.032784559,-0.015005784,-0.073558699,0.10818875,2.4277556,2.2640864,0.63891169,0.15,1.6427187,0.5,0.035495094,14.086454,2.4852213,32.30635,0.0077255983,-0.11613374,0.0098493466,0.16115475,1.465939,-1.6096864
804,1804000.0,5.3870426,1.5195384,3.8675041,-0.27399139,1.0133529,1.1636224,0.80538279,-0.61728395,0.5,2.8355083,3.9138872,4.0922246,0.50041322,-0.036191317,0.033320024,0.059267964,2.6740895,2.511523,0.63505112,0.15,1.63021,0.5,0.035280618,14.172088,2.5172737,32.30635,0.00096047821,-0.17084396,6.8167427e-05,0.1367912,-3.7625297,2.1946588
805,1805000.0,5.3822708,1.4704439,3.911827,-0.27052515,0.98061264,1.1204922,0.78705063,-0.61728395,0.5,2.5901672,3.8248591,3.8696267,0.076015761,-0.0023945154,0.057368662,0.048376874,2.4324226,2.2781905,0.63560314,0.15,1.6311482,0.5,0.035311286,14.159779,2.4975118,32.30635,-0.0019791408,-0.17017727,-0.031947637,0.13942739,-7.6061085,-5.2867896
806,1806000.0,5.3901211,1.4915837,3.8985374,-0.26090222,0.9947104,1.145834,0.78553921,-0.61728395,0.5,2.7346713,3.8735769,3.9555121,0.37492481,-0.02968035,0.1541976,-0.026668482,2.5772296,2.4156387,0.64055376,0.15,1.6704623,0.5,0.03558632,14.050343,2.4765755,32.30635,0.0079924619,-0.1859053,0.026236567,0.21044261,-3.7882324,4.8983537
807,1807000.0,5.422922,1.5370183,3.8859037,-0.26261091,1.02501,1.1397709,0.86637685,-0.61728395,0.5,2.7139885,3.9266851,4.0114911,0.20378942,-0.0022403314,-0.011078042,0.070734593,2.540345,2.3966441,0.64833595,0.15,1.6942289,0.5,0.036018664,13.881692,2.4686246,32.30635,0.0097942871,-0.18960618,0.030619307,0.18423097,-1.5606328,-2.3120154
808,1808000.0,5.3639849,1.5083454,3.8556395,-0.29854146,1.0058885,1.141713,0.81797932,-0.61728395,0.5,2.8582578,4.04782,4.0040508,0.52290253,0.0065445824,-0.13523643,-0.039027365,2.6943143,2.5403727,0.65698713,0.15,1.7042616,0.5,0.036499285,13.698899,2.4761306,32.30635,-0.0030157014,-0.17553598,0.0091628958,0.22205194,0.59688405,2.6027486
809,1809000.0,5.3944966,1.5233838,3.8711128,-0.28299651,1.0159173,1.1560953,0.82196803,-0.61728395,0.5,3.0680622,4.2533393,4.2725931,0.67825427,0.035975185,0.074859566,-0.034232192,2.9033193,2.7461727,0.67371583,0.15,1.698718,0.5,0.037428657,13.358748,2.4679624,32.30635,-0.0048234025,-0.1606702,0.0052879777,0.1565606,1.6737962,3.7683062
810,1810000.0,5.3448809,1.4860045,3.8588764,-0.26947279,0.99098978,1.1455149,0.77709036,-0.61728395,0.5,2.5004832,3.80903,3.8466082,-0.15418872,0.031063846,-0.16585403,0.040356513,2.3447348,2.1815395,0.68243902,0.15,1.6832793,0.5,0.037913279,13.187992,2.4972007,32.30635,0.005256549,-0.21284214,-0.012666359,0.21421078,1.0332118,-8.0787328
811,1811000.0,5.3711979,1.4941236,3.8770743,-0.26419537,0.99640425,1.1538217,0.778491,-0.61728395,0.5,2.8166475,4.0271931,3.9984337,0.42431586,0.044974038,-0.07180044,-0.00058736633,2.6606185,2.495391,0.67840779,0.15,1.6956054,0.5,0.037689321,13.266357,2.4821023,32.30635,-0.013226444,-0.25090689,0.026832451,0.20878844,-1.6924949,6.1364798
812,1812000.0,5.3779048,1.5170656,3.8608392,-0.26075857,1.0117038,1.1686103,0.7945123,-0.61728395,0.5,2.636128,3.942889,3.8484647,0.11703039,0.033487653,-0.139162,-0.090603307,2.4768879,2.3107539,0.66874491,0.15,1.71388,0.5,0.037152495,13.458046,2.4854429,32.30635,0.0019159017,-0.08125258,-0.01220762,0.20854795,-0.32089553,-1.7950865
813,1813000.0,5.3871572,1.527842,3.8593151,-0.26613397,1.0188905,1.1468899,0.84186182,-0.61728395,0.5,3.0412129,4.1657729,4.2647572,0.69310871,0.03654402,-0.057693725,-0.095742536,2.8724828,2.7218864,0.64933067,0.15,1.7018055,0.5,0.036073926,13.860427,2.4755688,32.30635,-0.015729409,-0.19016857,-0.0036574661,0.20756872,0.26560735,0.24264241
814,1814000.0,5.366468,1.5146143,3.8518536,-0.26291462,1.0100691,1.1527267,0.81267083,-0.61728395,0.5,2.807875,4.0693348,4.0156251,0.33866498,0.0031521948,-0.037741194,0.068848397,2.6449954,2.4869233,0.6418619,0.15,1.7263136,0.5,0.035658994,14.021708,2.5104259,32.30635,-0.0057413647,-0.18798257,0.021442211,0.18551745,1.378821,4.6450752
815,1815000.0,5.3888945,1.4916333,3.8972612,-0.25537827,0.99474351,1.1359102,0.79940447,-0.61728395,0.5,2.864983,4.081121,4.0272338,0.48659415,-0.050970408,-0.11440676,-0.10297552,2.7047624,2.5487135,0.63915488,0.15,1.738346,0.5,0.035508605,14.081094,2.4628226,32.30635,0.009118634,-0.14544467,0.021442574,0.17388857,1.2901864,4.834204
816,1816000.0,5.4293281,1.4913881,3.93794,-0.2306716,0.99457995,1.1286991,0.80903111,-0.61728395,0.5,2.7940991,3.9985109,4.0381652,0.34562112,0.00099324936,-0.17870906,0.13476767,2.631949,2.4798374,0.64849518,0.15,1.6857921,0.5,0.03602751,13.878284,2.4779092,32.30635,0.011032324,-0.19341973,0.0094772814,0.16941129,5.8047629,-2.1513417
817,1817000.0,5.4183077,1.5037825,3.9145253,-0.25583536,1.0028456,1.1394987,0.81378285,-0.61728395,0.5,2.7443931,3.9846697,3.9278256,0.32068408,-0.0053410259,-0.20858772,0.11531354,2.5812907,2.4271245,0.65785387,0.15,1.7047366,0.5,0.036547437,13.68085,2.4723369,32.30635,-0.0072922943,-0.23476898,-0.020400467,0.21399487,1.9718774,-5.6097927
818,1818000.0,5.4381294,1.5507444,3.8873849,-0.27550833,1.0341636,1.1591781,0.86129342,-0.61728395,0.5,2.6564863,3.8744397,3.9431693,0.15184984,0.01851659,-0.32941801,-0.02273367,2.4838616,2.3337384,0.66914032,0.15,1.7261102,0.5,0.037174462,13.450094,2.4743829,32.30635,-0.0063780138,-0.1943198,-0.00091227563,0.18157769,1.2501525,1.7251371
819,1819000.0,5.4506186,1.5406547,3.909964,-0.26385309,1.027435,1.1529014,0.85393179,-0.61728395,0.5,2.5832245,3.7998185,3.8862446,0.063610424,-0.066183645,-0.2270008,-0.076707641,2.4120752,2.2622242,0.67265849,0.15,1.7310452,0.5,0.037369916,13.379746,2.4761866,32.30635,0.017389274,-0.186678,-0.015119782,0.13338977,-1.1692499,0.1926805
820,1820000.0,5.419303,1.5351073,3.8841957,-0.25054525,1.0237355,1.1782609,0.80986098,-0.61728395,0.5,2.9106425,4.1000879,4.0670777,0.56476199,-0.040448921,-0.17416614,-0.046296351,2.7483261,2.5825814,0.66915506,0.15,1.7173652,0.5,0.037175281,13.449797,2.4993674,32.30635,-0.012553439,-0.1342358,-0.026439774,0.1984267,0.68978089,-2.9336188
821,1821000.0,5.3935476,1.5359947,3.8575528,-0.25618734,1.0243273,1.1670736,0.82681681,-0.61728395,0.5,2.561856,3.8944857,3.8993915,-0.10830909,-0.0018683316,0.0076663491,0.061376013,2.3961413,2.2369098,0.65885406,0.15,1.7436784,0.5,0.036603003,13.660081,2.5008905,32.30635,-0.011013004,-0.19625837,0.01648144,0.19237735,-2.1727729,-2.5859608
822,1822000.0,5.3763567,1.4709859,3.9053708,-0.26262793,0.98097414,1.1249301,0.78174954,-0.61728395,0.5,2.552952,3.8798806,3.7756103,0.0033651315,0.040223431,-0.059597108,-0.0051950939,2.3962699,2.2397397,0.64919173,0.15,1.6993819,0.5,0.036066207,13.863393,2.5040599,32.30635,0.042843917,-0.19644976,0.0076405692,0.22886037,-2.0358882,-4.1550567
823,1823000.0,5.3854246,1.5012572,3.8841674,-0.26918917,1.0011615,1.151145,0.79357911,-0.61728395,0.5,2.8464446,3.9520586,4.0801623,0.50711292,-0.031418449,-0.33273677,-0.089118061,2.6873915,2.5259333,0.64241804,0.15,1.7114486,0.5,0.035689891,14.009569,2.4623286,32.30635,-0.0086044528,-0.18445575,-0.024610837,0.19636838,-0.027272409,4.4669463
824,1824000.0,5.4171598,1.4943913,3.9227686,-0.26397885,0.99658274,1.1576494,0.7736002,-0.61728395,0.5,2.676689,3.876717,3.8924321,0.26091802,0.081390808,-0.16869915,-0.026551964,2.5216402,2.3543668,0.63860046,0.15,1.6672858,0.5,0.035477804,14.093319,2.5058977,32.30635,0.015791446,-0.16215765,-0.0023681496,0.1361504,0.68372398,-3.2086413
825,1825000.0,5.3884693,1.4830522,3.9054171,-0.23859929,0.98902092,1.1605205,0.75153931,-0.61728395,0.5,2.8235783,4.0271956,4.0199041,0.42363532,0.021542277,-0.14814024,0.10580101,2.6729511,2.5004567,0.63669642,0.15,1.663072,0.5,0.035372023,14.135465,2.4695535,32.30635,-0.026385543,-0.21176431,-0.015646566,0.21052455,3.6622736,1.7734848
826,1826000.0,5.3857522,1.5074667,3.8782855,-0.28593433,1.0053025,1.1571049,0.79519647,-0.61728395,0.5,2.7828315,3.980349,4.0026042,0.3655413,-0.025613395,-0.25328079,-0.067614804,2.6234542,2.4606608,0.64648567,0.15,1.7017283,0.5,0.03591587,13.921422,2.4870297,32.30635,0.0015840584,-0.1896798,-0.012979368,0.17725848,2.0372623,-1.1269597
827,1827000.0,5.4148949,1.5168402,3.8980547,-0.26685673,1.0115535,1.1540927,0.81432066,-0.61728395,0.5,2.8585081,4.0655177,4.0657573,0.44424916,0.023707568,-0.089867081,0.080453655,2.6952979,2.5371761,0.65649931,0.15,1.6793811,0.5,0.036472184,13.709078,2.4887766,32.30635,0.0017869716,-0.19406667,0.0054096072,0.19807481,0.50647273,5.2148222
828,1828000.0,5.4194834,1.5527233,3.8667601,-0.2771195,1.0354833,1.1939722,0.81611193,-0.61728395,0.5,2.8657259,4.0588545,4.0827917,0.45553146,-0.040258289,-0.12244938,0.020514444,2.7021567,2.5332903,0.66395272,0.15,1.7005514,0.5,0.036886262,13.555182,2.4910315,32.30635,-0.01429023,-0.17302679,0.0045316503,0.1915317,0.69175691,2.1467311
829,1829000.0,5.4657332,1.538232,3.9275012,-0.23866171,1.0258193,1.1770008,0.81659179,-0.61728395,0.5,2.6132154,3.8983681,3.8623571,0.078921101,-0.023469033,-0.25491274,0.012253482,2.44955,2.2855052,0.66244763,0.15,1.7195472,0.5,0.036802646,13.58598,2.4888354,32.30635,-0.0045463361,-0.14653421,0.012990948,0.21530031,-0.21158909,-4.5820198
830,1830000.0,5.4183437,1.517149,3.9011948,-0.25779906,1.0117594,1.1630397,0.80238379,-0.61728395,0.5,2.7485046,3.9947772,3.97353,0.27720676,-0.07147995,-0.42398296,0.051952286,2.5876869,2.4246816,0.66041306,0.15,1.6584881,0.5,0.036689615,13.627835,2.472138,32.30635,0.010966724,-0.14737132,0.013019403,0.11986228,2.5210847,-0.67092983
831,1831000.0,5.4360221,1.5362631,3.899759,-0.28080834,1.0245063,1.166824,0.82759124,-0.61728395,0.5,2.4210677,3.6891588,3.7689219,-0.19487758,0.0072599418,-0.17762589,0.0099091807,2.2551977,2.0961909,0.65757375,0.15,1.7279626,0.5,0.036531875,13.686678,2.4764147,32.30635,-0.0076708154,-0.21341288,0.015391539,0.200448,2.6647562,2.7090663
832,1832000.0,5.4215235,1.5155369,3.9059865,-0.27453117,1.0106844,1.1732567,0.78562114,-0.61728395,0.5,2.7239853,3.8817652,4.009516,0.28067456,-0.051010278,0.24372076,0.034514085,2.5665271,2.3973175,0.65432668,0.15,1.6829225,0.5,0.036351482,13.754597,2.4934755,32.30635,0.0042497968,-0.16570665,-0.0040522311,0.24351481,-6.345294,4.119343
833,1833000.0,5.4285921,1.5417014,3.8868907,-0.26250702,1.028133,1.1975196,0.79361693,-0.61728395,0.5,2.5140436,3.7699479,3.8147913,-0.042608289,0.013376614,-0.007304901,-0.055080972,2.3549829,2.1806203,0.65183954,0.15,1.6678084,0.5,0.036213308,13.807079,2.4813405,32.30635,0.01394036,-0.17532428,-0.029808558,0.18511751,2.224689,0.70257491
834,1834000.0,5.4233606,1.5216715,3.9016891,-0.25873836,1.0147754,1.1649515,0.80693606,-0.61728395,0.5,2.4564345,3.7538911,3.7835889,-0.16817661,-0.047168792,-0.051656285,-0.11911122,2.2947043,2.1320791,0.64866681,0.15,1.6794913,0.5,0.036037045,13.874612,2.5013841,32.30635,-0.013953839,-0.13618924,0.0058388838,0.20684005,-0.62298611,-3.3781591
835,1835000.0,5.3998059,1.506351,3.8934549,-0.26404084,1.0045585,1.1747126,0.76895791,-0.61728395,0.5,2.9897505,4.1473973,4.1623765,0.65947788,0.045230078,-0.10708079,-0.063956282,2.8356322,2.6626774,0.64572411,0.15,1.6512743,0.5,0.035873562,13.937841,2.4721875,32.30635,-0.0038704902,-0.20755258,0.029067081,0.18040584,0.53426884,0.13930299
836,1836000.0,5.4257807,1.5497293,3.8760515,-0.26819206,1.0334867,1.1928262,0.81293201,-0.61728395,0.5,2.8014223,4.0512642,3.9970201,0.35598258,0.0015953708,-0.22718371,-0.1273498,2.6384904,2.4693058,0.64575763,0.15,1.6466566,0.5,0.035875424,13.937117,2.4844154,32.30635,0.0036446013,-0.23892991,-0.025038978,0.12530023,-1.2515093,0.75503115
837,1837000.0,5.4235701,1.5185303,3.9050399,-0.26349686,1.0126806,1.1600944,0.80867691,-0.61728395,0.5,2.5778916,3.8390754,3.8055743,0.089025217,-0.04163331,-0.28226097,0.043075926,2.4158126,2.2548886,0.6431334,0.15,1.6343915,0.5,0.035729633,13.993986,2.5006426,32.30635,-0.0086847701,-0.16918442,0.0050023835,0.15319199,-0.38946548,-3.5602146
838,1838000.0,5.4358863,1.546769,3.8891173,-0.2737979,1.0315125,1.1965558,0.80303268,-0.61728395,0.5,2.4886362,3.8115833,3.8057704,-0.15144494,0.066297624,0.17204118,-0.05753052,2.3276884,2.1554813,0.64616434,0.15,1.6416151,0.5,0.035898019,13.928345,2.4836458,32.30635,-0.0075444455,-0.14673023,0.0083204515,0.23709048,-2.6306695,3.084634
839,1839000.0,5.47472,1.5153149,3.9594051,-0.24153593,1.0105363,1.152233,0.81447313,-0.61728395,0.5,2.4429808,3.776249,3.7922716,-0.23957821,0.0052164949,0.029917042,0.074008568,2.27974,2.1221666,0.65108687,0.15,1.6615095,0.5,0.036171493,13.82304,2.5025357,32.30635,0.0023105036,-0.13051829,0.0062396065,0.16173959,-3.8475926,0.58410714
840,1840000.0,5.4460083,1.5551051,3.8909032,-0.26404627,1.0370717,1.1953765,0.81795718,-0.61728395,0.5,2.6430468,3.8809529,3.8781515,0.17003592,-0.055573113,-0.099416525,-0.13776025,2.4791077,2.3102202,0.65086161,0.15,1.6585791,0.5,0.036158978,13.827824,2.4914827,32.30635,-0.010133596,-0.22719908,0.016094224,0.20436741,4.9990382,-3.7383369
841,1841000.0,5.4237684,1.4874695,3.9362989,-0.26626577,0.99196672,1.1585643,0.76129716,-0.61728395,0.5,2.7765571,3.9307835,4.0014004,0.39748753,-0.048812432,-0.12526435,-0.11148979,2.6239742,2.4539801,0.64986687,0.15,1.6656046,0.5,0.036103715,13.84899,2.4843033,32.30635,-0.01897051,-0.17029355,0.0058393623,0.1782607,2.0886231,-2.2656432
842,1842000.0,5.4647199,1.5661506,3.8985693,-0.25830815,1.0444377,1.2158482,0.80712268,-0.61728395,0.5,2.8331024,4.048944,4.0086053,0.44175786,0.019652679,-0.014213513,-0.074525532,2.6713348,2.4945759,0.65250139,0.15,1.6723189,0.5,0.036250077,13.793074,2.4795839,32.30635,0.0017329642,-0.18070183,-0.0056905999,0.16959006,0.27119653,-0.76805447
843,1843000.0,5.4730691,1.5769092,3.8961599,-0.27083048,1.0516124,1.2166542,0.82315026,-0.61728395,0.5,2.8772351,4.0401695,4.0317305,0.55980519,-0.021664927,0.021618265,-0.15262248,2.7122552,2.5384842,0.64594486,0.15,1.6747897,0.5,0.035885826,13.933078,2.4923986,32.30635,-0.0061052688,-0.16835761,-0.023173219,0.1613965,-0.79941559,4.0420385
844,1844000.0,5.4879996,1.5743536,3.913646,-0.27683167,1.0499082,1.2217941,0.81193688,-0.61728395,0.5,2.8625931,4.0239162,4.1577405,0.4061225,0.024329928,-0.45470771,0.11031679,2.6998606,2.5224111,0.64835267,0.15,1.7239076,0.5,0.036019593,13.881334,2.4908343,32.30635,-0.032134415,-0.19964353,0.049548754,0.19029164,1.8963932,-1.2439439
845,1845000.0,5.4828698,1.5314394,3.9514304,-0.26068428,1.0212895,1.1790756,0.80288333,-0.61728395,0.5,2.4845474,3.7247764,3.7924603,-0.063594433,-0.05482716,-0.2977525,-0.072849837,2.3236295,2.1562595,0.64494516,0.15,1.6982635,0.5,0.035830287,13.954675,2.4867841,32.30635,-0.0069251499,-0.20411412,0.0014008161,0.15652016,4.1188487,3.7960329
846,1846000.0,5.5049622,1.5596265,3.9453357,-0.23594397,1.040087,1.2182102,0.7934432,-0.61728395,0.5,2.7477704,3.9988353,3.9215182,0.3229577,-0.013979995,-0.16446397,-0.063201197,2.5887446,2.4085863,0.64415783,0.15,1.7153861,0.5,0.035786546,13.971731,2.4756865,32.30635,-0.00062278233,-0.18312095,0.020268895,0.16197378,1.200585,2.714247
847,1847000.0,5.4999077,1.5920426,3.9078651,-0.26270694,1.0617047,1.2392979,0.81581394,-0.61728395,0.5,2.6801742,3.9205305,3.9192882,0.20070398,-0.0046883968,-0.11009584,-0.0083401583,2.5166647,2.3351187,0.65359816,0.15,1.7300976,0.5,0.036311009,13.769929,2.4808232,32.30635,0.0035365756,-0.18877373,-0.0073779989,0.20557324,0.7739909,-4.2764288
848,1848000.0,5.4910296,1.5406148,3.9504148,-0.2357503,1.0274084,1.1944375,0.79616668,-0.61728395,0.5,2.944746,4.1478295,4.0873729,0.59903574,-0.037991148,0.22684454,-0.068760793,2.7851743,2.6121809,0.65335362,0.15,1.6796696,0.5,0.036297423,13.775082,2.4875818,32.30635,0.0073244316,-0.17395551,0.016609018,0.22014782,-1.0958609,6.4922701
849,1849000.0,5.460475,1.5490234,3.9114516,-0.27541907,1.0330159,1.1894504,0.81649657,-0.61728395,0.5,2.5855501,3.8624354,3.8761628,0.018052192,-0.010957645,-0.20109781,-0.042897062,2.4219038,2.2543736,0.65759704,0.15,1.6650072,0.5,0.036533169,13.686193,2.4801171,32.30635,0.0082293123,-0.14965542,0.016226101,0.24802299,3.7481121,-4.0425032
850,1850000.0,5.4485292,1.5427484,3.9057808,-0.25766488,1.0288313,1.2047176,0.78528627,-0.61728395,0.5,2.6652122,3.9160352,3.8888969,0.19070451,0.011220569,-0.020449088,-0.02810882,2.5078212,2.3297848,0.65518575,0.15,1.7065748,0.5,0.036399208,13.736562,2.490246,32.30635,-0.0074782552,-0.19889903,-0.0087317889,0.15816352,-2.9606256,-4.0749
851,1851000.0,5.4382315,1.5751127,3.8631189,-0.26773873,1.0504144,1.2151468,0.82238102,-0.61728395,0.5,2.5669414,3.808197,3.8627721,0.029855096,0.0058448134,0.017844404,0.063907334,2.4021157,2.2286102,0.65012655,0.15,1.6835007,0.5,0.036118142,13.843459,2.4787058,32.30635,-0.010789964,-0.21225644,0.0086847357,0.18850556,-2.4489216,-1.100744
852,1852000.0,5.4129295,1.5200825,3.8928469,-0.25400918,1.0137158,1.1889885,0.77101168,-0.61728395,0.5,2.7761335,3.999862,4.052624,0.27591454,0.0011434232,0.032663416,0.005789535,2.6216035,2.4450856,0.64502808,0.15,1.6742499,0.5,0.035834893,13.952881,2.466098,32.30635,0.0024868168,-0.19102703,0.017788971,0.17478263,-1.6527041,9.3358123
853,1853000.0,5.5054601,1.583919,3.9215412,-0.26131495,1.0562872,1.2160169,0.83520795,-0.61728395,0.5,2.8096245,3.9171879,4.004797,0.50688857,-0.031969348,-0.031585128,0.0024220928,2.6422279,2.471051,0.64315317,0.15,1.6766203,0.5,0.035730732,13.993556,2.4922507,32.30635,-0.010476053,-0.18380805,0.024893324,0.24086159,-2.7371463,2.5224942
854,1854000.0,5.4857962,1.5509881,3.9348081,-0.25153472,1.0343261,1.1924909,0.81540402,-0.61728395,0.5,2.8719028,3.9852541,4.1003041,0.53015009,-0.038407784,-0.12912961,-0.022331211,2.7084754,2.5398796,0.64527573,0.15,1.6785317,0.5,0.035848652,13.947526,2.4723552,32.30635,0.015973275,-0.21522857,-0.0091888232,0.19157325,4.3006454,4.3099166
855,1855000.0,5.4788677,1.5471129,3.9317548,-0.2536884,1.0317418,1.1805317,0.82584126,-0.61728395,0.5,2.8880615,4.0834096,4.0669325,0.51384251,-0.016071737,0.014248567,-0.12414878,2.7225423,2.5593682,0.65058093,0.15,1.719583,0.5,0.036143385,13.83379,2.4823776,32.30635,-0.0093320098,-0.23529754,-0.0015384369,0.19547821,0.33171959,10.961722
856,1856000.0,5.4464907,1.5511434,3.8953473,-0.25772767,1.0344297,1.2131424,0.78696279,-0.61728395,0.5,2.8436725,4.0249544,4.0834378,0.42262537,-0.010338645,-0.43399796,-0.011988907,2.6859455,2.5058994,0.6559771,0.15,1.7591939,0.5,0.036443172,13.719991,2.4739289,32.30635,-0.0054846779,-0.14828186,0.00068841018,0.23542665,0.85934687,4.7238559
857,1857000.0,5.4816427,1.5408574,3.9407853,-0.24397129,1.0275702,1.2023121,0.78561417,-0.61728395,0.5,2.7830057,4.0104894,4.0147355,0.32379217,-0.0036703012,-0.35168465,0.040268872,2.625549,2.4482481,0.65754175,0.15,1.7070018,0.5,0.036530097,13.687344,2.4831791,32.30635,-0.020459367,-0.12887728,0.02139802,0.19638839,1.5379317,-5.7699641
858,1858000.0,5.493063,1.549448,3.943615,-0.24785296,1.0332991,1.1941023,0.81071102,-0.61728395,0.5,2.7257571,3.9913087,3.9647366,0.22122613,0.005970282,-0.39118778,0.066515128,2.5632704,2.3932853,0.65864218,0.15,1.6510834,0.5,0.036591232,13.664476,2.4944008,32.30635,0.0022235683,-0.15552297,-0.026321193,0.14512115,3.4522945,5.4104973
859,1859000.0,5.5078043,1.5587472,3.9490571,-0.24652189,1.0395005,1.2000139,0.81731985,-0.61728395,0.5,2.8258241,4.0165752,4.0911056,0.36979165,0.040269624,-0.13890526,0.062269072,2.6620128,2.4917064,0.65677956,0.15,1.6764941,0.5,0.036487754,13.703228,2.4825174,32.30635,-0.021412577,-0.19327319,0.0095217035,0.19800912,-1.0509189,0.65284184
860,1860000.0,5.4781519,1.5428204,3.9353314,-0.25920232,1.0288793,1.1869923,0.81002491,-0.61728395,0.5,2.8914157,4.0068293,4.1283604,0.53905741,-0.042720486,-0.045996242,-0.075348686,2.7290665,2.5609235,0.65093809,0.15,1.7049297,0.5,0.036163227,13.8262,2.4717983,32.30635,-0.016446622,-0.14185192,-2.27737e-05,0.19387192,1.6154183,-0.62600244
861,1861000.0,5.4759808,1.5688584,3.9071223,-0.26858903,1.0462436,1.1920442,0.84450678,-0.61728395,0.5,2.6661538,3.8909918,3.969582,0.13788768,-0.031040083,0.043189778,-0.067776208,2.4968936,2.3342551,0.64075141,0.15,1.7209675,0.5,0.035597301,14.046009,2.4877658,32.30635,-0.0094877886,-0.15490275,0.014087662,0.13579887,-1.908806,-8.1484418
862,1862000.0,5.4290623,1.5092238,3.9198385,-0.26147719,1.0064743,1.1757746,0.77206134,-0.61728395,0.5,2.7639519,3.8985815,3.9901848,0.40308937,0.06164088,-0.13472835,0.099288299,2.6092115,2.436583,0.64001442,0.15,1.7371752,0.5,0.035556357,14.062183,2.4810799,32.30635,-0.016820233,-0.1785569,0.0070280501,0.2731069,2.6684071,7.1584596
863,1863000.0,5.4338267,1.5351871,3.8986396,-0.25800046,1.0237887,1.1842183,0.80171227,-0.61728395,0.5,2.6237676,3.8552188,3.9088963,0.10718777,0.044119194,-0.27216164,-0.12857184,2.4630844,2.2940478,0.63820897,0.15,1.6989327,0.5,0.035456054,14.101964,2.4863372,32.30635,0.0049483625,-0.18494477,-0.0025648782,0.17338595,4.2133433,3.9588754
864,1864000.0,5.4413282,1.5508525,3.8904757,-0.26537219,1.0342357,1.2132523,0.78634639,-0.61728395,0.5,2.6031021,3.8503343,3.8323268,0.12664523,-0.032412616,-0.15750805,0.091443707,2.4454986,2.2652984,0.6473516,0.15,1.7024357,0.5,0.035963978,13.9028,2.5049046,32.30635,-0.0056732852,-0.13812861,0.0090970839,0.20692556,-4.273635,-1.560106
865,1865000.0,5.4664603,1.5362849,3.9301754,-0.26535363,1.0245209,1.1820799,0.80643273,-0.61728395,0.5,3.0613892,4.2076436,4.1706959,0.80582828,0.023099605,-0.073330141,0.10285868,2.89976,2.7322648,0.65590785,0.15,1.6667613,0.5,0.036439325,13.72144,2.492088,32.30635,-0.00097001968,-0.14531341,0.004170162,0.2079481,-1.6840924,5.3936886
866,1866000.0,5.4673643,1.5775463,3.889818,-0.2556236,1.0520374,1.2281131,0.80824722,-0.61728395,0.5,2.6985264,3.9113824,3.9013783,0.28281854,-0.03182036,0.071844722,-0.10825047,2.5365335,2.3565851,0.66044515,0.15,1.6426763,0.5,0.036691397,13.627173,2.5018994,32.30635,-0.017949533,-0.20782339,-0.0039188859,0.15858594,3.5403167,-0.39751141
867,1867000.0,5.4480332,1.5756323,3.872401,-0.280513,1.0507609,1.196952,0.84848518,-0.61728395,0.5,2.5834155,3.9054805,3.8212399,0.023526321,-0.011108195,-0.12806443,0.10410946,2.4133579,2.2501503,0.663064,0.15,1.6498316,0.5,0.036836889,13.57335,2.4911781,32.30635,-0.0075644405,-0.21358751,0.013749514,0.18513517,4.1466763,1.1717425
868,1868000.0,5.436034,1.538063,3.897971,-0.26586049,1.0257067,1.1977963,0.78743357,-0.61728395,0.5,2.8428884,4.076658,4.0793427,0.37266439,-0.029598157,-0.0085990907,0.072088075,2.685067,2.509388,0.6585731,0.15,1.6338886,0.5,0.036587395,13.665909,2.4796767,32.30635,0.001681763,-0.16155853,0.013425373,0.20038701,-2.6423418,-0.20126519
869,1869000.0,5.4823039,1.5253206,3.9569833,-0.24437144,1.017209,1.1815424,0.7897042,-0.61728395,0.5,2.9251281,4.0714943,4.0631651,0.64072499,0.052785888,0.16971412,0.082764281,2.7668517,2.5961534,0.64756576,0.15,1.647859,0.5,0.035975876,13.898202,2.4647815,32.30635,-0.021260502,-0.16907049,0.0083049857,0.25927003,-0.25313273,1.7743589
870,1870000.0,5.4249508,1.5204063,3.9045445,-0.25261195,1.0139317,1.1917581,0.76768019,-0.61728395,0.5,2.7153537,3.9883221,3.9365338,0.22120523,0.053824861,-0.13659115,0.080157023,2.5614914,2.3835346,0.63749828,0.15,1.6606754,0.5,0.035416571,14.117685,2.4895031,32.30635,-0.023761056,-0.20700564,-0.020201452,0.15240993,1.1954503,8.7245919
871,1871000.0,5.4795279,1.5221132,3.9574147,-0.23385488,1.01507,1.1602976,0.81410521,-0.61728395,0.5,2.4229361,3.7143503,3.8315824,-0.27712437,-0.037020706,-0.28270315,0.039374934,2.2597691,2.0998765,0.62909318,0.15,1.6767052,0.5,0.034949621,14.306307,2.4818002,32.30635,-0.034056096,-0.20076288,0.01062121,0.12573624,0.96887813,-5.4576536
872,1872000.0,5.4605437,1.5632211,3.8973226,-0.23193888,1.0424841,1.2363117,0.77402596,-0.61728395,0.5,3.1210354,4.2510575,4.2268974,0.88515118,-0.011665418,0.18667928,0.024106721,2.9659012,2.7768113,0.6314383,0.15,1.6573751,0.5,0.035079905,14.253174,2.4986523,32.30635,0.0083650036,-0.25592251,0.0096694175,0.22866792,-0.4177126,4.6445706
873,1873000.0,5.4397017,1.5206984,3.9190033,-0.23847641,1.0141265,1.1941471,0.76482691,-0.61728395,0.5,2.6716279,3.9520887,3.9111169,0.15167806,0.016778927,0.032970249,0.08480291,2.5183375,2.3391436,0.63393439,0.15,1.660956,0.5,0.035218577,14.197053,2.486089,32.30635,0.050256948,-0.19343272,-0.015846072,0.21133926,2.5357091,-2.5349034
874,1874000.0,5.4781447,1.519083,3.9590618,-0.2463954,1.0130492,1.1750999,0.78871247,-0.61728395,0.5,2.4924823,3.6471039,3.8690976,-0.03875443,0.050220905,-0.24294717,0.038968844,2.3344046,2.1653014,0.64236393,0.15,1.6725898,0.5,0.035686885,14.010749,2.4821947,32.30635,0.040015474,-0.18393189,0.030206448,0.21639164,-0.054919181,-0.31566954
875,1875000.0,5.4348118,1.5243056,3.9105062,-0.25321757,1.0165321,1.1771218,0.79422763,-0.61728395,0.5,2.6283889,3.9257112,3.8947254,0.064730064,0.013967997,-0.41680103,0.076669788,2.4692058,2.300645,0.64728949,0.15,1.6809834,0.5,0.035960527,13.904134,2.492188,32.30635,-0.0026411049,-0.22608029,-0.023444078,0.16060248,3.1055308,-0.9085422
876,1876000.0,5.4326854,1.5390961,3.8935893,-0.25842687,1.0263956,1.1829268,0.80973678,-0.61728395,0.5,3.1516479,4.3127849,4.2457853,0.89637348,0.025195017,-0.10665277,-0.039454451,2.9893564,2.8222877,0.65142434,0.15,1.6926022,0.5,0.036190241,13.815879,2.4978027,32.30635,-0.048854941,-0.2034414,-0.0072810388,0.1989928,-2.7733926,3.4888027
877,1877000.0,5.4599083,1.5481412,3.9117672,-0.26600619,1.0324276,1.2047165,0.79388288,-0.61728395,0.5,2.6258701,3.8376271,3.921911,0.11807202,-0.042293515,-0.11581516,-0.045497513,2.4667561,2.290443,0.65498141,0.15,1.6957322,0.5,0.036387856,13.740848,2.4808294,32.30635,-0.014989376,-0.25939283,0.0037753107,0.15095416,3.9272418,-0.13169905
878,1878000.0,5.4460877,1.5149136,3.9311741,-0.26165086,1.0102687,1.1855147,0.76759896,-0.61728395,0.5,2.6791128,3.926798,3.8864701,0.22407028,0.03749265,-0.20976147,0.089080566,2.5252668,2.349032,0.65547403,0.15,1.7657068,0.5,0.036415224,13.730521,2.4740263,32.30635,0.0066215966,-0.14725623,0.0047391408,0.22251009,3.2609986,-1.5473226
879,1879000.0,5.4402608,1.542879,3.8973818,-0.26937447,1.0289183,1.2020492,0.78920138,-0.61728395,0.5,2.8683149,4.0417654,4.0632695,0.49990986,-0.0041253848,-0.26353242,0.014372214,2.7101392,2.5336305,0.65820979,0.15,1.7853681,0.5,0.03656721,13.673452,2.5050015,32.30635,-0.00062237287,-0.16456804,-0.0080499473,0.16076881,-1.811604,5.2216473
880,1880000.0,5.4796923,1.5553207,3.9243715,-0.24332604,1.0372155,1.2077863,0.80106138,-0.61728395,0.5,2.808471,3.98188,3.9933139,0.45021921,0.0028385886,-0.2795306,0.086874497,2.6479183,2.4721892,0.65334056,0.15,1.7553091,0.5,0.036296698,13.775358,2.4549646,32.30635,0.0091426719,-0.18726849,-0.0050477588,0.15998218,-2.1434459,6.2715608
881,1881000.0,5.4404035,1.5503808,3.8900227,-0.24543461,1.0339211,1.2037309,0.79882164,-0.61728395,0.5,2.5643189,3.7634044,3.8712541,0.058298078,0.02315211,-0.13951633,0.11792176,2.4042151,2.2291662,0.65210706,0.15,1.7599339,0.5,0.03622817,13.801415,2.525497,32.30635,0.015551014,-0.17482138,0.021504104,0.17744155,0.08158438,-2.5334698
882,1882000.0,5.4566298,1.5104532,3.9461766,-0.25558058,1.0072942,1.1698731,0.78221913,-0.61728395,0.5,2.5972995,3.7869611,3.9339412,0.070996189,-0.014499822,-0.047238759,0.13949151,2.4405232,2.2715738,0.64610544,0.15,1.7127308,0.5,0.035894747,13.929615,2.5116072,32.30635,-0.001613564,-0.18613106,0.020161896,0.21230214,0.60618018,0.45648041
883,1883000.0,5.432713,1.5380441,3.8946689,-0.25971424,1.025694,1.1823595,0.80884801,-0.61728395,0.5,2.9392735,4.1141061,4.1107459,0.59296854,-0.0076659063,-0.15540717,0.009363502,2.7771601,2.6100712,0.63995285,0.15,1.7104198,0.5,0.035552936,14.063536,2.4716173,32.30635,0.027859339,-0.16357279,-0.014371798,0.29581918,0.24751797,-0.071801807
884,1884000.0,5.4473921,1.5200621,3.92733,-0.24882645,1.0137022,1.1904479,0.76895161,-0.61728395,0.5,2.7341622,3.9393214,4.0116229,0.2515424,-0.012329453,-0.2197109,0.059174698,2.5800451,2.4027079,0.64246709,0.15,1.7046508,0.5,0.035692616,14.0085,2.5048678,32.30635,0.0281783,-0.18227612,-0.017020537,0.1851099,-0.026183855,4.4677573
885,1885000.0,5.4474894,1.5302372,3.9172522,-0.25075243,1.0204878,1.1908649,0.78458964,-0.61728395,0.5,2.6464901,3.8589017,3.9246919,0.15587662,0.024646999,-0.16691829,0.035481973,2.4892387,2.3149196,0.64756101,0.15,1.757298,0.5,0.035975612,13.898304,2.5030561,32.30635,-0.016107833,-0.17825581,-0.0013864748,0.20956409,3.8847948,0.48652307
886,1886000.0,5.4067016,1.5347834,3.8719182,-0.26405089,1.0235196,1.2111899,0.76360032,-0.61728395,0.5,2.8511131,4.0636155,4.089272,0.4004517,0.038195857,-0.18779855,-0.090941141,2.6980685,2.5138836,0.65622946,0.15,1.7594272,0.5,0.036457192,13.714715,2.5022886,32.30635,-0.0037841272,-0.20829516,-0.01743233,0.23933578,1.7787152,-0.053512713
887,1887000.0,5.4473149,1.5379275,3.9093874,-0.27368769,1.0256163,1.2003787,0.78363019,-0.61728395,0.5,2.5416455,3.7792927,3.8258114,0.019832285,0.018465078,-0.09809348,-0.060301733,2.3845864,2.2074261,0.66112996,0.15,1.7506719,0.5,0.036729442,13.613057,2.4799608,32.30635,-0.019395998,-0.18217565,-0.0062736513,0.19134231,2.5683059,-3.2864696
888,1888000.0,5.4669391,1.5621781,3.904761,-0.26297522,1.0417886,1.2141634,0.80313183,-0.61728395,0.5,2.731128,3.961769,4.0150603,0.21655452,-0.018702796,-0.23462549,-0.091854162,2.5701603,2.3930706,0.66505183,0.15,1.7397439,0.5,0.036947324,13.53278,2.485807,32.30635,-0.045040618,-0.18250025,-0.035831359,0.16817444,2.8141536,3.2245595
889,1889000.0,5.4667185,1.5504906,3.9162278,-0.25427463,1.0339944,1.2093009,0.79125889,-0.61728395,0.5,2.7090872,3.9670594,3.9571267,0.2030754,0.010119982,-0.15283766,0.00051431481,2.5504991,2.3723836,0.66129455,0.15,1.7575841,0.5,0.036738586,13.609669,2.5118118,32.30635,-0.009845868,-0.20585227,0.0078397574,0.15678213,-2.2433368,5.1170151
890,1890000.0,5.4489195,1.5659244,3.8829951,-0.25954109,1.0442869,1.2178508,0.80398028,-0.61728395,0.5,2.6745662,3.9272654,3.9165373,0.17989592,-0.0036801138,-0.13550136,-0.10857516,2.5134285,2.3354822,0.65372373,0.15,1.8124329,0.5,0.036317985,13.767284,2.5003618,32.30635,-0.0075830047,-0.20918709,-0.037195794,0.16098886,-1.1105075,-1.250746
891,1891000.0,5.436869,1.53761,3.899259,-0.24832963,1.0254045,1.1909392,0.79623743,-0.61728395,0.5,2.9025345,4.1611397,4.0683445,0.47811927,0.045336277,0.026745201,0.11869635,2.7429486,2.5709434,0.64201355,0.15,1.8093428,0.5,0.035667419,14.018396,2.4723255,32.30635,0.010088187,-0.13863212,0.010583625,0.18645623,-1.800186,-2.4546679
892,1892000.0,5.4771038,1.5433089,3.9337948,-0.25213096,1.0292051,1.1841494,0.81475278,-0.61728395,0.5,2.5087176,3.7902898,3.7743698,-0.038506873,0.027820865,0.010006724,-0.096343973,2.3454208,2.1790169,0.63635885,0.15,1.799205,0.5,0.035353269,14.142964,2.4738916,32.30635,0.0025794721,-0.20784286,0.008284154,0.16250023,-3.0693001,-0.43256949
893,1893000.0,5.4148124,1.5138462,3.9009663,-0.25754432,1.0095569,1.1673426,0.7911422,-0.61728395,0.5,2.4759161,3.7798097,3.7552126,-0.10727417,-0.0049347847,0.062716198,-0.039552082,2.3173514,2.1508949,0.63380298,0.15,1.773643,0.5,0.035211277,14.199996,2.4817477,32.30635,0.00022516335,-0.17421923,-0.0010085018,0.16652851,0.30131777,3.933023
894,1894000.0,5.4756624,1.520562,3.9551004,-0.22905623,1.0140355,1.1687581,0.79987956,-0.61728395,0.5,2.9741963,4.1196196,4.1569217,0.64604752,-0.037328587,-0.0075909352,0.10006654,2.8138804,2.648781,0.64157235,0.15,1.7903345,0.5,0.035642908,14.028036,2.5032738,32.30635,-0.0092275888,-0.15044101,0.020363643,0.19095715,-0.39470094,4.5741762
895,1895000.0,5.4126763,1.5514157,3.8612606,-0.26915453,1.0346113,1.1995877,0.80622682,-0.61728395,0.5,2.975092,4.1686203,4.0853125,0.67134308,-0.019833337,-0.1115483,-0.076288548,2.813504,2.6410929,0.64760826,0.15,1.7917946,0.5,0.035978237,13.89729,2.4888949,32.30635,-0.018115973,-0.23360822,0.0047203083,0.19794682,2.9770186,-6.14767
896,1896000.0,5.4280749,1.522314,3.9057609,-0.2689899,1.0152039,1.177688,0.79026669,-0.61728395,0.5,2.5339507,3.7612716,3.7882277,0.05235275,0.00049046224,-0.20981696,0.0077408113,2.3755615,2.2060491,0.66233859,0.15,1.7602052,0.5,0.036796588,13.588216,2.4775707,32.30635,0.01061126,-0.1932067,-0.030767619,0.1873059,2.1358293,-3.4232122
897,1897000.0,5.4021325,1.5329205,3.869212,-0.2669788,1.0222772,1.1994225,0.77697826,-0.61728395,0.5,2.8957958,4.0705304,4.1344491,0.4824079,-0.0048092524,0.33315847,0.041831254,2.7400699,2.5618427,0.66070737,0.15,1.782042,0.5,0.036705965,13.621764,2.4777607,32.30635,-0.013031303,-0.18618974,0.0029462687,0.19825653,-2.3224304,-0.2241221
898,1898000.0,5.4429302,1.5167232,3.9262071,-0.24958526,1.0114755,1.1587598,0.80765073,-0.61728395,0.5,2.8515606,4.0812696,4.0493109,0.42410141,-0.037101971,0.040341953,0.0054198059,2.6896872,2.5289292,0.65990547,0.15,1.7649851,0.5,0.036661415,13.638317,2.5084319,32.30635,-0.00084750246,-0.22328278,0.0013551557,0.17481776,-0.19818546,0.90739358
899,1899000.0,5.4333302,1.5418549,3.8914753,-0.27524189,1.0282354,1.1918417,0.80174924,-0.61728395,0.5,2.7704522,3.9991505,3.9944867,0.31771933,-0.069572021,-0.28089871,-0.013659391,2.6097616,2.4386098,0.64955687,0.15,1.7224319,0.5,0.036086493,13.8556,2.4869336,32.30635,-0.00767674,-0.13943769,-0.012793275,0.17372968,5.4361438,4.9222969
900,1900000.0,5.4188772,1.5334704,3.8854068,-0.25738172,1.0226439,1.1668251,0.82313868,-0.61728395,0.5,2.6128628,3.969576,3.8055455,0.063466834,-0.00026331954,-0.20703399,0.069926004,2.4478852,2.2879857,0.64138251,0.15,1.7154279,0.5,0.035632362,14.032188,2.4838367,32.30635,-0.020423957,-0.16436822,-0.0070882673,0.17231181,-1.3187024,-6.225703
901,1901000.0,5.4386903,1.5508722,3.887818,-0.25405855,1.0342489,1.1680374,0.84918994,-0.61728395,0.5,2.7733295,4.0129688,3.9883064,0.31871325,-0.012969422,-0.073192084,0.066697408,2.6031306,2.4481149,0.63978946,0.15,1.6976151,0.5,0.035543859,14.067128,2.4833157,32.30635,-0.004532766,-0.20913677,-0.0040358654,0.14485702,-0.44378752,0.82367747
902,1902000.0,5.4136291,1.5088137,3.9048154,-0.25078557,1.0062008,1.1626926,0.78958104,-0.61728395,0.5,2.8134863,4.0640007,4.0551761,0.32128205,-0.011633414,-0.24780674,-0.11991794,2.6552345,2.4897598,0.63506389,0.15,1.7259498,0.5,0.035281327,14.171802,2.4744474,32.30635,0.014332536,-0.19965348,0.013076955,0.18610859,1.7506722,5.4133605
903,1903000.0,5.4302373,1.5189116,3.9113256,-0.22630645,1.0129349,1.1609841,0.80804879,-0.61728395,0.5,2.8763119,4.0810874,4.0882365,0.45961171,-0.032019501,0.1295185,-0.050092605,2.7143587,2.5530611,0.64168872,0.15,1.7558247,0.5,0.035649373,14.025492,2.4809128,32.30635,0.0070654352,-0.15318653,-0.012224226,0.27403661,1.3191876,5.552879
904,1904000.0,5.4518295,1.5415181,3.9103114,-0.26511472,1.0280107,1.190524,0.80304293,-0.61728395,0.5,2.8554523,4.1088339,4.0154282,0.44209475,0.038212399,0.058084351,0.011440669,2.6945024,2.5239768,0.65165636,0.15,1.6914855,0.5,0.036203131,13.81096,2.4833216,32.30635,-0.020518302,-0.1598146,-0.0015977466,0.17506933,1.5309854,-1.7603324
905,1905000.0,5.442387,1.5578816,3.8845054,-0.26480527,1.0389233,1.1959343,0.82160752,-0.61728395,0.5,2.6337636,3.9292971,3.9136599,0.058333837,0.077202231,0.012916864,0.0272379,2.4690929,2.3007817,0.66481166,0.15,1.690307,0.5,0.036933981,13.537669,2.4891244,32.30635,-0.011714253,-0.20175116,-0.0010724107,0.16761491,0.34916758,-5.8737562
906,1906000.0,5.4074746,1.5106682,3.8968064,-0.26257014,1.0074376,1.1581743,0.79881371,-0.61728395,0.5,2.7914715,4.0189655,4.0413036,0.31414547,0.010947505,-0.32633163,0.059812352,2.6313693,2.4690031,0.66474137,0.15,1.6611574,0.5,0.036930076,13.5391,2.4755811,32.30635,-0.002172274,-0.188379,-0.02657907,0.13020908,-3.3828089,1.9227205
907,1907000.0,5.4396374,1.5420385,3.8975989,-0.25280207,1.0283578,1.2036779,0.78559912,-0.61728395,0.5,2.8797384,4.1015794,4.0237692,0.51386645,-0.028503337,-0.21839783,0.063082964,2.7222847,2.5446004,0.65849064,0.15,1.7402439,0.5,0.036582813,13.66762,2.4782256,32.30635,0.016514137,-0.1810585,0.011335129,0.22549616,0.52992002,8.9745117
908,1908000.0,5.4865496,1.5560872,3.9304625,-0.24594932,1.0377266,1.1925448,0.82345625,-0.61728395,0.5,2.483306,3.7883943,3.7757782,-0.11425454,0.044529753,-0.039063222,0.051885084,2.3182648,2.1512679,0.6489684,0.15,1.7687231,0.5,0.0360538,13.868164,2.4762556,32.30635,-0.020443395,-0.26167718,-0.014695801,0.14460281,2.9113909,-6.138634
909,1909000.0,5.4874037,1.5407679,3.9466358,-0.2370874,1.0275105,1.1749306,0.82350958,-0.61728395,0.5,2.7155904,3.9594917,3.913186,0.2740934,-0.030908077,-0.15073224,-0.014572266,2.5505385,2.3884565,0.6401965,0.15,1.7450597,0.5,0.035566472,14.058184,2.4693582,32.30635,0.012481669,-0.19109735,-0.0060339346,0.17355878,9.3083424,-0.01619975
910,1910000.0,5.4315559,1.5051503,3.9264056,-0.23690526,1.0037578,1.1585679,0.78947235,-0.61728395,0.5,2.9892159,4.1965331,4.0940853,0.6770294,0.028612366,0.13887202,0.079345116,2.8309859,2.6666379,0.63624196,0.15,1.7016959,0.5,0.035346776,14.145562,2.4949003,32.30635,-0.0087358199,-0.19406156,-0.023423824,0.26664158,-2.4364886,1.5757828
911,1911000.0,5.4128756,1.5278211,3.8850545,-0.24276912,1.0188765,1.191031,0.78050803,-0.61728395,0.5,2.815469,4.0512316,4.0127801,0.38239536,-0.0040607069,0.14047796,0.15454545,2.6590357,2.4838524,0.63288732,0.15,1.6613527,0.5,0.035160406,14.220541,2.4988561,32.30635,0.012408244,-0.20586859,-0.030296401,0.17215004,-2.1796311,1.4131726
912,1912000.0,5.4671451,1.5383525,3.9287926,-0.25215253,1.0258997,1.1794632,0.81336312,-0.61728395,0.5,2.7185689,3.9335474,3.9313063,0.2908529,-0.0038088356,-0.090688364,-0.054342378,2.5555506,2.390173,0.63350913,0.15,1.6349774,0.5,0.035194952,14.206583,2.4730734,32.30635,-0.0057780674,-0.21319434,-0.015694149,0.15854568,1.5027987,1.6652724
913,1913000.0,5.4350824,1.4979268,3.9371556,-0.24852226,0.99894052,1.1429077,0.79971423,-0.61728395,0.5,2.8244863,4.0247418,4.0920634,0.35665377,-0.037146021,-0.13977771,0.0051681321,2.6642036,2.5062685,0.64423626,0.15,1.6522604,0.5,0.035790904,13.97003,2.4787234,32.30635,-0.022269659,-0.1852629,0.014110671,0.15906506,2.4428404,-2.2707875
914,1914000.0,5.3933299,1.4949574,3.8983725,-0.27744821,0.99696031,1.16431,0.76524978,-0.61728395,0.5,2.6637702,3.9112078,3.8889754,0.19112734,-0.0063156314,-0.048318045,0.094908829,2.510395,2.3395934,0.65352596,0.15,1.6656695,0.5,0.036306998,13.77145,2.4729018,32.30635,0.0041566467,-0.1180004,0.026216821,0.2010469,0.87106366,8.6549313
915,1915000.0,5.3750474,1.4850133,3.890034,-0.2705709,0.99032877,1.1623202,0.7521649,-0.61728395,0.5,2.774654,3.9501577,4.0060663,0.36773795,0.013446688,-0.057774468,0.082850135,2.6239013,2.4510312,0.66378832,0.15,1.727499,0.5,0.036877129,13.558539,2.4757165,32.30635,0.00082560653,-0.20383832,-0.0029792459,0.14950431,-3.1598636,3.7809525
916,1916000.0,5.4683705,1.5635465,3.9048241,-0.2593545,1.0427011,1.2059139,0.81677291,-0.61728395,0.5,2.8210655,4.0071387,4.0049686,0.45108934,0.016440858,-0.062263304,0.017160592,2.6573638,2.4853051,0.6686574,0.15,1.803569,0.5,0.037147633,13.459808,2.4736791,32.30635,-0.01332135,-0.21670752,0.01217483,0.179283,2.201506,-4.0723538
917,1917000.0,5.4638967,1.5429555,3.9209412,-0.25426502,1.0289693,1.1817114,0.81757625,-0.61728395,0.5,2.8029875,4.0210873,4.0058227,0.38205254,-0.0657478,-0.0019541024,0.031190945,2.6391248,2.4739657,0.66209857,0.15,1.7901089,0.5,0.036783254,13.593142,2.4998576,32.30635,0.016770922,-0.26122513,-0.026600567,0.17723918,-0.33247979,-1.8226572
918,1918000.0,5.4148218,1.5319421,3.8828797,-0.26634736,1.0216247,1.1830699,0.79813567,-0.61728395,0.5,3.0948408,4.2456247,4.242979,0.79591863,0.014531084,0.21262364,0.096435687,2.9348744,2.7654407,0.65614523,0.15,1.7800032,0.5,0.036452513,13.716475,2.4696354,32.30635,0.0069548961,-0.21231869,0.022099061,0.18698547,-1.6554471,6.2009154
919,1919000.0,5.4313895,1.5282861,3.9031034,-0.25633799,1.0191866,1.1790931,0.79783318,-0.61728395,0.5,2.6365416,3.8545195,3.988796,0.066309321,-0.0015362819,0.26986996,0.15591046,2.4766359,2.3082488,0.64887912,0.15,1.780312,0.5,0.03604884,13.870072,2.5052104,32.30635,0.012738021,-0.19703568,0.045625798,0.18356507,-3.8810561,-0.00607928
920,1920000.0,5.4313367,1.533828,3.8975087,-0.26079643,1.0228824,1.1729259,0.81523354,-0.61728395,0.5,2.7118654,3.9698191,3.9494268,0.21635035,-0.013216809,0.010495239,0.063473744,2.5484722,2.3852897,0.64228949,0.15,1.771017,0.5,0.035682749,14.012373,2.5078507,32.30635,0.0038252071,-0.17206551,0.0072311067,0.18912988,-3.0240806,4.1401723
921,1921000.0,5.4465011,1.5231518,3.9233494,-0.23679365,1.0157626,1.1624971,0.81270498,-0.61728395,0.5,2.9178261,4.1096413,4.1089757,0.53486151,-0.010656834,-0.079918221,-0.060748192,2.7549398,2.5941541,0.63910246,0.15,1.7607825,0.5,0.035505692,14.082249,2.4881288,32.30635,-0.012167715,-0.18213481,-0.0013696701,0.16865567,-2.5448398,0.67839789
922,1922000.0,5.4357799,1.519683,3.9160969,-0.24595668,1.0134493,1.1512678,0.82277602,-0.61728395,0.5,2.7030626,3.8870614,3.983944,0.23818224,0.047115055,-0.1921819,-0.10005654,2.5381577,2.3825171,0.64237,0.15,1.7392029,0.5,0.035687222,14.010617,2.4971015,32.30635,-0.014353331,-0.24715016,-0.0084115101,0.19622765,-1.450376,-2.9776868
923,1923000.0,5.4371805,1.5249303,3.9122502,-0.25572135,1.0169487,1.1614612,0.81697882,-0.61728395,0.5,2.8349776,3.9843816,4.0021894,0.51836182,-0.048530733,-0.16484293,-0.15469299,2.6712346,2.511594,0.64823552,0.15,1.7821077,0.5,0.036013084,13.883843,2.489973,32.30635,-0.041730108,-0.21334093,-0.0028857651,0.17197273,1.2895277,3.4413428
924,1924000.0,5.4417144,1.5818185,3.8598959,-0.26174871,1.0548864,1.2264067,0.81742677,-0.61728395,0.5,2.6519831,3.9282756,3.9192843,0.1083892,-0.01544371,0.083283898,-0.040283492,2.4881503,2.3105168,0.66136962,0.15,1.7345487,0.5,0.036742757,13.608124,2.5252249,32.30635,-0.011576517,-0.21348099,-0.017685772,0.18414749,1.1642417,-6.2883006
925,1925000.0,5.4676995,1.5360564,3.9316431,-0.24566795,1.0243684,1.1843422,0.80292564,-0.61728395,0.5,2.8072777,4.0482857,3.9899017,0.38364576,-0.018933026,-0.21553522,-0.046777917,2.6463514,2.4775234,0.66657892,0.15,1.7350249,0.5,0.037032162,13.501777,2.4724,32.30635,-0.014228286,-0.15814969,0.011605781,0.19816912,2.1219771,2.9760606
926,1926000.0,5.4238609,1.552491,3.8713699,-0.2386822,1.0353284,1.2095113,0.79415493,-0.61728395,0.5,2.8454526,4.0432137,4.0997577,0.39338631,0.014486199,0.064989599,0.01247417,2.6862841,2.5086905,0.6683042,0.15,1.7716554,0.5,0.037128011,13.466921,2.4833667,32.30635,0.01971634,-0.21983156,0.0067929842,0.19077219,-1.5490444,3.8730911
927,1927000.0,5.4674886,1.5050172,3.9624714,-0.2718175,1.003669,1.1449884,0.80812457,-0.61728395,0.5,2.7226741,3.8177351,3.9617961,0.38849108,-0.014495172,-0.19852754,0.045431291,2.5607057,2.403877,0.65489951,0.15,1.7503627,0.5,0.036383306,13.742566,2.4821968,32.30635,-0.020741793,-0.19807428,-1.344823e-05,0.150997,-1.8756927,3.9751581
928,1928000.0,5.4095457,1.5155841,3.8939616,-0.26667763,1.0107159,1.1633662,0.7994362,-0.61728395,0.5,2.7244197,3.8868046,3.9705486,0.31590599,-0.035358244,0.015723958,-0.051801335,2.5641927,2.4005057,0.64938928,0.15,1.7846006,0.5,0.036077182,13.859176,2.5062369,32.30635,0.023311861,-0.16186565,0.032556505,0.2073005,-0.73384017,6.0301655
929,1929000.0,5.4346535,1.5397561,3.8948974,-0.2603831,1.0268358,1.1766413,0.8195204,-0.61728395,0.5,2.5629118,3.8015109,3.826402,0.060822582,0.004016063,0.030322449,-0.072016971,2.3986595,2.2353017,0.64038901,0.15,1.7740798,0.5,0.035577167,14.053958,2.4920905,32.30635,0.018730221,-0.19220314,-0.0056075343,0.1675052,2.6387615,-10.001389
930,1930000.0,5.4534857,1.5373422,3.9161435,-0.24412849,1.0252259,1.1827003,0.80725594,-0.61728395,0.5,2.8663117,4.061831,4.0635542,0.47354991,-0.003657741,-0.028620461,-0.20418368,2.7045175,2.5370146,0.64109309,0.15,1.7067433,0.5,0.035616283,14.038523,2.4696214,32.30635,-0.0074096932,-0.16371379,-0.01918225,0.20128886,0.67722114,-3.5682724
931,1931000.0,5.4422151,1.5358086,3.9064065,-0.25292983,1.0242032,1.1892536,0.79570793,-0.61728395,0.5,2.8195592,4.0568187,4.0299306,0.37192841,0.060999363,0.077363681,-0.041964512,2.6600795,2.4884375,0.64256943,0.15,1.6982346,0.5,0.035698302,14.006269,2.4742371,32.30635,0.0024038121,-0.15706561,0.013939159,0.2111552,0.47407617,-0.6508903
932,1932000.0,5.4687769,1.5156854,3.9530914,-0.2536136,1.0107834,1.1616509,0.80198048,-0.61728395,0.5,2.4915747,3.8044816,3.7634938,-0.093251182,0.031838162,-0.10694206,-0.074866086,2.3308378,2.1681383,0.65120326,0.15,1.6571133,0.5,0.036177959,13.82057,2.4976862,32.30635,-0.011395556,-0.16314283,0.0081905116,0.17768741,-2.0802057,-3.6192765
933,1933000.0,5.4448134,1.5184272,3.9263862,-0.24649434,1.0126119,1.1529507,0.81843663,-0.61728395,0.5,2.5692802,3.8259068,3.8796475,0.0022863026,0.026605403,0.21891694,0.10288032,2.405245,2.2482662,0.65784391,0.15,1.6953894,0.5,0.036546884,13.681057,2.4769248,32.30635,-0.014611357,-0.18247118,-0.016688827,0.2179968,-4.785831,0.92105703
934,1934000.0,5.4605812,1.5383608,3.9222203,-0.2544915,1.0259052,1.1611097,0.83887282,-0.61728395,0.5,2.6720499,3.9139207,3.9716627,0.13056637,0.043376305,-0.38796177,0.010000859,2.5039188,2.3487642,0.65676445,0.15,1.7007928,0.5,0.036486914,13.703543,2.4564301,32.30635,0.0075514793,-0.13358828,0.024668136,0.19084401,2.5120101,5.5825098
935,1935000.0,5.4441124,1.5259059,3.9182065,-0.25773868,1.0175993,1.1814772,0.79072761,-0.61728395,0.5,2.4886503,3.7485448,3.7653494,-0.047943305,-0.012772407,0.1425326,0.071451474,2.3301687,2.1596937,0.66041728,0.15,1.7288265,0.5,0.036689849,13.627748,2.5034858,32.30635,-0.02008255,-0.21801181,-0.022988723,0.22118756,0.37050373,-4.1727789
936,1936000.0,5.437559,1.5561762,3.8813828,-0.26980496,1.037786,1.182797,0.83713967,-0.61728395,0.5,2.747047,3.9550589,4.0222363,0.26384598,0.053680734,-0.0010309424,0.015270723,2.5792633,2.417723,0.65732549,0.15,1.7152304,0.5,0.036518083,13.691847,2.477713,32.30635,0.014076109,-0.13327944,0.028370459,0.20611021,4.4193377,4.7583669
937,1937000.0,5.4021713,1.5220209,3.8801504,-0.26900791,1.0150084,1.1361871,0.84745206,-0.61728395,0.5,2.8810713,4.0335617,4.0999772,0.50967503,0.053241202,-0.075205494,-0.062791961,2.7112207,2.5647247,0.65169111,0.15,1.7363437,0.5,0.036205062,13.810224,2.4812121,32.30635,-0.020835908,-0.17368158,-0.0016695337,0.21598496,2.2731254,6.0802069
938,1938000.0,5.424264,1.5238874,3.9003765,-0.27338689,1.0162532,1.1576756,0.82057545,-0.61728395,0.5,3.0682774,4.1997733,4.2242186,0.78084031,0.013767271,-0.30507608,-0.11732876,2.9038136,2.7459478,0.6395102,0.15,1.7269142,0.5,0.035528345,14.07327,2.4996767,32.30635,0.014269206,-0.19439885,0.0021661545,0.14312424,3.5811816,11.104784
939,1939000.0,5.4168857,1.5237281,3.8931576,-0.26865638,1.016147,1.1591953,0.81821046,-0.61728395,0.5,2.8376237,4.0997754,4.0411926,0.37190303,0.07490941,0.053783391,0.079571598,2.6736338,2.514871,0.63807238,0.15,1.7090827,0.5,0.035448466,14.104983,2.4735305,32.30635,0.0016444308,-0.16767016,0.0059305456,0.1072651,-3.2454043,-2.5836348
940,1940000.0,5.3943101,1.5478512,3.8464589,-0.27219805,1.0322342,1.1935858,0.80888331,-0.61728395,0.5,2.5128453,3.7659961,3.8269742,-0.054434379,-0.018712352,-0.30482054,-0.076711213,2.3507249,2.1805173,0.63615812,0.15,1.6915454,0.5,0.035342118,14.147426,2.4812763,32.30635,-0.031562961,-0.2233682,0.0070460033,0.14821894,2.0805623,-6.2371347
941,1941000.0,5.3940156,1.5175455,3.8764701,-0.28270749,1.0120239,1.1738105,0.78805313,-0.61728395,0.5,2.4064128,3.7304841,3.7498533,-0.26109901,-0.0063207245,-0.22737847,0.074020588,2.2484672,2.0795908,0.6415199,0.15,1.6565793,0.5,0.035639994,14.029183,2.4700025,32.30635,0.012046861,-0.15498229,0.0090214437,0.19476325,2.0206286,-0.033387086
942,1942000.0,5.4269666,1.5446563,3.8823102,-0.25960646,1.0301036,1.2003126,0.79444658,-0.61728395,0.5,2.7224197,3.9810602,3.9959728,0.19022606,0.030846005,-0.304292,-0.071517544,2.5631927,2.3882187,0.654615,0.15,1.6938015,0.5,0.0363675,13.748539,2.4828963,32.30635,0.012487214,-0.17994822,-0.024933905,0.19762999,1.4734422,-0.59480009
943,1943000.0,5.4435332,1.5117576,3.9317756,-0.26255789,1.0081641,1.1703548,0.78362899,-0.61728395,0.5,2.8827411,4.1024474,4.0745423,0.47123353,0.037440998,-0.33155277,0.13250777,2.7256822,2.5568812,0.66081993,0.15,1.6730807,0.5,0.036712218,13.619444,2.4864257,32.30635,0.011552708,-0.17736593,0.0037575856,0.21494615,-0.24661326,-6.2899115
944,1944000.0,5.4542112,1.5573461,3.8968652,-0.26579028,1.0385662,1.1925998,0.82538629,-0.61728395,0.5,2.8799713,4.0765577,4.0563866,0.50696963,-0.0017695325,0.16913527,0.0013459109,2.7145433,2.5479179,0.66801184,0.15,1.6723982,0.5,0.037111769,13.472815,2.4809504,32.30635,-0.034012048,-0.24096528,-0.0089812098,0.15958025,-2.2169879,2.8645461
945,1945000.0,5.4360857,1.5085073,3.9275784,-0.2662123,1.0059965,1.1780713,0.76772881,-0.61728395,0.5,2.5937123,3.7939103,3.8768566,0.11037017,-0.031702342,0.058944594,0.047052724,2.4398403,2.265704,0.66463512,0.15,1.6735147,0.5,0.036924173,13.541265,2.4964649,32.30635,-0.00018800084,-0.20424218,0.0053765309,0.14827272,1.9798264,1.2647509
946,1946000.0,5.4628984,1.55921,3.9036884,-0.26001534,1.0398092,1.2020109,0.81528323,-0.61728395,0.5,2.6396825,3.9158809,3.8813844,0.12178215,-0.00038852531,-0.10561524,0.087459852,2.4762794,2.3050087,0.65811202,0.15,1.6953847,0.5,0.036561779,13.675483,2.4803994,32.30635,-0.02078282,-0.19706116,-0.011203977,0.22525907,-3.184954,-0.72228607
947,1947000.0,5.4814393,1.5564234,3.925016,-0.25995064,1.0379508,1.1980553,0.81633702,-0.61728395,0.5,2.9780747,4.0878609,4.1656239,0.68073927,-0.00070517766,-0.11786987,0.053937289,2.8144603,2.6445023,0.64491482,0.15,1.738321,0.5,0.035828601,13.955331,2.4760278,32.30635,-0.051371173,-0.22135992,-0.012971633,0.20502107,-1.724822,3.1624481
948,1948000.0,5.4433853,1.5534813,3.889904,-0.25692738,1.0359888,1.2180512,0.78386969,-0.61728395,0.5,2.8601961,3.9949375,4.0558891,0.52976166,0.00023079701,-0.030353294,-0.0011153201,2.703089,2.5210562,0.63099106,0.15,1.7500438,0.5,0.035055059,14.263277,2.4674778,32.30635,0.029802345,-0.14171223,0.013524052,0.14437157,1.0248846,-4.3052051
949,1949000.0,5.502174,1.5505765,3.9515975,-0.24686414,1.0340517,1.1647914,0.85322797,-0.61728395,0.5,2.5920667,3.8212299,3.8852548,0.069715442,0.015337475,-0.21462401,0.10812457,2.4210585,2.2677559,0.63363572,0.15,1.7718615,0.5,0.035201984,14.203745,2.4972618,32.30635,-0.015221197,-0.17685217,-0.017508618,0.21049903,2.6859113,-0.031509489
950,1950000.0,5.4559091,1.5397417,3.9161674,-0.2602026,1.0268261,1.1866732,0.80556123,-0.61728395,0.5,2.1988232,3.5757593,3.5485617,-0.52785129,0.042990308,0.0094083775,0.055688285,2.0373686,1.8684199,0.63420291,0.15,1.6700568,0.5,0.035233495,14.191042,2.4802555,32.30635,-0.0062970327,-0.19755925,-0.0052653462,0.15678236,0.5057855,-4.8265128
951,1951000.0,5.4582894,1.5508012,3.9074882,-0.24689337,1.0342015,1.1911903,0.81691306,-0.61728395,0.5,2.8519412,4.0491114,4.0451102,0.46160193,0.038241102,-0.0016063235,0.084702517,2.6882114,2.5202802,0.64191101,0.15,1.6302002,0.5,0.035661723,14.020635,2.5111351,32.30635,-0.0040548759,-0.24040895,-0.015503602,0.24766567,0.25737184,-2.8468436
952,1952000.0,5.4615088,1.5119413,3.9495676,-0.24914151,1.0082865,1.1689647,0.78585269,-0.61728395,0.5,2.8030437,3.9768034,4.0248611,0.40746665,0.036887993,-0.28379984,0.15795556,2.6455392,2.477571,0.64697966,0.15,1.6367063,0.5,0.035943315,13.910793,2.4884864,32.30635,-0.011817062,-0.22087909,0.0019417727,0.17251969,1.8276601,2.3915342
953,1953000.0,5.4578353,1.5313508,3.9264845,-0.26697725,1.0212304,1.1938666,0.7821946,-0.61728395,0.5,2.401274,3.6728445,3.6891515,-0.15817399,0.026079618,-0.46074739,0.089130858,2.2445027,2.0688678,0.65415188,0.15,1.6453459,0.5,0.036341771,13.758273,2.4805998,32.30635,0.0091645238,-0.19471758,-0.0079174363,0.12437008,2.5988868,-2.2012855
954,1954000.0,5.4715531,1.5314596,3.9400936,-0.25816206,1.0213029,1.1897389,0.78810217,-0.61728395,0.5,2.6856814,3.8954561,3.9353921,0.22619594,-0.033778804,0.056952608,0.0043095996,2.527726,2.3544245,0.66290618,0.15,1.6656354,0.5,0.036828121,13.576582,2.4764803,32.30635,-0.0011336084,-0.18236267,0.0017460683,0.19602997,-3.5776248,1.1242099
955,1955000.0,5.4970865,1.5467304,3.9503561,-0.25042463,1.0314868,1.1894285,0.81287228,-0.61728395,0.5,2.6600037,3.9186183,3.9312552,0.13013748,-0.02501425,-0.27653397,-0.092946182,2.4970838,2.3288332,0.65802669,0.15,1.6534013,0.5,0.036557038,13.677257,2.476228,32.30635,0.019628397,-0.20317338,-0.035425076,0.1413521,1.376431,-0.67141409
956,1956000.0,5.4814232,1.5502679,3.9311552,-0.25384153,1.0338459,1.200293,0.80341771,-0.61728395,0.5,2.659715,3.8895114,3.9519839,0.13764984,0.016937823,0.031189814,0.066381936,2.49869,2.3255196,0.65594602,0.15,1.6901921,0.5,0.036441446,13.720641,2.4911777,32.30635,0.009523941,-0.12098193,0.0042265518,0.21212686,1.8519573,-1.350814
957,1957000.0,5.4593301,1.5380709,3.9212593,-0.2611994,1.0257119,1.2021373,0.78141562,-0.61728395,0.5,2.8234459,4.0216921,4.0532301,0.39541553,0.027516538,0.078204723,0.051106201,2.6668307,2.4887369,0.63980336,0.15,1.6995724,0.5,0.035544631,14.066822,2.4652846,32.30635,-0.0012347819,-0.16500017,0.026139522,0.21029154,-1.4959055,1.8148753
958,1958000.0,5.4672187,1.5485119,3.9187068,-0.24084985,1.0326748,1.1919871,0.81215743,-0.61728395,0.5,2.667832,3.8986778,3.9197094,0.18510898,-0.06789154,-0.15637724,-0.010282783,2.5050554,2.3359492,0.63551239,0.15,1.7261683,0.5,0.035306244,14.161801,2.4897442,32.30635,-0.0099687913,-0.20931927,-0.0025274845,0.18157367,-0.93823841,0.35936454
959,1959000.0,5.474979,1.5512632,3.9237158,-0.25115008,1.0345096,1.202509,0.80192558,-0.61728395,0.5,2.7233575,3.8872814,3.9929793,0.28981186,-0.011315263,-0.28531901,-0.066643811,2.5626316,2.3885451,0.63341281,0.15,1.7590778,0.5,0.0351896,14.208743,2.4895307,32.30635,0.02748847,-0.17816044,-0.010812684,0.19522016,1.5777346,2.9118132
960,1960000.0,5.4827998,1.5806176,3.9021822,-0.25481964,1.0540855,1.2038745,0.84681426,-0.61728395,0.5,3.0128423,4.1237922,4.2129954,0.70173926,0.034021901,-0.11869493,0.023086765,2.8431195,2.6776496,0.63059908,0.15,1.6806661,0.5,0.035033282,14.272143,2.4952446,32.30635,0.0032684216,-0.26308772,0.014465266,0.23964256,3.8838293,6.3175196
961,1961000.0,5.4916035,1.5658863,3.9257172,-0.23258571,1.0442615,1.2047016,0.82218613,-0.61728395,0.5,2.7182476,4.0369471,3.9410731,0.17672269,0.0024047855,0.03037866,0.0027430044,2.553461,2.3828247,0.63777036,0.15,1.6843398,0.5,0.035431687,14.111662,2.4831621,32.30635,-0.01189937,-0.17876598,0.032478857,0.22916578,-1.8486632,0.59797864
962,1962000.0,5.4723552,1.535582,3.9367732,-0.24835522,1.0240521,1.2034231,0.77566262,-0.61728395,0.5,2.9346481,4.0959844,4.1542619,0.55369818,-0.021764112,-0.056286193,-0.0068730483,2.779186,2.5995812,0.64335917,0.15,1.6866045,0.5,0.035742176,13.989076,2.4812872,32.30635,0.020589951,-0.16135904,0.018251821,0.17156057,-4.2882628,0.32943595
963,1963000.0,5.4621348,1.5609907,3.901144,-0.25716951,1.0409967,1.1947358,0.82822796,-0.61728395,0.5,2.6574739,3.9299315,3.9202219,0.12226828,-0.048888373,-0.17623392,0.02169338,2.4914763,2.3248257,0.64977572,0.15,1.6670261,0.5,0.036098651,13.850933,2.482978,32.30635,0.0049177152,-0.16941486,0.022404423,0.20627431,-0.39623118,1.3793295
964,1964000.0,5.4338627,1.5707083,3.8631544,-0.25554778,1.0474772,1.1885896,0.85225421,-0.61728395,0.5,2.6143229,3.8318419,3.9280794,0.083047513,0.040720519,0.11937047,0.068076166,2.4435099,2.283386,0.65509846,0.15,1.6801449,0.5,0.036394359,13.738393,2.4816957,32.30635,-0.022854098,-0.26624792,0.026489097,0.20090021,0.96739494,3.832484
965,1965000.0,5.4547997,1.5515701,3.9032296,-0.26065483,1.0347143,1.178481,0.83579406,-0.61728395,0.5,2.7053552,3.928158,3.9713091,0.2165985,0.0065884684,0.004696949,-0.039131108,2.5378412,2.3772328,0.6557505,0.15,1.6857661,0.5,0.036430583,13.724732,2.4743757,32.30635,-0.0080599281,-0.18134568,-0.017782591,0.20627088,4.848689,-2.7508368
966,1966000.0,5.4542222,1.5651194,3.8891028,-0.24457113,1.04375,1.2084598,0.81574307,-0.61728395,0.5,2.8115262,4.0759211,4.0395375,0.31912017,-0.0025511558,0.12773282,0.0063709117,2.6480309,2.4750569,0.65108822,0.15,1.711699,0.5,0.036171568,13.823011,2.4628379,32.30635,-0.016981265,-0.16591295,0.016897458,0.17720395,0.77945795,-3.6187311
967,1967000.0,5.4328862,1.5399722,3.8929139,-0.26737898,1.0269799,1.1926474,0.79762942,-0.61728395,0.5,2.7814079,4.0235581,4.04132,0.27934569,0.02674104,0.035413541,-0.018575087,2.621543,2.4493412,0.64619465,0.15,1.726331,0.5,0.035899703,13.927692,2.494297,32.30635,-0.014594575,-0.17834523,0.0064906501,0.15340897,-1.2137508,-0.66614822
968,1968000.0,5.4345868,1.4999642,3.9346226,-0.23749196,1.0002992,1.1675717,0.76869856,-0.61728395,0.5,2.6637174,3.904954,3.8867842,0.19941396,-0.065909415,-0.052117671,0.078028514,2.509651,2.3386325,0.63919608,0.15,1.7593683,0.5,0.035510893,14.080186,2.4830736,32.30635,-0.011386035,-0.20120979,-0.0168625,0.17479484,-2.1183065,-0.040843409
969,1969000.0,5.45611,1.5414302,3.9146798,-0.24773966,1.0279521,1.1874672,0.80714927,-0.61728395,0.5,2.719167,3.8931107,3.9671877,0.29720266,0.0075421951,-0.33049273,0.15095978,2.5573941,2.3885426,0.63879153,0.15,1.7636607,0.5,0.035488418,14.089104,2.4890809,32.30635,0.017983485,-0.30364824,0.011718434,0.2202857,-1.5835627,-3.3244296
970,1970000.0,5.4298465,1.4911046,3.9387419,-0.23884421,0.9943909,1.1470253,0.78312073,-0.61728395,0.5,2.9144629,4.0942796,4.07985,0.56925898,-0.045025652,-0.12384417,-0.062979845,2.7575059,2.5950986,0.63886444,0.15,1.7713761,0.5,0.035492469,14.087496,2.4705315,32.30635,-0.0028189685,-0.2072061,0.0048109894,0.20570692,2.4570469,0.24652953
971,1971000.0,5.4140384,1.5313056,3.8827327,-0.25905714,1.0212003,1.2009147,0.7723315,-0.61728395,0.5,2.6894485,3.9389157,3.9606126,0.16881708,-0.019763639,0.063622876,0.076443191,2.5346539,2.3550799,0.64562389,0.15,1.7531201,0.5,0.035867994,13.940005,2.4871175,32.30635,0.023233631,-0.18213532,0.016651374,0.20090662,-2.8143742,5.0263267
972,1972000.0,5.4327079,1.5417772,3.8909306,-0.25770085,1.0281836,1.1907415,0.80315384,-0.61728395,0.5,2.2902691,3.6715798,3.6128233,-0.41359564,0.002994392,0.12807818,0.027624589,2.129297,1.9587331,0.65207662,0.15,1.7246171,0.5,0.036226479,13.802059,2.4823304,32.30635,-0.018825002,-0.15070188,0.040757295,0.24108509,-1.4478214,2.2061327
973,1973000.0,5.4236698,1.5051444,3.9185254,-0.27029382,1.0037538,1.1414037,0.81330719,-0.61728395,0.5,2.9902215,4.1741569,4.0538459,0.74266165,-0.016914487,-0.092436785,-0.037047138,2.8272144,2.6724225,0.65561464,0.15,1.7475189,0.5,0.036423036,13.727576,2.472932,32.30635,-0.033515803,-0.20635669,0.015982891,0.21104627,-1.3865874,2.7915544
974,1974000.0,5.4040736,1.5188823,3.8851914,-0.27349597,1.0129154,1.1767847,0.78605202,-0.61728395,0.5,2.8031223,3.9425538,4.0307222,0.43609093,0.02166613,0.03334968,-0.10594378,2.6455778,2.4754722,0.65456498,0.15,1.6473053,0.5,0.036364721,13.74959,2.49101,32.30635,0.015488219,-0.19689768,-0.0032023559,0.1792611,0.25687631,-3.4927919
975,1975000.0,5.417487,1.5376852,3.8798018,-0.2692346,1.0254547,1.1928665,0.79367981,-0.61728395,0.5,2.7102526,3.8926232,3.9532927,0.28484178,-0.0220319,0.28605638,0.029652264,2.5511793,2.3781248,0.65136202,0.15,1.6771684,0.5,0.036186779,13.817201,2.4768729,32.30635,-0.010089341,-0.15329987,0.017052648,0.21763053,-0.41706301,-9.5767207
976,1976000.0,5.3611728,1.4894407,3.871732,-0.24846851,0.99328132,1.1834845,0.72982012,-0.61728395,0.5,2.7080127,3.9422041,4.011739,0.17009514,0.020081041,0.10894864,-0.11094709,2.5617386,2.3784972,0.65075591,0.15,1.6626569,0.5,0.036153106,13.83007,2.496749,32.30635,-0.025979368,-0.22621672,-0.0055130703,0.20501851,0.99831034,-5.4068401
977,1977000.0,5.4010759,1.504876,3.8961999,-0.24232808,1.0035748,1.1479633,0.80376686,-0.61728395,0.5,2.6295047,3.8060044,3.9231282,0.15938161,0.0075687152,-0.096049761,-0.20564663,2.4684098,2.3098793,0.64601669,0.15,1.6610769,0.5,0.035889816,13.931529,2.5172156,32.30635,-0.017151721,-0.21205477,0.019093041,0.20061334,-1.8642692,1.3901742
978,1978000.0,5.3926696,1.5123404,3.8803292,-0.27441945,1.0085527,1.1744994,0.77880012,-0.61728395,0.5,2.6340444,3.8510007,3.8731866,0.177946,0.023387917,-0.21025903,-0.012130074,2.4779534,2.3070306,0.6481034,0.15,1.649301,0.5,0.036005744,13.886673,2.4815065,32.30635,-0.02652401,-0.22218886,-0.0082931077,0.19967533,1.841749,5.5297887
979,1979000.0,5.3950943,1.4991724,3.8959218,-0.27185671,0.99977121,1.1599497,0.77802499,-0.61728395,0.5,2.5292088,3.8489858,3.7564315,-0.017790774,0.046761469,0.21810977,0.055405845,2.3732732,2.2062461,0.65165281,0.15,1.6919451,0.5,0.036202934,13.811035,2.483718,32.30635,0.0036569891,-0.13933851,0.008116135,0.18801766,-5.3680229,-4.1411384
980,1980000.0,5.4545244,1.5371675,3.917357,-0.25323012,1.0251094,1.1784628,0.81286419,-0.61728395,0.5,2.7828631,3.9768483,3.9499723,0.4217687,-0.038680722,-0.062426347,-0.16515653,2.6199448,2.4547458,0.65545627,0.15,1.676843,0.5,0.036414237,13.730893,2.4845391,32.30635,0.023819539,-0.21666808,0.027057949,0.21204721,1.4328032,-2.9897891
981,1981000.0,5.4527478,1.5428087,3.9099391,-0.26552659,1.0288714,1.1901791,0.80557905,-0.61728395,0.5,2.7327313,3.9723706,4.0354272,0.19039603,-0.022390593,-0.095153909,0.075724455,2.5712731,2.4013518,0.65820704,0.15,1.6674709,0.5,0.036567058,13.673509,2.513366,32.30635,-0.0042517218,-0.12682196,0.0027168702,0.17821842,0.74157259,3.5280111
982,1982000.0,5.4477213,1.5292367,3.9184846,-0.25570029,1.0198205,1.1587549,0.82760184,-0.61728395,0.5,2.3415342,3.6629849,3.6328709,-0.27125314,-0.0015018182,-0.34991427,0.030482991,2.1756621,2.0189042,0.654136,0.15,1.6620244,0.5,0.036340889,13.758607,2.4826925,32.30635,-0.030289057,-0.19796468,-0.015951776,0.12583389,2.176354,-2.6873246
983,1983000.0,5.3874931,1.4905632,3.8969299,-0.26862024,0.99402987,1.182478,0.7330074,-0.61728395,0.5,2.5412117,3.8119005,3.8003363,0.011398257,0.012596114,-0.23571711,-0.1523202,2.3942987,2.2119764,0.64969853,0.15,1.6506613,0.5,0.036094363,13.852579,2.4635283,32.30635,-0.036487245,-0.20143246,0.020097143,0.19911134,-0.38051381,2.2265268
984,1984000.0,5.3822066,1.4917499,3.8904568,-0.26674886,0.99482124,1.168314,0.75457517,-0.61728395,0.5,2.7474755,3.9977923,3.9828704,0.26176372,0.0054599198,-0.17936366,0.027015502,2.5962397,2.4221838,0.65013212,0.15,1.7167609,0.5,0.036118451,13.84334,2.4913637,32.30635,0.015427689,-0.23077434,-0.012444728,0.17973953,-1.5571902,-0.74961264
985,1985000.0,5.4009548,1.5151856,3.8857692,-0.25729682,1.0104501,1.1831867,0.77126658,-0.61728395,0.5,2.8855655,4.0293034,4.06508,0.56231315,0.0016024234,-0.17270325,-0.049756838,2.7309844,2.5561329,0.64409695,0.15,1.7093521,0.5,0.035783164,13.973052,2.4816296,32.30635,0.011151782,-0.17178772,0.00024006383,0.15232838,-1.1225129,-1.0679765
986,1986000.0,5.4406048,1.5105101,3.9300947,-0.25416478,1.0073321,1.1535611,0.80497016,-0.61728395,0.5,2.6595628,3.8580594,3.9166298,0.20399917,-0.0053337603,-0.20724544,0.044293866,2.4982266,2.3383788,0.64445456,0.15,1.7182073,0.5,0.035803031,13.965298,2.4763955,32.30635,0.016976356,-0.12053978,-0.0082152214,0.18137356,-1.9694338,2.7646108
987,1987000.0,5.405991,1.5296494,3.8763416,-0.25023475,1.0200958,1.1968494,0.77533929,-0.61728395,0.5,2.9975167,4.1659508,4.1361083,0.69049094,-0.020278537,0.029388596,0.017861962,2.8421193,2.66428,0.64535801,0.15,1.6554395,0.5,0.035853223,13.945748,2.468308,32.30635,0.019034832,-0.22077628,-0.0094757079,0.1271289,-1.9258392,13.862129
988,1988000.0,5.4502158,1.5360856,3.9141302,-0.24512264,1.024388,1.1874868,0.79860387,-0.61728395,0.5,2.6219315,3.8592372,3.8310245,0.17553287,0.029590735,0.026581913,-0.13001907,2.4618714,2.2913017,0.64607265,0.15,1.6699738,0.5,0.035892925,13.930322,2.4847705,32.30635,0.0030811814,-0.23815835,0.020417866,0.1918587,0.5209455,-0.19876348
989,1989000.0,5.4304992,1.5456093,3.8848899,-0.24185141,1.0307391,1.1710532,0.83661222,-0.61728395,0.5,2.8614081,4.0904302,4.0534478,0.44034621,0.0048982616,0.30958244,0.051404708,2.6937301,2.5353538,0.6514491,0.15,1.658679,0.5,0.036191617,13.815354,2.4861748,32.30635,-0.0052523591,-0.21264814,0.036050907,0.20234498,-0.78837787,-7.6897586
990,1990000.0,5.4327686,1.5282606,3.904508,-0.24751146,1.0191696,1.1757907,0.8023802,-0.61728395,0.5,2.8815391,4.0563228,4.0984015,0.48989309,-0.046962027,0.29705084,0.034414672,2.7207221,2.5541658,0.64752004,0.15,1.6432187,0.5,0.035973335,13.899184,2.4644492,32.30635,0.0092266374,-0.18161975,0.020689959,0.1681337,-0.34761978,5.0666262
991,1991000.0,5.4414468,1.5494335,3.8920133,-0.25497965,1.0332894,1.1979338,0.80536516,-0.61728395,0.5,2.5813035,3.8584355,3.852949,0.032526149,-0.018720825,0.036014189,0.075698001,2.4198882,2.247765,0.65109248,0.15,1.6513183,0.5,0.036171805,13.822921,2.4808658,32.30635,-0.007422695,-0.14127726,-0.0083072939,0.13808536,-3.7866292,2.6084779
992,1992000.0,5.4050403,1.5096354,3.8954049,-0.25818259,1.0067488,1.1805198,0.76612542,-0.61728395,0.5,2.847234,4.0284848,4.0394598,0.47375754,0.024129784,-0.18168331,-0.043031082,2.6936834,2.518544,0.65065575,0.15,1.6432846,0.5,0.036147542,13.832199,2.503273,32.30635,-0.015564243,-0.15737544,-0.018139748,0.1835784,-0.75087678,4.3975858
993,1993000.0,5.433616,1.5297404,3.9038756,-0.26747381,1.0201565,1.186408,0.78998942,-0.61728395,0.5,2.6122712,3.8596342,3.8556809,0.12149869,0.012313737,-0.11871049,-0.055120315,2.4539376,2.2819418,0.64559654,0.15,1.701,0.5,0.035866474,13.940595,2.4964222,32.30635,0.018655741,-0.17154424,-0.017921113,0.21867789,-4.1746654,-3.3116443
994,1994000.0,5.4505887,1.5395208,3.9110679,-0.27701126,1.0266788,1.1816977,0.81212102,-0.61728395,0.5,2.7307632,3.9409045,3.9470599,0.30432522,0.039228701,-0.039191402,-0.099369528,2.5679939,2.4017452,0.64478723,0.15,1.6531398,0.5,0.035821513,13.958093,2.4792388,32.30635,-0.024112227,-0.17779397,-0.028620192,0.25882992,1.4620929,-1.0679782
995,1995000.0,5.4472864,1.5366372,3.9106492,-0.24933463,1.0247558,1.1536495,0.84648935,-0.61728395,0.5,2.6226749,3.9109791,3.8789369,0.078108632,-0.045120382,0.053299205,0.07380956,2.4530173,2.3014663,0.64632982,0.15,1.7060292,0.5,0.035907212,13.924779,2.485005,32.30635,-0.019897359,-0.19593815,-0.0096165359,0.15342646,-0.49551665,1.0658785
996,1996000.0,5.4385286,1.5315048,3.9070238,-0.26145121,1.0213331,1.1884141,0.79001467,-0.61728395,0.5,2.4573294,3.7278508,3.7781359,-0.13399834,-0.06606467,0.043185536,-0.02034847,2.2989908,2.1264414,0.65132173,0.15,1.6550077,0.5,0.036184541,13.818056,2.4792956,32.30635,0.033389692,-0.19573563,0.0086032977,0.2007333,-2.5171708,-0.88309861
997,1997000.0,5.4434246,1.518224,3.9252006,-0.25800212,1.0124763,1.1619691,0.80558447,-0.61728395,0.5,3.1755205,4.2654947,4.2473567,1.0137102,-0.018473355,0.10055338,-0.034868614,3.0140613,2.8519955,0.65607272,0.15,1.6589744,0.5,0.036448485,13.717991,2.4689199,32.30635,-0.020098201,-0.23336703,-0.016237663,0.19559809,2.2871507,-1.7505185
998,1998000.0,5.4248715,1.5338489,3.8910226,-0.25770951,1.0228963,1.1807551,0.80439051,-0.61728395,0.5,3.1112518,4.2212628,4.2132388,0.89925381,0.033358553,0.29205701,0.11736701,2.9500318,2.7824962,0.65697427,0.15,1.6988209,0.5,0.036498571,13.699167,2.480006,32.30635,-0.01494345,-0.18983521,-0.00025025602,0.18794492,-2.5300189,7.7948998
999,1999000.0,5.3846807,1.5202518,3.8644288,-0.25348284,1.0138287,1.1720168,0.79485838,-0.61728395,0.5,2.4941441,3.7946398,3.8334321,-0.14563963,0.0659626,-0.049018111,0.16369094,2.3348346,2.1678215,0.66136433,0.15,1.702606,0.5,0.036742463,13.608233,2.5124523,32.30635,0.015888903,-0.13678114,0.020846087,0.17411263,-2.0071805,1.7608106
1000,2000000.0,5.4490009,1.5220566,3.9269443,-0.27277419,1.0150323,1.1552364,0.82104606,-0.61728395,0.5,2.6561497,3.9194543,3.8104814,0.23851345,0.0014620853,-0.0024020013,-0.1310027,2.4915916,2.3344993,0.65805551,0.15,1.7342516,0.5,0.036558639,13.676658,2.4959235,32.30635,0.030286003,-0.15215485,0.011141346,0.19907213,-4.1252585,0.24532932
1001,2001000.0,5.4343637,1.50552,3.9288437,-0.25686358,1.0040043,1.1580825,0.79073587,-0.61728395,0.5,2.9576068,4.0965518,4.167895,0.60837348,0.007424753,-0.20771137,0.10748886,2.7991235,2.6351639,0.651851,0.15,1.7985162,0.5,0.036213945,13.806836,2.4664597,32.30635,0.027643672,-0.15068141,-0.011193994,0.21262597,-3.1267837,-1.6898673
1002,2002000.0,5.469342,1.6098359,3.8595061,-0.26874305,1.0735707,1.2319057,0.85444244,-0.61728395,0.5,2.5065445,3.8328282,3.8168892,-0.13008396,0.0054838135,-0.056129449,0.01254761,2.3352929,2.1635472,0.65018101,0.15,1.7427603,0.5,0.036121167,13.842299,2.482604,32.30635,-0.0033798883,-0.14530198,0.004333269,0.1977363,-2.009691,-1.565521
1003,2003000.0,5.4322983,1.5295464,3.9027519,-0.23803876,1.0200271,1.1571854,0.83027585,-0.61728395,0.5,2.7298008,3.9949265,3.9416684,0.25280768,-0.030430007,0.13063261,-0.034449347,2.5633928,2.4076078,0.65086466,0.15,1.7361172,0.5,0.036159148,13.82776,2.4735805,32.30635,-0.0045248794,-0.22141623,0.0027755968,0.1835085,0.83115258,4.1082777
1004,2004000.0,5.3945835,1.5242044,3.8703791,-0.25111938,1.0164646,1.1774647,0.79358996,-0.61728395,0.5,2.6937771,3.9439022,3.9198242,0.21760498,-0.026030391,-0.042413822,-0.01035933,2.5347219,2.3659377,0.64869264,0.15,1.7280721,0.5,0.03603848,13.874059,2.5088777,32.30635,0.0019935068,-0.252155,-0.02552632,0.25577275,1.9604376,1.7989777
1005,2005000.0,5.3960264,1.5183385,3.8776879,-0.2591649,1.0125527,1.1567983,0.81295028,-0.61728395,0.5,2.5441054,3.8170371,3.8301473,-0.014868072,0.042759777,-0.11451621,0.0018631448,2.3811699,2.2220201,0.64173257,0.15,1.7286113,0.5,0.035651809,14.024534,2.5042301,32.30635,-0.0051196945,-0.1590317,-0.035572487,0.21733911,-1.5261257,-4.4762421
1006,2006000.0,5.3954448,1.5327906,3.8626542,-0.27278616,1.0221906,1.1705058,0.81694205,-0.61728395,0.5,2.8664808,4.0105267,4.0608254,0.52809035,0.02225748,0.11274064,-0.027068795,2.7027452,2.540579,0.63946908,0.15,1.7212907,0.5,0.03552606,14.074175,2.4807326,32.30635,0.032685148,-0.20968927,-0.015000327,0.1731303,-6.5791417,1.7931722
1007,2007000.0,5.4302323,1.5184984,3.9117339,-0.23495993,1.0126594,1.1645963,0.80237213,-0.61728395,0.5,2.7825927,3.9064595,4.0199524,0.42136634,-0.021659185,-0.27192304,0.10967817,2.6217773,2.4583362,0.64159709,0.15,1.7475153,0.5,0.035644283,14.027495,2.4731651,32.30635,-0.0018587021,-0.17749259,-0.0026865832,0.12996523,1.5559671,3.8639499
1008,2008000.0,5.407551,1.5385126,3.8690384,-0.25847422,1.0260064,1.1949495,0.79210487,-0.61728395,0.5,2.9102066,4.0699549,4.1005893,0.56007554,0.01089444,-0.31616316,0.094326635,2.751449,2.5774989,0.64842127,0.15,1.7143951,0.5,0.036023404,13.879865,2.4880197,32.30635,-0.01551792,-0.1966203,0.0085001226,0.26048866,2.7447007,-2.8276285
1009,2009000.0,5.4104014,1.498839,3.9115624,-0.25767157,0.99954883,1.1431706,0.80080292,-0.61728395,0.5,2.7271119,3.9502761,3.9646526,0.26640697,-0.011023678,0.17743861,0.097607842,2.566611,2.4088209,0.65221032,0.15,1.7040463,0.5,0.036233907,13.79923,2.4919788,32.30635,-0.017688736,-0.1818845,-0.049140621,0.19347657,0.88771364,-5.0990428
1010,2010000.0,5.3921816,1.5088207,3.8833609,-0.25960683,1.0062055,1.1587845,0.79502132,-0.61728395,0.5,2.5175158,3.8308841,3.8071205,-0.08545714,0.018345267,0.042461271,0.034592178,2.3581737,2.1948775,0.64976695,0.15,1.7421442,0.5,0.036098164,13.85112,2.4928266,32.30635,-0.0054595776,-0.17521288,-0.0098793267,0.16333317,0.83521653,-0.42053162
1011,2011000.0,5.40533,1.5110871,3.8942429,-0.24834147,1.0077169,1.1797617,0.76949225,-0.61728395,0.5,2.7179188,3.883688,3.9863019,0.28376643,-0.054323414,-0.00076193798,-0.054837339,2.5636933,2.3894398,0.6461848,0.15,1.7609983,0.5,0.035899155,13.927904,2.4746473,32.30635,-0.013429567,-0.26415383,0.016898443,0.11741117,-1.0713036,-0.62001635
1012,2012000.0,5.4538866,1.5405914,3.9132952,-0.20789773,1.0273928,1.1574152,0.84756031,-0.61728395,0.5,2.544424,3.7941305,3.9055252,-0.066383767,0.035937214,-0.58185547,0.032683038,2.3745517,2.2221669,0.64721022,0.15,1.8235645,0.5,0.035956124,13.905837,2.5072273,32.30635,0.0016080552,-0.20892888,-0.0046510569,0.21996164,1.4872228,2.1796946
1013,2013000.0,5.4325848,1.5310242,3.9015606,-0.2600713,1.0210126,1.1795368,0.80158099,-0.61728395,0.5,3.1091234,4.2725339,4.1949502,0.85988597,0.017007547,-0.27999679,-0.11557065,2.9484665,2.780707,0.64585358,0.15,1.771345,0.5,0.035880755,13.935047,2.4584856,32.30635,0.022367089,-0.15695739,0.010855203,0.20254786,-1.2120357,10.360674
1014,2014000.0,5.4023254,1.522312,3.8800134,-0.27265219,1.0152026,1.2027166,0.75549418,-0.61728395,0.5,2.6262317,3.8102922,3.910329,0.15807388,-0.046115895,-0.11723063,-0.046370275,2.4748118,2.2913615,0.64772336,0.15,1.7883244,0.5,0.035984631,13.894821,2.4906355,32.30635,0.0027705444,-0.20637484,0.03289358,0.1673951,0.69042037,-5.5352771
1015,2015000.0,5.4947055,1.5309378,3.9637677,-0.24414955,1.020955,1.1646152,0.82217209,-0.61728395,0.5,2.7649951,4.0152322,3.9710916,0.30866168,-0.00066314286,-0.12991537,0.081637783,2.6002113,2.4407334,0.64859647,0.15,1.7911475,0.5,0.036033137,13.876116,2.4851313,32.30635,0.030874102,-0.19895917,0.012026796,0.17466535,4.2021266,3.1587214
1016,2016000.0,5.4483725,1.5327687,3.9156038,-0.26129238,1.022176,1.1835379,0.79880299,-0.61728395,0.5,2.7153407,3.9791562,3.9617125,0.20515334,-0.034462297,0.083068519,-0.077587248,2.5552406,2.3858103,0.64753308,0.15,1.7374037,0.5,0.03597406,13.898904,2.4969387,32.30635,0.01150484,-0.17294062,-0.0072277273,0.16045911,1.0234103,1.5226405
1017,2017000.0,5.4437788,1.5840035,3.8597753,-0.27105876,1.0563436,1.2263725,0.82095694,-0.61728395,0.5,3.0050083,4.159716,4.1671543,0.68815462,-0.036610785,-0.32895346,-0.028944277,2.840468,2.6635516,0.64793876,0.15,1.7866549,0.5,0.035996598,13.890202,2.4795855,32.30635,-0.019386027,-0.24453767,0.018674492,0.15947793,4.0701255,0.75789263
1018,2018000.0,5.4339669,1.5379939,3.895973,-0.2660421,1.0256605,1.1928384,0.79421091,-0.61728395,0.5,2.8050856,4.0340534,3.9622597,0.41894378,0.046989811,0.076597065,0.042742129,2.6459059,2.4729657,0.64510915,0.15,1.746507,0.5,0.035839397,13.951128,2.4848684,32.30635,0.00060057958,-0.20025121,0.0054219432,0.1555404,-3.4884788,0.83255461
1019,2019000.0,5.4714138,1.5277708,3.943643,-0.23286397,1.0188429,1.1794651,0.79649517,-0.61728395,0.5,2.4659561,3.7033562,3.7518989,-0.057386917,0.013713471,-0.15520756,-0.11138421,2.3063185,2.1375597,0.64281203,0.15,1.7867042,0.5,0.035711779,14.000983,2.471123,32.30635,0.028474912,-0.227758,0.011156018,0.1786109,0.41888182,-2.6277138
1020,2020000.0,5.3985752,1.5077368,3.8908385,-0.25105751,1.0054826,1.1811715,0.76219396,-0.61728395,0.5,2.8409065,4.0425946,4.0698658,0.41025901,-0.013017004,-0.32601034,-0.021438417,2.6881438,2.512035,0.64295296,0.15,1.7477193,0.5,0.035719609,13.997914,2.5021221,32.30635,-0.0031178051,-0.15705057,-0.011249059,0.17346562,5.0834468,2.4028464
1021,2021000.0,5.4740961,1.5520152,3.9220808,-0.24985637,1.0350111,1.1922436,0.81738471,-0.61728395,0.5,2.7133933,3.9481631,3.9561751,0.23584154,-0.032699281,-0.24817064,-0.021270469,2.5495689,2.381439,0.63777983,0.15,1.739452,0.5,0.035432213,14.111453,2.4852378,32.30635,0.023501674,-0.1705493,0.0015730379,0.18580763,3.0845781,0.24522221
1022,2022000.0,5.4575456,1.5400594,3.9174862,-0.26758455,1.027038,1.1939641,0.79593924,-0.61728395,0.5,2.6941135,3.8988269,3.9584998,0.22501366,0.060278974,0.11093354,0.094914016,2.5345873,2.3616801,0.63805773,0.15,1.7181906,0.5,0.035447652,14.105307,2.4715084,32.30635,0.01831991,-0.13094018,-0.0055004882,0.19098711,2.4095334,-3.9230775
1023,2023000.0,5.4562837,1.5469787,3.909305,-0.24985645,1.0316524,1.2254658,0.76320544,-0.61728395,0.5,2.7895162,4.004357,4.0598711,0.30432047,-0.017929479,-0.28842951,-0.048497445,2.6365507,2.4483119,0.63852063,0.15,1.7045792,0.5,0.035473368,14.095081,2.4695144,32.30635,-0.0034099838,-0.13828603,0.0035242082,0.16050967,3.9431752,-2.7449539
1024,2024000.0,5.4436415,1.5259222,3.9177193,-0.25213456,1.0176101,1.1919964,0.77614039,-0.61728395,0.5,2.4158571,3.7221545,3.7597138,-0.23429699,0.023801437,-0.13343692,-0.0016195652,2.2602992,2.0839716,0.64777235,0.15,1.6891432,0.5,0.035987353,13.89377,2.5213059,32.30635,0.033719216,-0.13619024,-0.0032181414,0.20802729,-2.2221675,-3.5923296
1025,2025000.0,5.4836022,1.5699659,3.9136364,-0.25175113,1.0469821,1.2017607,0.83277371,-0.61728395,0.5,2.7017575,3.947989,3.9653899,0.19189369,-0.050945514,-0.18383906,0.099674892,2.5348489,2.3671534,0.64745383,0.15,1.6929235,0.5,0.035969657,13.900605,2.4940002,32.30635,0.0043219584,-0.17506044,0.015681008,0.20290956,-2.4043669,-2.6643956
1026,2026000.0,5.454256,1.5257067,3.9285493,-0.25362583,1.0174664,1.178212,0.7949461,-0.61728395,0.5,2.7496201,3.9935992,3.96931,0.28595105,-0.026605017,-0.16270702,0.18975683,2.590293,2.4215726,0.65151291,0.15,1.641423,0.5,0.036195162,13.814001,2.5030817,32.30635,-0.0033717034,-0.1789922,0.0054374718,0.23016113,3.9934354,-4.340478
1027,2027000.0,5.4581402,1.5416188,3.9165214,-0.25466026,1.0280779,1.1921683,0.8009192,-0.61728395,0.5,2.5166957,3.8030544,3.8448353,-0.097802565,0.045410896,-0.1962041,0.20718773,2.3561715,2.1847624,0.64640839,0.15,1.6655251,0.5,0.035911577,13.923087,2.4858547,32.30635,-0.002953951,-0.23047855,-0.00023829514,0.17519879,3.5352386,-3.4097092
1028,2028000.0,5.4580298,1.5221758,3.935854,-0.25770606,1.0151117,1.1764262,0.79179934,-0.61728395,0.5,2.5255538,3.7406138,3.8479009,-0.011853243,0.010569047,0.1507707,-0.074097168,2.3668574,2.1980036,0.64495328,0.15,1.6616253,0.5,0.035830738,13.954499,2.4654937,32.30635,-0.03737046,-0.20663784,0.028731105,0.23090802,0.55022625,2.0870258
1029,2029000.0,5.4405573,1.5322801,3.9082772,-0.25759815,1.0218501,1.1970289,0.77928279,-0.61728395,0.5,2.7811714,3.9821321,3.9873048,0.37407718,-0.0043038122,-0.010845189,0.0024346957,2.6249836,2.4478847,0.64136701,0.15,1.7055508,0.5,0.035631501,14.032527,2.4868852,32.30635,-0.019028801,-0.19273202,0.0078037461,0.16265824,-0.83770596,1.7848669
1030,2030000.0,5.4262595,1.5345924,3.8916671,-0.24226115,1.0233921,1.1895175,0.79340279,-0.61728395,0.5,2.8774277,4.1155119,4.1353838,0.38138741,0.020980929,-0.12863522,-0.13485751,2.7184099,2.5462324,0.63894833,0.15,1.6550066,0.5,0.035497129,14.085646,2.4931156,32.30635,-0.0154696,-0.13585652,-0.010420659,0.17298299,0.12018626,-1.5157356
1031,2031000.0,5.451296,1.5503855,3.9009106,-0.24947966,1.0339243,1.1864722,0.82280474,-0.61728395,0.5,2.6393408,3.960523,3.8933356,0.064163784,-0.0013060461,-0.12748594,0.10665093,2.4744302,2.3089934,0.63913989,0.15,1.6629782,0.5,0.035507772,14.081424,2.4946914,32.30635,-0.016785392,-0.18466271,-0.0091427469,0.14262189,4.0327705,0.021310019
1032,2032000.0,5.4646526,1.5487145,3.9159381,-0.25371663,1.0328099,1.2169511,0.77780053,-0.61728395,0.5,2.4545879,3.7753818,3.7525779,-0.16419584,-0.0022885685,-0.51050788,-0.13249934,2.2986973,2.1157544,0.64092484,0.15,1.7103654,0.5,0.035606935,14.042208,2.4827773,32.30635,0.01376754,-0.19100538,0.0199253,0.19521993,6.0032012,7.1945959
1033,2033000.0,5.4447735,1.563049,3.8817245,-0.26539231,1.0423693,1.2263835,0.78754375,-0.61728395,0.5,2.8180422,4.1028731,4.0002298,0.35102359,0.05415305,0.050454968,-0.10590226,2.6601987,2.4765824,0.64488693,0.15,1.6888063,0.5,0.035827052,13.955935,2.4664097,32.30635,-0.02820918,-0.22487517,-0.0099290746,0.17448676,-0.16078388,1.3839344
1034,2034000.0,5.4668738,1.5063271,3.9605467,-0.24433013,1.0045425,1.1757267,0.76751105,-0.61728395,0.5,2.8394101,4.0756852,4.0809263,0.36161886,-0.027775668,-0.15763251,-0.023870358,2.6855817,2.5120546,0.64908125,0.15,1.6319973,0.5,0.03606007,13.865752,2.4716563,32.30635,0.00016152775,-0.19934039,0.016124914,0.1667385,1.7556612,-1.0521933
1035,2035000.0,5.4385426,1.5506871,3.8878555,-0.26964836,1.0341254,1.2097333,0.79097127,-0.61728395,0.5,2.574582,3.8451714,3.8486419,0.029932745,-0.032553951,-0.18327405,-0.13480914,2.4160516,2.2377581,0.66424801,0.15,1.6380364,0.5,0.036902667,13.549156,2.5157646,32.30635,-0.012449846,-0.19441093,-0.0077776875,0.19957182,1.9531567,0.35889115
1036,2036000.0,5.4178814,1.494189,3.9236924,-0.25925922,0.99644784,1.158719,0.77179195,-0.61728395,0.5,2.7895449,3.9671321,3.989737,0.41176556,0.01740573,-0.41663096,-0.059623245,2.6348585,2.4669248,0.66428052,0.15,1.6150519,0.5,0.036904473,13.548493,2.4778025,32.30635,-0.020501296,-0.19762809,-0.011952524,0.23205377,3.0879858,0.20964288
1037,2037000.0,5.4465526,1.505424,3.9411285,-0.25252473,1.0039403,1.1339962,0.82404329,-0.61728395,0.5,2.7046397,3.973416,3.9200534,0.22044957,0.050093557,-0.34204357,0.0099085066,2.5394808,2.3889031,0.65840497,0.15,1.641761,0.5,0.036578054,13.669399,2.4685543,32.30635,-0.0028662289,-0.20355756,-0.008282826,0.19354891,0.34035703,-6.3714356
1038,2038000.0,5.4234139,1.5145203,3.9088935,-0.26519406,1.0100064,1.1639316,0.79695521,-0.61728395,0.5,2.7555278,3.9609721,4.0266419,0.27896935,0.022489462,0.024004245,0.017441888,2.5957981,2.4314564,0.65054153,0.15,1.6443367,0.5,0.036141196,13.834628,2.4754646,32.30635,0.014241787,-0.15642106,0.0094192342,0.14187109,3.4341973,6.7546696
1039,2039000.0,5.3985053,1.5017258,3.8967794,-0.25411118,1.001474,1.1536895,0.79079122,-0.61728395,0.5,2.755307,3.9804351,4.028721,0.25676484,-0.013308143,-0.19434408,-0.11188515,2.5968126,2.4340872,0.64388211,0.15,1.6281503,0.5,0.035771229,13.977714,2.4784478,32.30635,0.0022116783,-0.17138615,-0.0043437236,0.21600026,2.1978437,0.67435103
1040,2040000.0,5.4128166,1.5009556,3.911861,-0.25082396,1.0009604,1.1468836,0.79901837,-0.61728395,0.5,2.8278515,4.0213335,4.0134982,0.44872265,-0.064712749,0.15922059,-0.055464821,2.6677082,2.5085267,0.64000965,0.15,1.6301437,0.5,0.035556092,14.062288,2.5073718,32.30635,0.030042107,-0.14355764,-0.026190276,0.14831443,-1.5216623,3.16983
1041,2041000.0,5.3971925,1.4939045,3.903288,-0.23703278,0.99625812,1.1543404,0.77742126,-0.61728395,0.5,2.5600655,3.8004851,3.8301638,0.049547634,0.026761391,0.043265235,-0.050157796,2.4042509,2.2386645,0.64378232,0.15,1.6324069,0.5,0.035765684,13.979881,2.4847727,32.30635,0.028315667,-0.193695,0.00082748098,0.22329875,-1.3360119,-5.5722152
1042,2042000.0,5.4588952,1.5139233,3.9449719,-0.25340427,1.0096083,1.1534821,0.81051993,-0.61728395,0.5,2.5126355,3.7824794,3.7867283,-0.031301233,0.059117889,0.029230067,-0.11948501,2.350187,2.1914735,0.65105844,0.15,1.6129212,0.5,0.036169913,13.823644,2.5101901,32.30635,0.0034046769,-0.12098736,-0.020870032,0.24242758,-0.20631684,0.20448973
1043,2043000.0,5.4638487,1.5348143,3.9290344,-0.24526693,1.0235401,1.1832585,0.80245145,-0.61728395,0.5,2.8883839,4.1156974,4.0787013,0.47075305,-0.029536605,-0.042662041,-0.016729224,2.7275526,2.5589313,0.65568243,0.15,1.6499678,0.5,0.036426802,13.726157,2.4961023,32.30635,-0.0094667091,-0.20621488,0.0026808164,0.13220928,-2.3849943,-0.5229388
1044,2044000.0,5.4616589,1.5516599,3.909999,-0.27077593,1.0347741,1.1923026,0.81673629,-0.61728395,0.5,2.6782656,3.8943745,3.8969034,0.24351876,0.00089403512,-0.31220382,-0.053193707,2.5145712,2.3462948,0.6573237,0.15,1.6486034,0.5,0.036517983,13.691884,2.4860686,32.30635,-0.020820089,-0.23892997,0.019883242,0.18272177,0.59540541,-6.1069862
1045,2045000.0,5.4669198,1.5716585,3.8952613,-0.26381783,1.0481109,1.2269211,0.80051909,-0.61728395,0.5,2.8889609,4.0099513,4.1436055,0.51332592,0.012475268,-0.17107056,0.018382325,2.7285169,2.5473514,0.65105974,0.15,1.7048557,0.5,0.036169986,13.823616,2.4817437,32.30635,-0.0012892729,-0.17792233,0.015825409,0.16290738,-1.8699939,2.4196146
1046,2046000.0,5.4326779,1.5670176,3.8656603,-0.27285652,1.0450159,1.2214872,0.80067093,-0.61728395,0.5,3.0693061,4.2293659,4.2256349,0.7529174,-0.027555353,0.048237885,-0.082438737,2.9088316,2.7292096,0.64383824,0.15,1.6722508,0.5,0.035768791,13.978666,2.4851812,32.30635,-0.016382086,-0.18308789,0.015570945,0.1354789,-2.293738,2.9203953
1047,2047000.0,5.4622154,1.5216717,3.9405438,-0.24027635,1.0147755,1.1721153,0.79698445,-0.61728395,0.5,2.6900213,3.9147656,3.9611168,0.19418147,-0.052009038,0.10873864,-0.15931274,2.5302857,2.3636713,0.63732613,0.15,1.6770528,0.5,0.035407007,14.121499,2.4902414,32.30635,0.037753669,-0.16780664,0.00036033479,0.18690621,-0.16129027,-4.9817489
1048,2048000.0,5.4337111,1.544918,3.8887931,-0.25882455,1.0302781,1.2116754,0.77907846,-0.61728395,0.5,2.5836582,3.9110221,3.8380464,0.0019059565,0.025869324,0.23168039,0.045463158,2.4275114,2.2462935,0.63667758,0.15,1.6407675,0.5,0.035370976,14.135883,2.4640342,32.30635,-0.011045526,-0.14881763,-0.01577155,0.153429,0.95980686,1.2795432
1049,2049000.0,5.4650571,1.5347094,3.9303477,-0.2557546,1.0234702,1.1792508,0.80785181,-0.61728395,0.5,2.6077921,3.8323333,3.8434205,0.14762257,-0.052725739,0.099104747,0.065056306,2.4458784,2.2794554,0.63733572,0.15,1.6347637,0.5,0.03540754,14.121286,2.4895121,32.30635,-0.022473047,-0.1617855,0.0060592999,0.12287307,-1.0426663,-2.4392746
1050,2050000.0,5.4381518,1.5866097,3.8515421,-0.25705031,1.0580815,1.2476365,0.79557091,-0.61728395,0.5,2.9087772,4.0595493,4.1748815,0.49190096,-0.041698204,-0.23521886,0.015978035,2.7493249,2.5614,0.64498386,0.15,1.6898606,0.5,0.035832437,13.953837,2.4813243,32.30635,0.024525765,-0.21560697,0.019311316,0.12942797,2.5572287,-1.6775393
1051,2051000.0,5.4396979,1.526409,3.9132889,-0.26765253,1.0179348,1.1883806,0.78193939,-0.61728395,0.5,2.8350039,3.9964139,4.0807571,0.4278406,-0.028805932,0.058457183,-0.11500046,2.6782837,2.5041251,0.65258729,0.15,1.7206076,0.5,0.036254849,13.791258,2.5006973,32.30635,0.020890387,-0.1766303,0.0052016935,0.15570044,-3.2256677,2.229322
1052,2052000.0,5.4420772,1.5400328,3.9020444,-0.24941088,1.0270203,1.1911011,0.79987404,-0.61728395,0.5,2.7128104,3.9212451,3.9994937,0.2176924,0.0049967582,0.13350884,-0.034044719,2.5524956,2.3811742,0.65886633,0.15,1.6991728,0.5,0.036603685,13.659827,2.4809189,32.30635,-0.015741771,-0.20065761,0.0010908954,0.22221762,-4.3517732,1.0002808
1053,2053000.0,5.4618932,1.5366747,3.9252185,-0.24421778,1.0247808,1.1995597,0.78277113,-0.61728395,0.5,2.7032595,3.8995078,4.0103461,0.19992453,0.003624573,0.022952592,-0.040773149,2.5463726,2.3692682,0.66540104,0.15,1.6947605,0.5,0.036966724,13.525678,2.4772425,32.30635,0.0030688974,-0.24432401,0.020529798,0.16070236,1.737906,-4.1291421
1054,2054000.0,5.4383997,1.5492977,3.889102,-0.25648824,1.0331989,1.1933443,0.81152449,-0.61728395,0.5,2.8722127,4.0522588,4.0793154,0.48506381,-0.02933406,0.19346825,0.047593288,2.7095629,2.539952,0.66250706,0.15,1.6921638,0.5,0.036805948,13.584761,2.4793873,32.30635,-0.022073752,-0.23618328,0.007721327,0.15224368,-0.036119492,2.8546665
1055,2055000.0,5.4511418,1.5273487,3.9237932,-0.25953513,1.0185614,1.178906,0.79659912,-0.61728395,0.5,2.9520651,4.0513243,4.1612211,0.64364998,-0.025763653,0.14659521,-0.036723758,2.7924068,2.6238244,0.65677655,0.15,1.658316,0.5,0.036487586,13.703291,2.4957479,32.30635,0.0006405776,-0.18244655,0.020412154,0.24556574,2.0419469,4.7749607
1056,2056000.0,5.4325753,1.5274709,3.9051044,-0.2684305,1.0186429,1.1870364,0.78549922,-0.61728395,0.5,2.7251133,3.9645152,3.9392934,0.27153143,0.061795286,-0.21633875,-0.01750118,2.5676797,2.3946089,0.64671319,0.15,1.6542879,0.5,0.035928511,13.916525,2.4664569,32.30635,0.0040141176,-0.19793433,-0.0085548232,0.13889226,-0.12528924,0.7170629
1057,2057000.0,5.4423324,1.5117555,3.9305769,-0.2626775,1.0081626,1.1571562,0.8019609,-0.61728395,0.5,2.6589504,3.8869274,3.8385511,0.25137278,-0.027760697,-0.15904897,0.0022622919,2.4982174,2.3367655,0.64500913,0.15,1.6697346,0.5,0.03583384,13.953291,2.4837428,32.30635,-0.02046923,-0.21485571,-0.0031884579,0.21400072,-3.4311263,-2.1920975
1058,2058000.0,5.4038841,1.5331292,3.8707549,-0.2563442,1.0224163,1.1828247,0.80036838,-0.61728395,0.5,2.6023823,3.8888818,3.8735376,0.044727435,0.00056479966,-0.29323411,0.003925408,2.4419685,2.2730505,0.63620422,0.15,1.6145751,0.5,0.035344679,14.146401,2.4755241,32.30635,-0.011598148,-0.14969793,-0.012515063,0.17101463,0.42962848,0.65783203
1059,2059000.0,5.4181251,1.5201782,3.8979468,-0.25421918,1.0137796,1.1583847,0.81367864,-0.61728395,0.5,2.4056461,3.7399893,3.7124774,-0.23552837,-0.020674794,-0.22313613,-0.092008587,2.2425646,2.0831191,0.64078507,0.15,1.6543818,0.5,0.035599171,14.045271,2.5105254,32.30635,-0.024997232,-0.13447716,-0.047062489,0.20855433,2.0487986,1.4351085
1060,2060000.0,5.4424653,1.5218365,3.9206288,-0.25726807,1.0148855,1.1823842,0.78298185,-0.61728395,0.5,2.6529578,3.905858,3.8938574,0.15915794,-0.01407166,0.071498608,0.055669526,2.4960287,2.3237487,0.64269815,0.15,1.6516565,0.5,0.035705453,14.003463,2.5079557,32.30635,-0.021511053,-0.2013487,-0.023345061,0.21188589,-1.2791507,-2.1787244
1061,2061000.0,5.4229284,1.484342,3.9385864,-0.25529197,0.98988108,1.1474272,0.77178411,-0.61728395,0.5,2.9570028,4.1360988,4.089414,0.64549574,0.037627098,0.02651634,-0.096794767,2.802318,2.6375267,0.6479352,0.15,1.6603887,0.5,0.0359964,13.890278,2.4817612,32.30635,-0.0063967787,-0.22543131,0.0034450741,0.17936245,-0.12375381,2.3588459
1062,2062000.0,5.433266,1.5530803,3.8801858,-0.25894099,1.0357214,1.2033221,0.80369206,-0.61728395,0.5,2.7546745,3.9593858,3.9526644,0.35197313,-0.0087588,-0.1226563,-0.03470223,2.5935945,2.4196356,0.65422742,0.15,1.6751166,0.5,0.036345968,13.756684,2.4927192,32.30635,-0.029526248,-0.1846924,-0.0066889103,0.15384816,0.049348785,4.6958413
1063,2063000.0,5.4315409,1.525296,3.9062449,-0.25303527,1.0171925,1.1736202,0.80067036,-0.61728395,0.5,2.5458653,3.7574788,3.8710322,0.0090848141,-0.022655093,-0.14080199,0.08156604,2.3853909,2.2190963,0.66235496,0.15,1.6994894,0.5,0.036797498,13.58788,2.5129741,32.30635,-0.016687994,-0.1417559,0.0051410908,0.13726009,-0.57075577,-7.589574
1064,2064000.0,5.4370402,1.545947,3.8910932,-0.27456029,1.0309643,1.1982543,0.79936309,-0.61728395,0.5,2.4369497,3.7324179,3.7538491,-0.17541775,0.003442194,-0.35518238,-0.14055338,2.2767374,2.1033219,0.66472289,0.15,1.7133307,0.5,0.03692905,13.539476,2.5064005,32.30635,-0.00501358,-0.15280926,0.003682126,0.16309768,4.5731906,-0.88182793
1065,2065000.0,5.4722738,1.5678658,3.904408,-0.25451829,1.0455816,1.2039767,0.8263483,-0.61728395,0.5,2.7010079,3.9326439,3.9596842,0.21069575,-0.064056503,-0.00158355,0.0082353012,2.5353871,2.3657868,0.66298208,0.15,1.7668429,0.5,0.036832338,13.575028,2.5014553,32.30635,0.0084480579,-0.17242718,0.016445614,0.22465891,1.112899,-0.17616114
1066,2066000.0,5.4040369,1.5156834,3.8883535,-0.28073639,1.0107821,1.1826147,0.77285455,-0.61728395,0.5,2.7580594,3.9644368,3.9992066,0.31053478,0.030719968,-0.15733821,0.03650801,2.60316,2.4287861,0.65147617,0.15,1.6884593,0.5,0.03619312,13.81478,2.4795445,32.30635,0.0094918434,-0.19941305,0.0036435353,0.15966198,1.7964125,-2.5507297
1067,2067000.0,5.4677157,1.5763502,3.8913656,-0.26198582,1.0512397,1.2125501,0.82796069,-0.61728395,0.5,2.4502287,3.7734635,3.7214571,-0.14423451,0.00086827766,-0.12458024,-0.100642,2.2842847,2.1126205,0.64160069,0.15,1.6846915,0.5,0.035644483,14.027416,2.4859298,32.30635,-0.00801918,-0.16650631,-0.0045408462,0.15994983,3.3357969,-3.0574442
1068,2068000.0,5.4360337,1.5311434,3.9048903,-0.25559172,1.0210921,1.1735339,0.81011005,-0.61728395,0.5,2.7441515,3.9399321,4.0073849,0.28513763,0.0072191246,0.0065649253,0.03284174,2.5817852,2.4174066,0.63816167,0.15,1.6756174,0.5,0.035453426,14.103009,2.4841263,32.30635,-0.019247523,-0.17197418,-0.04070682,0.25465297,-0.93915494,-0.52192537
1069,2069000.0,5.4651028,1.5482988,3.916804,-0.24939448,1.0325327,1.182703,0.82471504,-0.61728395,0.5,2.6225139,3.8629151,3.8980975,0.10652911,0.0040459258,-0.03852425,0.025786334,2.4572204,2.293216,0.63728661,0.15,1.6338444,0.5,0.035404812,14.122374,2.4873574,32.30635,-0.0056759004,-0.1574731,0.030581434,0.16952073,3.9451707,-3.648419
1070,2070000.0,5.429575,1.503699,3.925876,-0.24781378,1.0027899,1.15957,0.78576701,-0.61728395,0.5,2.5912869,3.8578879,3.9094685,0.0065041651,0.012215087,-0.10799296,0.095005876,2.4337995,2.2684298,0.64313255,0.15,1.6358849,0.5,0.035729586,13.994005,2.4935854,32.30635,-0.011306018,-0.22055023,-0.013718318,0.19478483,0.19103975,1.7609412
1071,2071000.0,5.4156308,1.5265054,3.8891255,-0.27705524,1.017999,1.1827299,0.78994282,-0.61728395,0.5,2.7551094,3.8905173,3.9573881,0.4174229,0.025875857,-0.015434081,-0.010360349,2.5967851,2.425804,0.64968016,0.15,1.615538,0.5,0.036093342,13.85297,2.4781519,32.30635,-0.018311756,-0.15712736,0.014222083,0.19264168,-4.0042611,2.1113765
1072,2072000.0,5.410533,1.5092175,3.9013155,-0.26146681,1.0064701,1.1650814,0.78690621,-0.61728395,0.5,2.5989122,3.855237,3.8487506,0.092749021,-0.0048331623,0.0051206135,0.0011066984,2.4411965,2.2745206,0.65452273,0.15,1.651749,0.5,0.036362374,13.750477,2.5074529,32.30635,0.0056256507,-0.1552565,-0.016246596,0.14222129,-1.3701072,-2.7141361
1073,2073000.0,5.4268972,1.5403439,3.8865534,-0.25954421,1.0272277,1.1940919,0.79621496,-0.61728395,0.5,2.7453216,3.9580317,3.9945841,0.28334889,0.03780164,-0.037060932,-0.028845142,2.5857402,2.4128527,0.65799263,0.15,1.6399099,0.5,0.036555146,13.677965,2.4764693,32.30635,-0.017546923,-0.20141226,0.0016316375,0.16775259,-2.9287641,0.29773283
1074,2074000.0,5.431806,1.5484506,3.8833553,-0.25612429,1.032634,1.1914412,0.81281804,-0.61728395,0.5,3.0400713,4.2408072,4.2018886,0.67751817,0.0043394969,-0.062177982,-0.058478156,2.8771622,2.7083404,0.65621694,0.15,1.6437108,0.5,0.036456497,13.714977,2.4757622,32.30635,0.00757237,-0.19369339,0.031132007,0.19126065,1.970762,2.2246233
1075,2075000.0,5.4318628,1.513561,3.9183018,-0.24124112,1.0093667,1.1505864,0.81396523,-0.61728395,0.5,3.0449263,4.1971001,4.2085372,0.72914157,0.027973879,0.05278475,0.013163464,2.8817873,2.7245706,0.64879841,0.15,1.6600579,0.5,0.036044356,13.871797,2.4677249,32.30635,-0.037698625,-0.22364383,-0.015037179,0.22876856,-0.84481064,5.7742808
1076,2076000.0,5.452658,1.5480843,3.9045738,-0.25020186,1.0323896,1.2117249,0.78405629,-0.61728395,0.5,2.7387457,3.9237279,3.9997864,0.29272267,-0.010916097,-0.29378232,-0.06671679,2.5816012,2.4013673,0.6393822,0.15,1.7023359,0.5,0.035521233,14.076088,2.5024948,32.30635,-0.0072045787,-0.16157577,0.0040038646,0.15848518,3.4971373,2.4384736
1077,2077000.0,5.4284922,1.5358161,3.8926762,-0.25175028,1.0242082,1.204811,0.77410764,-0.61728395,0.5,2.5305078,3.7910693,3.7885814,0.01187275,-0.014432893,-0.068794201,0.073399847,2.3753573,2.1950544,0.63968211,0.15,1.731089,0.5,0.035537895,14.069488,2.4835429,32.30635,0.019955853,-0.18402088,-0.011125428,0.23210359,-1.1932011,1.9679537
1078,2078000.0,5.4709112,1.545648,3.9252632,-0.23862398,1.0307649,1.1866168,0.81505319,-0.61728395,0.5,2.8598195,3.9904146,4.0629894,0.52605466,-0.0078684859,-0.027162685,-0.067364146,2.6964625,2.5294319,0.63850527,0.15,1.7208015,0.5,0.035472515,14.09542,2.4786775,32.30635,0.0071948879,-0.18997661,0.031842344,0.25535485,1.2965916,-0.0082708389
1079,2079000.0,5.4716524,1.5272706,3.9443818,-0.25214328,1.0185094,1.1755122,0.80118917,-0.61728395,0.5,2.6063571,3.871174,3.8271436,0.12075361,0.0040068974,-0.29081389,0.036423934,2.4457787,2.2790613,0.64170449,0.15,1.7008909,0.5,0.03565025,14.025147,2.4955104,32.30635,0.036159315,-0.18801993,0.01130807,0.19721936,2.0222785,-7.8575516
1080,2080000.0,5.4774446,1.5435796,3.933865,-0.24574686,1.0293856,1.174303,0.82886263,-0.61728395,0.5,2.6723931,3.9022609,3.9654261,0.14949243,0.041735266,-0.5430134,0.026333565,2.5062683,2.345434,0.64788566,0.15,1.6612721,0.5,0.035993648,13.89134,2.4765425,32.30635,0.017345878,-0.20072235,-0.012529199,0.24483329,7.1438739,0.52625025
1081,2081000.0,5.4366907,1.5425146,3.894176,-0.25864748,1.0286753,1.1854255,0.81171412,-0.61728395,0.5,2.7128266,3.9640349,3.9770133,0.19743144,-0.01156125,-0.010793715,-0.0052075399,2.5501388,2.3827706,0.65016076,0.15,1.6423173,0.5,0.036120042,13.84273,2.4827994,32.30635,-0.018787963,-0.18020015,0.013265197,0.23610108,-0.41132828,1.1119433
1082,2082000.0,5.4462143,1.5149681,3.9312461,-0.25853274,1.0103051,1.1710867,0.78772914,-0.61728395,0.5,2.7358881,3.9103161,4.005051,0.29229725,0.026748295,-0.021758716,-0.09647425,2.5780075,2.4098245,0.6549579,0.15,1.6647141,0.5,0.03638655,13.741341,2.4650119,32.30635,0.046943742,-0.15279651,-0.01355227,0.17143113,-0.68638294,2.5989274
1083,2083000.0,5.4185758,1.5039217,3.914654,-0.2467721,1.0029384,1.1826024,0.7541256,-0.61728395,0.5,2.7309278,3.9010579,3.9321538,0.35957179,0.0071824743,0.21004614,-0.00072686635,2.5797822,2.4016579,0.65640671,0.15,1.6833458,0.5,0.036467039,13.711012,2.4720926,32.30635,-0.013893895,-0.15477921,0.030050082,0.20614989,-0.39589806,-2.1476987
1084,2084000.0,5.4824776,1.5440963,3.9383813,-0.23742738,1.0297301,1.175656,0.82780662,-0.61728395,0.5,2.715811,3.9101165,3.9644631,0.27285336,0.0032147113,0.10589618,0.016361486,2.5498979,2.3884752,0.65778902,0.15,1.7216253,0.5,0.036543835,13.682199,2.5036739,32.30635,0.0083197985,-0.14452899,0.003790954,0.17969094,-0.49083177,-1.0746848
1085,2085000.0,5.4979063,1.573981,3.9239253,-0.25460338,1.0496597,1.2099642,0.82777698,-0.61728395,0.5,2.6780117,3.9902763,3.8915567,0.15220217,0.0052031115,-0.26457572,0.051102651,2.5121045,2.3411235,0.66012268,0.15,1.7021506,0.5,0.036673482,13.633829,2.4783617,32.30635,-0.0020286469,-0.19096342,-0.016082141,0.15977032,-2.9998949,3.792054
1086,2086000.0,5.479427,1.5802339,3.8991931,-0.27039918,1.0538296,1.1962661,0.85677227,-0.61728395,0.5,2.9569542,4.1348786,4.1231659,0.61281798,0.024923878,-0.029160302,0.13206249,2.7852356,2.6238799,0.6563815,0.15,1.7190778,0.5,0.036465639,13.711538,2.473636,32.30635,-0.0041377749,-0.19187034,-0.0033377347,0.1698138,-3.3900505,3.9452499
1087,2087000.0,5.4750629,1.5325932,3.9424697,-0.23734652,1.0220589,1.1802791,0.80305039,-0.61728395,0.5,2.789653,4.0028111,3.9924561,0.37369167,-0.064964686,-0.15501464,-0.10728995,2.6287016,2.46103,0.65335968,0.15,1.7183828,0.5,0.03629776,13.774955,2.4832695,32.30635,0.011279959,-0.13221225,0.020001249,0.2299814,4.6135455,-8.9751003
1088,2088000.0,5.4730052,1.5619254,3.9110798,-0.26561862,1.0416201,1.2120103,0.80572006,-0.61728395,0.5,2.5927478,3.8283754,3.8703492,0.079518933,0.0054510506,0.057763444,0.011480314,2.4312614,2.2552899,0.65064943,0.15,1.727929,0.5,0.036147191,13.832334,2.4894399,32.30635,-0.014330177,-0.11335146,-0.0098787296,0.16222163,-1.9305385,-0.37963412
1089,2089000.0,5.408756,1.5050669,3.9036891,-0.26549732,1.0037021,1.1864428,0.75061575,-0.61728395,0.5,2.7488427,3.9318417,4.0380387,0.27664762,0.033836002,0.24091594,0.028311183,2.5984005,2.4185035,0.64207239,0.15,1.7031898,0.5,0.035670688,14.017111,2.4704537,32.30635,-0.014823855,-0.12135492,0.0042206831,0.19733385,-5.1410291,0.096882896
1090,2090000.0,5.4399034,1.519374,3.9205294,-0.22793759,1.0132433,1.2006054,0.75374426,-0.61728395,0.5,2.8351379,4.0420242,4.0683661,0.39502353,-0.01639422,-0.11474736,-0.028161682,2.6840687,2.5008555,0.64248063,0.15,1.7199696,0.5,0.035693368,14.008204,2.4898822,32.30635,0.015432338,-0.16131532,0.017206543,0.17408633,-2.204148,1.6169059
1091,2091000.0,5.4433386,1.527973,3.9153656,-0.25695149,1.0189778,1.1955242,0.77450827,-0.61728395,0.5,2.8537404,4.0865171,4.0001842,0.47451997,0.039025025,-0.36219968,0.019756804,2.6985096,2.5208727,0.64107442,0.15,1.6784957,0.5,0.035615246,14.038932,2.4922912,32.30635,-0.0093682703,-0.16230557,-0.0041288559,0.17165455,-2.4214298,0.4394373
1092,2092000.0,5.4500641,1.5382948,3.9117693,-0.23224532,1.0258612,1.204407,0.77861947,-0.61728395,0.5,2.7213636,3.9404724,3.9742316,0.2493869,-0.017708847,-0.026650086,0.04282519,2.5653088,2.3860227,0.64252121,0.15,1.6232143,0.5,0.035695623,14.00732,2.4930519,32.30635,-0.0081828441,-0.19012097,-0.0071569705,0.25595282,0.27371828,-4.4891651
1093,2093000.0,5.4737792,1.5428447,3.9309346,-0.25563565,1.0288954,1.1810796,0.81827739,-0.61728395,0.5,2.5149916,3.8324666,3.8036558,-0.091147474,-0.005156463,-0.14956295,0.0040246008,2.3509884,2.1861457,0.6468946,0.15,1.6321713,0.5,0.035938589,13.912622,2.4782816,32.30635,-0.0018601375,-0.17598888,-0.013507564,0.17276931,3.1958163,1.9726909
1094,2094000.0,5.4680965,1.5513109,3.9167856,-0.26298991,1.0345414,1.1981481,0.80805975,-0.61728395,0.5,2.5742844,3.77346,3.8723226,0.077070682,0.027121739,0.34353371,0.026088262,2.412329,2.2406862,0.65217846,0.15,1.6631632,0.5,0.036232136,13.799904,2.5144214,32.30635,-0.0029585996,-0.22535403,0.034806123,0.17482138,-1.0147734,-1.7150059
1095,2095000.0,5.4645461,1.5343291,3.930217,-0.25369697,1.0232166,1.1760607,0.81167733,-0.61728395,0.5,2.825114,4.0032479,4.0025427,0.46955157,0.02306146,-0.076598001,0.034175625,2.6624336,2.4976655,0.65209147,0.15,1.6858031,0.5,0.036227304,13.801745,2.5081404,32.30635,0.0018572378,-0.20600303,0.0019788381,0.24521661,1.8688488,-1.9382191
1096,2096000.0,5.4526298,1.5381932,3.9144366,-0.27278046,1.0257934,1.1839443,0.80688405,-0.61728395,0.5,2.9033687,4.0961284,4.081532,0.53244576,-0.013633749,0.14292941,0.00301632,2.741649,2.5737252,0.65062969,0.15,1.6722696,0.5,0.036146094,13.832753,2.5038401,32.30635,-0.0090745271,-0.19400991,-0.0025135492,0.23122129,-2.4855273,1.1873483
1097,2097000.0,5.4572234,1.5462773,3.9109461,-0.26323037,1.0311846,1.1925203,0.80785517,-0.61728395,0.5,2.8485739,4.0972282,3.9987661,0.44972757,0.021166635,-0.044546684,0.065220411,2.6866596,2.5165426,0.64756487,0.15,1.6186895,0.5,0.035975826,13.898221,2.4785325,32.30635,-0.0024913543,-0.2005236,0.0063588637,0.20894526,0.54101541,5.1665548
1098,2098000.0,5.4755176,1.5572179,3.9182997,-0.25313674,1.0384807,1.2118315,0.79846548,-0.61728395,0.5,2.6421891,3.9409014,3.8583709,0.12729499,-0.0099543753,0.1723844,-0.20845729,2.4821567,2.304781,0.64283221,0.15,1.6436788,0.5,0.035712901,14.000543,2.4786005,32.30635,0.015654448,-0.19233349,0.0079604421,0.13294158,1.4851675,-4.0153588
1099,2099000.0,5.4647172,1.5274932,3.9372239,-0.24849378,1.0186578,1.1795986,0.79586729,-0.61728395,0.5,2.6102156,3.8229631,3.9500887,0.057594987,0.02780742,0.010882778,0.084912369,2.4507039,2.281782,0.64336369,0.15,1.6845676,0.5,0.035742427,13.988977,2.4926183,32.30635,-0.0016048921,-0.17587978,-0.01220069,0.17185337,0.65681404,-3.1658347
1100,2100000.0,5.4848592,1.5193589,3.9655003,-0.25631985,1.0132332,1.1602119,0.80983433,-0.61728395,0.5,2.6925431,3.8896505,3.9417583,0.24622044,0.036360332,0.12885336,0.04255013,2.530232,2.3695073,0.63768774,0.15,1.7018126,0.5,0.035427097,14.113491,2.5053133,32.30635,-0.029612541,-0.15761672,0.034639684,0.12889762,-1.5209116,3.2597459
1101,2101000.0,5.4398063,1.5534933,3.886313,-0.26524465,1.0359968,1.2214332,0.77919054,-0.61728395,0.5,2.8313395,4.0677262,4.0015159,0.42477623,-0.069684816,-0.074437911,0.055142623,2.6751702,2.491258,0.64115653,0.15,1.7311304,0.5,0.035619807,14.037134,2.4829411,32.30635,-0.0075256088,-0.19205093,-0.015449598,0.16806671,-0.77061669,4.3899872
1102,2102000.0,5.4477013,1.5442225,3.9034788,-0.27452046,1.0298143,1.2159384,0.77204802,-0.61728395,0.5,2.7547552,3.9627975,3.9489811,0.35248696,-0.039655326,-0.019864162,-0.014372214,2.6000175,2.4162036,0.64394867,0.15,1.6781772,0.5,0.035774926,13.976269,2.4761137,32.30635,0.0038346857,-0.20406362,0.010155898,0.16220088,4.3727889,1.1768281
1103,2103000.0,5.47615,1.5469145,3.9292355,-0.25105022,1.0316095,1.2057469,0.7904964,-0.61728395,0.5,2.7480468,4.0067339,3.9553432,0.28206333,-0.044858251,-0.013820033,0.014941455,2.5896116,2.4123328,0.64727922,0.15,1.701166,0.5,0.035959957,13.904355,2.5034402,32.30635,-0.019272899,-0.15914828,-0.0089602196,0.17180575,4.1578834,0.51914552
1104,2104000.0,5.4432974,1.5639892,3.8793082,-0.27757907,1.0429963,1.223659,0.79282714,-0.61728395,0.5,2.5029349,3.7806527,3.7535616,-0.025409634,-0.018601737,-0.12962265,0.052986611,2.3440325,2.1622337,0.64961534,0.15,1.7040861,0.5,0.036089741,13.854353,2.4907806,32.30635,-0.02903633,-0.19767724,0.028435399,0.20940972,-0.38247295,-4.4816162
1105,2105000.0,5.439376,1.5607854,3.8785906,-0.23953488,1.0408598,1.2119604,0.80397238,-0.61728395,0.5,2.7584991,4.0539465,3.9010582,0.32049254,0.038519971,0.14656135,0.031642789,2.5973629,2.4210551,0.65327268,0.15,1.6694493,0.5,0.036292926,13.776789,2.466684,32.30635,-0.030505252,-0.19939843,0.011499216,0.18597081,-4.9870659,6.3982804
1106,2106000.0,5.4297058,1.5432831,3.8864227,-0.26587738,1.0291878,1.1935406,0.80166537,-0.61728395,0.5,2.6507433,3.8961983,3.8735512,0.18248035,0.015512864,-0.13615583,0.00081847882,2.4900695,2.3184279,0.65165326,0.15,1.6877883,0.5,0.036202959,13.811026,2.4626977,32.30635,0.0027130165,-0.25386093,-0.0039268657,0.23112687,0.74937365,-1.7367894
1107,2107000.0,5.4590471,1.5317338,3.9273133,-0.24634444,1.0214858,1.1863061,0.79330792,-0.61728395,0.5,2.7677367,3.978384,3.9810618,0.34376426,0.010400213,0.10380093,-0.081085873,2.608738,2.4374356,0.64785659,0.15,1.7028746,0.5,0.035992033,13.891963,2.4908829,32.30635,-0.011327713,-0.19254056,-0.011698085,0.17130462,0.69531417,3.8772997
1108,2108000.0,5.431083,1.5371748,3.8939082,-0.25599261,1.0251143,1.2007467,0.7819193,-0.61728395,0.5,2.9123346,4.1191619,4.0144739,0.60336794,0.009826422,0.076328877,-0.013094108,2.7556184,2.5780128,0.64570242,0.15,1.6515361,0.5,0.035872357,13.938309,2.4841795,32.30635,-0.014873953,-0.18166567,0.0004267871,0.17787863,1.1454102,2.7285033
1109,2109000.0,5.4629594,1.5455962,3.9173633,-0.25235675,1.0307304,1.1747807,0.83141311,-0.61728395,0.5,2.7811563,4.0299416,3.9799623,0.33356506,0.029475771,-0.15832948,0.19113356,2.6145204,2.4540642,0.64615978,0.15,1.6979609,0.5,0.035897766,13.928444,2.4738969,32.30635,0.010340839,-0.15806342,-0.030411899,0.1697069,0.04844872,0.12517639
1110,2110000.0,5.4342911,1.511087,3.9232041,-0.26055797,1.0077168,1.1664647,0.78796423,-0.61728395,0.5,2.7047695,3.9729727,3.9432125,0.19812334,0.027713639,0.14521131,-0.02375255,2.5468418,2.3799928,0.64132762,0.15,1.6862265,0.5,0.035629312,14.033389,2.4788498,32.30635,0.0094523774,-0.20679698,0.015168521,0.11967934,1.7870802,-5.6219661
1111,2111000.0,5.4619195,1.5430146,3.9189049,-0.24366855,1.0290088,1.2067387,0.78290289,-0.61728395,0.5,2.8202444,4.0838936,3.9930134,0.38382612,0.026658486,-0.089716198,-0.030692769,2.6633311,2.4842542,0.63387351,0.15,1.6894467,0.5,0.035215195,14.198416,2.4860288,32.30635,-0.022012384,-0.16575991,0.013111149,0.14381898,1.0039978,0.8282999
1112,2112000.0,5.4548357,1.5322428,3.9225929,-0.23811191,1.0218253,1.1919431,0.78628848,-0.61728395,0.5,2.848031,4.0787147,4.0416143,0.42376416,-0.031531331,-0.24536574,0.075535711,2.6904392,2.5161604,0.63746375,0.15,1.7411628,0.5,0.035414653,14.11845,2.5153752,32.30635,0.013540202,-0.21532671,0.02870194,0.19996851,2.8546354,1.4672288
1113,2113000.0,5.4715808,1.5369878,3.934593,-0.25202427,1.0249896,1.1967493,0.78717445,-0.61728395,0.5,2.7667027,3.8794816,3.9945927,0.42603393,-0.016896381,-0.1638823,0.10234471,2.6089333,2.4334939,0.63831376,0.15,1.7569737,0.5,0.035461876,14.099649,2.5007243,32.30635,-0.032396257,-0.18122129,0.012406093,0.19865178,0.54853036,6.9088556
1114,2114000.0,5.4745701,1.5403054,3.9342647,-0.23490463,1.0272021,1.1833125,0.81112837,-0.61728395,0.5,2.8427179,4.0442341,4.0828825,0.40103697,0.011271562,-0.11318376,-0.0032505957,2.6801475,2.5132503,0.64671693,0.15,1.6995716,0.5,0.035928718,13.916444,2.4719843,32.30635,0.012371359,-0.16576532,0.0095097524,0.2644299,2.3048134,-1.6479733
1115,2115000.0,5.4960167,1.5735742,3.9224425,-0.23632529,1.0493884,1.2057565,0.83297381,-0.61728395,0.5,2.9232957,4.0400093,4.1724524,0.55742539,0.011463434,-0.020465835,0.019736835,2.7563469,2.587579,0.65121224,0.15,1.7039785,0.5,0.036178458,13.820379,2.4669316,32.30635,-0.0079629866,-0.15516783,0.0059632383,0.23335927,0.61129608,0.95352675
1116,2116000.0,5.4616493,1.5443772,3.9172721,-0.26496055,1.0299175,1.1889597,0.80977302,-0.61728395,0.5,2.7961995,3.9651884,4.0399292,0.383481,-0.0031580502,-0.15367151,0.039807937,2.6339008,2.4651596,0.66016773,0.15,1.7110809,0.5,0.036675985,13.632899,2.4886273,32.30635,-0.0038626023,-0.15864868,0.0051791297,0.16680431,-0.18587192,3.589147
1117,2117000.0,5.4540625,1.5471109,3.9069516,-0.26385451,1.0317405,1.2034784,0.79396081,-0.61728395,0.5,2.6001062,3.8674504,3.8273949,0.10547313,-0.016340135,-0.056163724,-0.021319087,2.4409766,2.2650238,0.6634507,0.15,1.6992682,0.5,0.036858372,13.565439,2.4802295,32.30635,0.0025351288,-0.1534199,-0.00038447574,0.16103239,2.4463289,-0.25383703
1118,2118000.0,5.4973341,1.5402812,3.9570529,-0.24778395,1.0271859,1.1755247,0.8219084,-0.61728395,0.5,2.9122327,4.1037202,4.0730005,0.55997744,-0.038134976,0.19925454,0.0038443856,2.7475017,2.5849334,0.65654043,0.15,1.7172336,0.5,0.036474468,13.708219,2.4680786,32.30635,0.013841454,-0.20287593,0.025941598,0.18301302,3.1307722,2.4117183
1119,2119000.0,5.4042577,1.5140646,3.8901931,-0.26948542,1.0097025,1.1684278,0.78998277,-0.61728395,0.5,2.7830703,4.0322818,3.9712505,0.3456785,-0.0042458524,-0.10903891,-0.046870369,2.624738,2.457747,0.65052243,0.15,1.7344966,0.5,0.036140135,13.835034,2.4651032,32.30635,0.00076815343,-0.17499346,-0.00036931407,0.18217242,-1.1878686,5.5276622
1120,2120000.0,5.4251964,1.5420911,3.8831052,-0.26736784,1.0283929,1.1719724,0.82972796,-0.61728395,0.5,2.5423689,3.7868745,3.7744823,0.065749985,-0.015402568,0.16888705,-0.078803927,2.3760707,2.2160587,0.63960442,0.15,1.6882125,0.5,0.035533579,14.071197,2.5000462,32.30635,-0.0067421251,-0.15748334,0.0021469109,0.17226598,-3.708243,3.2922124
1121,2121000.0,5.4477655,1.5163214,3.9314441,-0.25557236,1.0112075,1.1464488,0.82411267,-0.61728395,0.5,2.6374874,3.8359449,3.9162859,0.16023151,0.051172573,-0.13715629,0.079733068,2.4723147,2.3182837,0.63707524,0.15,1.7611451,0.5,0.035393069,14.12706,2.4806093,32.30635,-0.0027902699,-0.16060681,-0.0027410999,0.18104864,2.638132,0.99894243
1122,2122000.0,5.4319747,1.5084869,3.9234877,-0.25543854,1.0059829,1.1592602,0.79382851,-0.61728395,0.5,2.9586943,4.0998621,4.135276,0.64094469,-0.042435234,0.05603015,-0.019193659,2.7995912,2.6359235,0.64100718,0.15,1.7486485,0.5,0.03561151,14.040404,2.4981048,32.30635,0.017134005,-0.21188252,0.00031290544,0.22408019,2.234925,5.6898795
1123,2123000.0,5.3674516,1.4950139,3.8724378,-0.26185918,0.99699793,1.1650503,0.76431132,-0.61728395,0.5,2.8046462,4.0100874,4.0598738,0.34397753,0.0079375913,0.049276733,0.010709871,2.6514592,2.4802634,0.64524818,0.15,1.7754853,0.5,0.035847121,13.948121,2.4766792,32.30635,0.0042244508,-0.21422079,-0.0012398995,0.17522944,-1.9841171,0.43233289
1124,2124000.0,5.4050192,1.551727,3.8532923,-0.26343055,1.0348189,1.1756052,0.84003911,-0.61728395,0.5,2.9496267,4.1565533,4.100671,0.5916557,-0.025590431,-0.08091359,0.10683924,2.7812618,2.622305,0.65882561,0.15,1.6960222,0.5,0.036601423,13.660671,2.4764172,32.30635,0.021790567,-0.22036373,0.022917099,0.15263922,-1.0096321,7.9512924
1125,2125000.0,5.40461,1.5124042,3.8922058,-0.26455416,1.0085952,1.1743859,0.77905954,-0.61728395,0.5,2.7084168,3.9141106,3.9915558,0.21958405,-0.034918802,-0.23202444,0.0058910616,2.5522738,2.3814346,0.666444,0.15,1.6908543,0.5,0.037024667,13.504511,2.5009549,32.30635,-0.017110609,-0.1571283,-0.019061943,0.20504493,3.0694676,-7.3552253
1126,2126000.0,5.4224355,1.5447886,3.8776469,-0.2556994,1.0301918,1.1526171,0.8609154,-0.61728395,0.5,2.844566,4.10889,4.0441026,0.38070539,-0.035105956,-0.16401527,-0.00037462059,2.672017,2.5236448,0.6686793,0.15,1.6839078,0.5,0.03714885,13.459367,2.4927876,32.30635,0.0027769779,-0.2038177,-0.0075187191,0.19921404,-0.55651931,-0.89283405
1127,2127000.0,5.3997389,1.5139401,3.8857988,-0.27194621,1.0096195,1.1391481,0.83045936,-0.61728395,0.5,2.7264188,3.9506003,3.9630674,0.26558886,0.004796178,-0.11511125,-0.017509613,2.559974,2.4092479,0.66562053,0.15,1.7581479,0.5,0.036978918,13.521218,2.4751975,32.30635,0.0061905224,-0.19166306,0.016840912,0.19087467,-0.67441968,4.48468
1128,2128000.0,5.3869588,1.489432,3.8975268,-0.24876081,0.99327548,1.1285845,0.80607266,-0.61728395,0.5,2.7165624,3.8868915,3.9541248,0.30867083,0.0092518446,0.043179609,0.013380185,2.5550053,2.4023326,0.65889721,0.15,1.7159886,0.5,0.0366054,13.659187,2.4720255,32.30635,0.0022964086,-0.16203012,0.017206303,0.30451061,-0.36308065,3.7751381
1129,2129000.0,5.394773,1.4723743,3.9223987,-0.25983131,0.98190002,1.1239292,0.7853528,-0.61728395,0.5,2.7194063,3.8972795,3.9563236,0.30461589,-0.020399874,-0.29382013,-0.086540677,2.562002,2.4064727,0.64886099,0.15,1.7048441,0.5,0.036047833,13.870459,2.4656647,32.30635,0.012233223,-0.15855808,0.028968732,0.25280898,5.978355,-5.4359812
1130,2130000.0,5.3937769,1.4929337,3.9008432,-0.26207685,0.99561071,1.1585634,0.77000744,-0.61728395,0.5,2.8059087,3.9095921,4.0795974,0.42853659,0.075034444,-0.09542768,0.052838708,2.6515799,2.4833319,0.63574094,0.15,1.7622033,0.5,0.035318941,14.15671,2.4796017,32.30635,-0.0017165895,-0.16638214,-0.013209772,0.18845051,1.3360147,4.149889
1131,2131000.0,5.4822148,1.5558642,3.9263506,-0.26074161,1.0375779,1.162326,0.86508045,-0.61728395,0.5,2.6512356,3.8199172,3.9011065,0.23268308,0.012983403,-0.084847493,0.084889705,2.4778519,2.3276113,0.63356492,0.15,1.7842138,0.5,0.035198051,14.205332,2.4766807,32.30635,-0.0097573012,-0.24414326,0.0096707252,0.19074657,-0.63824984,-3.0596382
1132,2132000.0,5.4464114,1.5407918,3.9056196,-0.25933937,1.0275264,1.1780513,0.8192124,-0.61728395,0.5,2.5244589,3.7489279,3.8428192,-0.018370504,-0.0011770533,-0.21807402,-0.033552881,2.3602682,2.1964561,0.63613628,0.15,1.738659,0.5,0.035340904,14.147912,2.4846809,32.30635,0.0089854043,-0.18774708,0.002161372,0.20211885,1.6217916,-1.8785184
1133,2133000.0,5.4022867,1.5555716,3.8467151,-0.25506402,1.0373828,1.2050688,0.80523627,-0.61728395,0.5,2.5667286,3.8755381,3.8449809,-0.020333244,0.012081237,-0.041450205,-0.023435239,2.4053391,2.2312034,0.64513555,0.15,1.7479916,0.5,0.035840864,13.950557,2.5012281,32.30635,0.0064304427,-0.12437486,0.0098593277,0.17395255,-1.9494713,5.7823053
1134,2134000.0,5.4333579,1.5263646,3.9069934,-0.24545931,1.0179051,1.178848,0.79511108,-0.61728395,0.5,2.7337984,3.950396,3.9728057,0.27819357,-0.052315002,-0.13227665,-0.0026924134,2.5744383,2.4055739,0.65744566,0.15,1.759476,0.5,0.036524759,13.689344,2.4965534,32.30635,-0.029746374,-0.15602372,0.032028506,0.1806197,1.5867507,-1.6501207
1135,2135000.0,5.4072056,1.5022867,3.9049188,-0.25827792,1.0018481,1.1760907,0.76056578,-0.61728395,0.5,3.1250041,4.1938747,4.2681471,0.91299063,-0.012496189,-0.234569,0.14292644,2.9725678,2.7975473,0.66641571,0.15,1.7420585,0.5,0.037023095,13.505084,2.4825617,32.30635,0.031289807,-0.23349126,-0.015903578,0.19566925,1.0079418,3.3502295
1136,2136000.0,5.4200743,1.5310068,3.8890676,-0.27339276,1.021001,1.1686461,0.81668232,-0.61728395,0.5,2.8102044,4.0237241,4.011836,0.39505304,0.018829117,-0.0627553,-0.051704277,2.6465208,2.4848203,0.67720841,0.15,1.7459785,0.5,0.03762269,13.289853,2.4920003,32.30635,-0.02783407,-0.18386715,-0.020724356,0.23664322,1.0456037,0.78579297
1137,2137000.0,5.4477929,1.5634348,3.8843581,-0.27086737,1.0426266,1.1963865,0.82983013,-0.61728395,0.5,2.7215545,3.9099471,3.9297574,0.32495911,-0.010041141,-0.015811937,0.1593023,2.5552358,2.3884468,0.66736909,0.15,1.7191173,0.5,0.03707606,13.485791,2.4792597,32.30635,-0.048893395,-0.19088244,0.001064703,0.15386569,-0.34337172,3.2515702
1138,2138000.0,5.4567598,1.5730171,3.8837427,-0.25637146,1.0490169,1.2316958,0.79605133,-0.61728395,0.5,2.7970596,4.0252075,3.9735854,0.39238584,-0.054907226,-0.022905446,0.049995745,2.637511,2.4541207,0.66046573,0.15,1.7624171,0.5,0.036692541,13.626748,2.4997902,32.30635,-0.00508309,-0.19249021,0.011659898,0.22891196,-2.787887,-0.57062325
1139,2139000.0,5.4574518,1.5753583,3.8820935,-0.27194515,1.0505782,1.2033765,0.83912363,-0.61728395,0.5,2.8330869,4.0257446,4.055344,0.41817208,-0.053461952,-0.086054685,0.034130364,2.6649055,2.4980329,0.6449962,0.15,1.7217644,0.5,0.035833122,13.953571,2.500813,32.30635,0.0049148154,-0.16008249,0.022113401,0.18403961,2.4468795,-1.7240163
1140,2140000.0,5.4410261,1.542131,3.898895,-0.26454931,1.0284195,1.1980421,0.79357581,-0.61728395,0.5,2.76908,4.0102301,4.0082885,0.28872136,-0.020212496,-0.045628072,0.0056797929,2.6100275,2.4355112,0.62730261,0.15,1.7005736,0.5,0.034850145,14.347143,2.4965981,32.30635,-0.0059589641,-0.15468409,0.001258264,0.22485292,0.93160733,0.78095796
1141,2141000.0,5.4163984,1.502827,3.9135714,-0.25194763,1.0022084,1.1711386,0.76830626,-0.61728395,0.5,2.7538162,3.9831073,3.9863178,0.29202343,-0.054689373,-0.012104809,0.0051373269,2.5998284,2.4277381,0.6207082,0.15,1.6834483,0.5,0.034483789,14.499567,2.4665455,32.30635,-0.0075158844,-0.20013527,-0.021918581,0.28276726,-2.3816645,-8.0486424
1142,2142000.0,5.4512193,1.5480458,3.9031735,-0.25216176,1.032364,1.1857238,0.82011538,-0.61728395,0.5,2.5132234,3.8239259,3.7865774,-0.070833186,0.086104121,-0.10774479,-0.052015245,2.3488518,2.1830844,0.62699248,0.15,1.701947,0.5,0.034832916,14.354239,2.4757152,32.30635,-0.00089225137,-0.12053081,-0.00018407902,0.20943861,-0.68741923,-1.0451406
1143,2143000.0,5.4424669,1.5616636,3.8808034,-0.28284922,1.0414454,1.1993875,0.82283815,-0.61728395,0.5,2.7605109,3.8895926,3.9922619,0.39967809,-0.00018447897,-0.11206568,0.092673088,2.5955935,2.4265675,0.6372903,0.15,1.6685955,0.5,0.035405017,14.122292,2.4862056,32.30635,-0.011912267,-0.17866543,0.0040667095,0.15258026,-0.011617725,4.6928958
1144,2144000.0,5.4899275,1.5532932,3.9366343,-0.2483551,1.0358634,1.181844,0.83386868,-0.61728395,0.5,2.5767698,3.8190219,3.8538317,0.057455943,0.057321073,-0.063251875,0.15643625,2.4096417,2.2477111,0.65268121,0.15,1.6556881,0.5,0.036260067,13.789274,2.5036308,32.30635,-0.018870405,-0.13439522,0.038152871,0.19051526,0.59794599,-6.3345754
1145,2145000.0,5.4542482,1.5295334,3.9247147,-0.26038067,1.0200184,1.1659503,0.81807913,-0.61728395,0.5,2.8943796,4.0660999,4.0501701,0.56686883,-0.013065834,-0.20843222,0.0051085339,2.7304161,2.5697461,0.66313238,0.15,1.642199,0.5,0.036840688,13.571951,2.4926058,32.30635,0.053521703,-0.19812838,-0.0018505875,0.20708191,3.2955607,1.567303
1146,2146000.0,5.4480127,1.5165917,3.931421,-0.27350296,1.0113878,1.1772164,0.78180157,-0.61728395,0.5,2.7066993,3.9453962,3.9442242,0.23047738,0.051373706,0.18715209,-0.039143898,2.5500067,2.378929,0.6675578,0.15,1.6504218,0.5,0.037086545,13.481979,2.4861644,32.30635,0.0094553612,-0.16717848,0.0060488152,0.17605813,3.0657476,-0.55856993
1147,2147000.0,5.4751675,1.5644135,3.910754,-0.27091816,1.0432793,1.2011222,0.82481126,-0.61728395,0.5,2.7635157,3.9677465,4.016576,0.30622465,-0.01770159,-0.24847338,0.13750296,2.5982029,2.4290894,0.6630973,0.15,1.6621786,0.5,0.036838739,13.572669,2.4862832,32.30635,-0.0027873245,-0.15242454,0.013693056,0.21077723,5.4032153,-6.1365499
1148,2148000.0,5.4370477,1.5520093,3.8850384,-0.27733701,1.0350072,1.2100947,0.79257667,-0.61728395,0.5,2.490503,3.7460445,3.8272976,-0.10183312,0.014954319,-0.28223685,0.052986318,2.3316508,2.1535785,0.65281586,0.15,1.6203748,0.5,0.036267548,13.78643,2.4931376,32.30635,0.0047467734,-0.13727644,0.023029958,0.23918565,-3.5729197,-3.7265836
1149,2149000.0,5.4514179,1.5214661,3.9299517,-0.25923547,1.0146385,1.1577494,0.81661392,-0.61728395,0.5,2.5770185,3.8426035,3.8021898,0.086262122,0.0062825641,-0.14125437,-0.071224307,2.4133487,2.2546684,0.63997341,0.15,1.6457924,0.5,0.035554078,14.063084,2.4723633,32.30635,-0.0041150743,-0.23923292,0.033485946,0.29352821,-4.8186375,0.23051858
1150,2150000.0,5.4208963,1.5080113,3.912885,-0.25307217,1.0056657,1.1520834,0.80304031,-0.61728395,0.5,2.7089745,3.9046158,3.9989983,0.22330937,-0.012308766,-0.055454554,-0.046220348,2.5480251,2.3882019,0.62525073,0.15,1.6363489,0.5,0.034736152,14.394225,2.4783076,32.30635,-0.010616865,-0.18988484,-0.059882589,0.1713065,-0.81392422,-0.40054105
1151,2151000.0,5.4087719,1.4914783,3.9172936,-0.24958378,0.99464014,1.1460902,0.78501538,-0.61728395,0.5,2.6236614,3.8758976,3.8752965,0.11978995,0.021102692,0.0079663865,0.073130122,2.4663247,2.3045575,0.61881581,0.15,1.6793458,0.5,0.034378656,14.543908,2.4916784,32.30635,-0.012369131,-0.19884478,-0.013824418,0.16066582,-4.460497,2.5740307
1152,2152000.0,5.4130733,1.5157271,3.8973463,-0.27147502,1.0108112,1.1572512,0.80815883,-0.61728395,0.5,2.794408,4.0468787,3.9392657,0.39707949,0.0094992124,0.14798914,0.08165176,2.6324327,2.4721965,0.62388894,0.15,1.6534778,0.5,0.034660497,14.425644,2.5199284,32.30635,0.0077067006,-0.15692345,-0.0043064176,0.2015968,-0.23945052,2.5269702
1153,2153000.0,5.4097773,1.5278861,3.8818912,-0.2690491,1.0189198,1.1812314,0.7942251,-0.61728395,0.5,2.902335,4.0965469,4.0851733,0.5252847,-0.011118115,-0.088519208,-0.10925679,2.7431524,2.5734468,0.63003548,0.15,1.6965429,0.5,0.035001971,14.28491,2.4701839,32.30635,0.0057156404,-0.16420644,-0.024947888,0.1782078,2.3189026,-0.86147612
1154,2154000.0,5.3887857,1.5065439,3.8822417,-0.25138815,1.0046871,1.1535386,0.79868012,-0.61728395,0.5,2.6335232,3.9488353,3.8833559,0.068378551,-0.025395054,0.26895588,-0.043174997,2.4734478,2.3123455,0.64814079,0.15,1.7249512,0.5,0.036007822,13.885872,2.4830628,32.30635,-0.0054720606,-0.1766159,-0.02427158,0.18484973,-3.758297,-1.268824
1155,2155000.0,5.4094469,1.5335555,3.8758914,-0.27710267,1.0227006,1.1685077,0.82093674,-0.61728395,0.5,2.590783,3.8513587,3.8382367,0.082753651,0.018652544,-0.037867352,0.14133941,2.4262468,2.2654375,0.66682243,0.15,1.7708518,0.5,0.03704569,13.496847,2.4808154,32.30635,-0.01027536,-0.21185498,0.010688251,0.1887456,-3.441485,-2.7694094
1156,2156000.0,5.4292278,1.5647295,3.8644984,-0.25274693,1.04349,1.2077095,0.81616384,-0.61728395,0.5,2.9747313,4.1890344,4.1378333,0.59732625,0.02266072,-0.0654991,0.12562883,2.8111517,2.6384709,0.67555045,0.15,1.7895598,0.5,0.037530581,13.322469,2.4944017,32.30635,-0.0012731665,-0.21415217,0.016125077,0.2454895,-1.840418,4.7201938
1157,2157000.0,5.381072,1.4999633,3.8811087,-0.23908303,1.0002986,1.1555595,0.78538433,-0.61728395,0.5,2.9744921,4.1734093,4.2200596,0.53000743,-0.02300872,-0.068320295,0.016625329,2.8170815,2.6527517,0.67205444,0.15,1.7130666,0.5,0.037336358,13.391772,2.4749384,32.30635,-0.019784265,-0.20948582,-0.018384715,0.13470615,3.9360593,3.9013236
1158,2158000.0,5.3743373,1.5126516,3.8616857,-0.26757589,1.0087602,1.1826713,0.76794376,-0.61728395,0.5,2.8381525,4.0738985,4.0587537,0.38180531,-0.030034155,0.07481202,0.034987183,2.6842374,2.5088634,0.66395438,0.15,1.7026766,0.5,0.036886354,13.555148,2.4794471,32.30635,-0.015911434,-0.19901198,-0.0083233126,0.1646431,2.3380029,-2.6535325
1159,2159000.0,5.4019148,1.5412822,3.8606326,-0.26421844,1.0278535,1.2092537,0.77664804,-0.61728395,0.5,2.6998396,3.9623995,3.8992101,0.23790915,0.051176222,0.32199782,0.10451808,2.5441799,2.3631492,0.64723862,0.15,1.7088294,0.5,0.035957701,13.905227,2.4665037,32.30635,-0.019398074,-0.20450684,-0.00040007826,0.18298703,-3.3249866,0.9308005
1160,2160000.0,5.4344259,1.5360718,3.8983541,-0.25672165,1.0243787,1.1789588,0.81042878,-0.61728395,0.5,2.7554123,3.9511071,3.9750555,0.3400744,0.05775738,0.042044312,-0.10452834,2.5929822,2.4271569,0.63589062,0.15,1.7217707,0.5,0.035327257,14.153377,2.4826352,32.30635,0.0090994829,-0.14348664,0.017915622,0.1738364,-5.7143467,0.8422442
1161,2161000.0,5.44222,1.5019367,3.9402833,-0.26149112,1.0016146,1.1593716,0.78323389,-0.61728395,0.5,2.2295528,3.6191724,3.6121241,-0.54263809,-0.021730294,-0.081922725,0.017427445,2.0725731,1.906751,0.63087348,0.15,1.701193,0.5,0.035048527,14.265935,2.4731215,32.30635,0.011082974,-0.12407856,0.030685493,0.14160985,-2.9220381,-5.7502392
1162,2162000.0,5.4602515,1.5428199,3.9174316,-0.25054977,1.0288789,1.1839275,0.81428153,-0.61728395,0.5,2.8000611,4.0188829,4.0271428,0.35415767,-0.014151323,0.13770299,0.19149896,2.6368588,2.4704223,0.63076501,0.15,1.6949022,0.5,0.0350425,14.268388,2.4857967,32.30635,0.012078685,-0.16689258,0.019185569,0.18141142,-1.2749242,0.54965851
1163,2163000.0,5.4571545,1.5572063,3.8999482,-0.25536059,1.038473,1.1831791,0.83825077,-0.61728395,0.5,2.6588748,3.9626803,3.9331387,0.080805545,0.027260169,0.13635745,-0.07145333,2.4908684,2.3294444,0.6363911,0.15,1.7333218,0.5,0.035355061,14.142247,2.4696024,32.30635,0.009467301,-0.17654868,0.00095671123,0.16645822,0.40954185,0.63150583
1164,2164000.0,5.4562814,1.5323741,3.9239073,-0.27040569,1.0219128,1.1944301,0.78304285,-0.61728395,0.5,2.3098508,3.5969606,3.6727644,-0.34017241,-0.027366767,-0.13375513,0.02491008,2.1529095,1.9772878,0.6476241,0.15,1.723177,0.5,0.035979117,13.89695,2.502131,32.30635,-0.0059446468,-0.19626614,0.020790277,0.19336979,4.2239302,-4.8756902
1165,2165000.0,5.4417927,1.534953,3.9068397,-0.25993188,1.0236326,1.1978544,0.78239614,-0.61728395,0.5,2.6625153,3.8885361,3.9198661,0.17914378,0.010253922,0.2636931,0.1422661,2.5057036,2.3289988,0.65531752,0.15,1.7139996,0.5,0.036406529,13.7338,2.4790122,32.30635,-0.001857344,-0.28426587,-0.043184183,0.27424345,5.47653,-5.8506787
1166,2166000.0,5.4639396,1.5378902,3.9260494,-0.22942646,1.0255914,1.1766912,0.81647708,-0.61728395,0.5,2.9280841,4.1616999,4.1253065,0.49724585,-0.020759356,-0.17125031,0.0013773171,2.7644417,2.60046,0.65635435,0.15,1.6703499,0.5,0.03646413,13.712105,2.4755748,32.30635,-0.017996283,-0.15306421,0.0044814353,0.17113441,4.9849748,-0.80686635
1167,2167000.0,5.4145796,1.5363858,3.8781938,-0.25837514,1.0245881,1.2144609,0.76161014,-0.61728395,0.5,2.5840042,3.8041611,3.8998976,0.047953973,0.029059922,-0.11568161,-0.067943914,2.4313585,2.245864,0.65812598,0.15,1.6876065,0.5,0.036562554,13.675193,2.4910687,32.30635,-0.0057278531,-0.18826503,-0.017427804,0.18615532,-0.69254963,-2.79452
1168,2168000.0,5.4097765,1.5263509,3.8834256,-0.26049893,1.0178961,1.1900125,0.77957981,-0.61728395,0.5,2.8904498,4.100463,4.0917637,0.47912259,-0.0053031401,-0.12061976,0.057475441,2.7342025,2.5591167,0.65284989,0.15,1.6742319,0.5,0.036269438,13.785711,2.4803592,32.30635,0.0053226792,-0.1994975,0.022249773,0.15262287,-4.3554778,3.9509
1169,2169000.0,5.4610074,1.5486719,3.9123356,-0.27097511,1.0327815,1.2101543,0.78717472,-0.61728395,0.5,2.6836419,3.893805,3.8996688,0.25745199,0.011848561,-0.024937594,0.05089798,2.5258724,2.3467008,0.64631347,0.15,1.6689711,0.5,0.035906304,13.925131,2.4790184,32.30635,-0.019007548,-0.2032099,0.01392384,0.19411015,-2.7855438,3.0292938
1170,2170000.0,5.4402666,1.5265585,3.9137081,-0.22189258,1.0180345,1.1867289,0.78447216,-0.61728395,0.5,2.8022166,3.9632962,4.0092262,0.4341274,-0.017672092,-0.23618281,-0.0049536362,2.6449888,2.4717978,0.63866794,0.15,1.711157,0.5,0.035481552,14.09183,2.4839518,32.30635,0.019054714,-0.16029094,-0.0082454976,0.19021353,0.72342034,-1.7268287
1171,2171000.0,5.4287733,1.5509669,3.8778063,-0.25865793,1.034312,1.1833147,0.82811788,-0.61728395,0.5,2.9945691,4.1919967,4.1257105,0.66600013,-0.012956904,-0.20988863,0.017660696,2.8285936,2.6651009,0.63941911,0.15,1.6975532,0.5,0.035523284,14.075275,2.487441,32.30635,-0.011238905,-0.16062756,-0.0068844489,0.12399978,3.4825694,-0.03263019
1172,2172000.0,5.4405919,1.5554093,3.8851826,-0.27177788,1.0372745,1.1809027,0.8385489,-0.61728395,0.5,2.5944316,3.8159902,3.8658981,0.10140647,0.028473224,-0.13309674,-0.0826324,2.4263654,2.2656349,0.63912572,0.15,1.7118735,0.5,0.035506984,14.081737,2.4786204,32.30635,-0.0016420036,-0.14552201,0.031357829,0.21323288,2.6037961,-7.7619357
1173,2173000.0,5.4410386,1.5059817,3.9350569,-0.25813193,1.0043122,1.1676041,0.77824436,-0.61728395,0.5,2.7702744,3.9873438,3.9833814,0.34009783,-0.04214103,-0.31223728,0.036175341,2.6142947,2.4451804,0.64391124,0.15,1.6929523,0.5,0.035772847,13.977082,2.484463,32.30635,-0.0043085411,-0.17888647,0.0063828401,0.19018162,1.5381507,-5.9003533
1174,2174000.0,5.4146634,1.5116459,3.9030175,-0.25864751,1.0080896,1.1749557,0.77705942,-0.61728395,0.5,2.5794078,3.8789881,3.856561,0.0026743513,0.02422408,-0.33898301,0.091157306,2.4236657,2.252267,0.64851235,0.15,1.7213776,0.5,0.036028464,13.877916,2.4816206,32.30635,-0.0045419369,-0.16722563,-0.0025243076,0.22819762,-0.86853187,3.7951675
1175,2175000.0,5.4192888,1.5563843,3.8629045,-0.25611381,1.0379248,1.2014008,0.81162708,-0.61728395,0.5,2.7623673,4.0362814,3.9468186,0.30400198,0.028375562,-0.016186726,0.0028190998,2.599697,2.4278634,0.65909049,0.15,1.7373368,0.5,0.036616138,13.655181,2.4956684,32.30635,-0.039083875,-0.18539441,0.0078585929,0.19678786,-4.8423858,0.16530252
1176,2176000.0,5.424064,1.5157307,3.9083332,-0.26417054,1.0108136,1.1609646,0.80300609,-0.61728395,0.5,2.6149738,3.869935,3.9410291,0.033957422,-0.0026193598,-0.0056266206,0.011021179,2.4540313,2.2917285,0.66274682,0.15,1.7704277,0.5,0.036819268,13.579846,2.4912079,32.30635,0.01543247,-0.15301555,-0.0081184136,0.20863036,-1.5520329,-2.5365257
1177,2177000.0,5.4068086,1.5083842,3.8984243,-0.26418039,1.0059144,1.1830487,0.76061807,-0.61728395,0.5,2.9434279,4.1436652,4.1111468,0.57547168,-0.011291746,-0.14772589,0.10319412,2.790981,2.6140337,0.66474309,0.15,1.7837308,0.5,0.036930172,13.539065,2.479316,32.30635,-0.018142328,-0.1619372,0.0140018,0.19406623,6.2691694,2.617596
1178,2178000.0,5.4199421,1.5152244,3.9047176,-0.25730163,1.010476,1.1736744,0.78454282,-0.61728395,0.5,2.649088,3.9259216,3.9098205,0.11152189,-0.020080074,0.12331424,-0.025012046,2.491846,2.3223039,0.66237338,0.15,1.8014382,0.5,0.036798521,13.587503,2.492852,32.30635,-0.032981722,-0.20646657,0.0095020411,0.24262663,1.3251045,1.2030057
1179,2179000.0,5.445946,1.5121481,3.9337978,-0.25789103,1.0084245,1.1721346,0.78177892,-0.61728395,0.5,2.6927714,3.8597339,3.9922222,0.22635793,-0.026483666,-0.022601437,-0.10640735,2.5360833,2.366416,0.65558067,0.15,1.786334,0.5,0.036421148,13.728288,2.5270117,32.30635,0.0054430686,-0.18569068,-0.0085276108,0.15455671,1.1320362,1.2847914
1180,2180000.0,5.4682489,1.5143208,3.9539281,-0.2582387,1.0098734,1.1637915,0.79683178,-0.61728395,0.5,2.8407189,4.0120658,4.0208987,0.48919229,0.035007403,-0.043429112,0.10598431,2.6810139,2.5166865,0.64514539,0.15,1.778583,0.5,0.03584141,13.950344,2.4579343,32.30635,0.0094039194,-0.16601758,0.0062056269,0.16816228,-0.27716411,3.9466114
1181,2181000.0,5.4671822,1.5491378,3.9180444,-0.25629522,1.0330922,1.1810991,0.82828038,-0.61728395,0.5,2.7472392,3.9117216,4.0249062,0.30508975,-0.0079198337,0.036860778,0.10667624,2.5812311,2.4183879,0.64071934,0.15,1.7367847,0.5,0.035595519,14.046712,2.4859142,32.30635,-0.0035790921,-0.18466342,-0.0078714157,0.11766396,-2.2735278,-0.24314894
1182,2182000.0,5.4713147,1.5397912,3.9315235,-0.2454156,1.0268591,1.1847112,0.80836572,-0.61728395,0.5,2.7778923,4.0431023,3.991878,0.2986965,0.019106144,-0.096857766,-0.023783708,2.6158756,2.4480352,0.63991003,0.15,1.7233176,0.5,0.035550557,14.064477,2.4850933,32.30635,-0.0040971239,-0.15387103,0.012677206,0.1440885,1.5039963,2.152464
1183,2183000.0,5.5180717,1.5384356,3.9796361,-0.23134026,1.0259551,1.1689579,0.82808946,-0.61728395,0.5,2.5198627,3.7579316,3.8137238,-0.012067428,0.066246082,0.04660056,0.043738266,2.3538928,2.1943918,0.63945707,0.15,1.7441177,0.5,0.035525393,14.07444,2.4883019,32.30635,-0.025500545,-0.26418659,-0.02456929,0.17753808,1.5948425,-4.1065545
1184,2184000.0,5.437095,1.5458312,3.8912638,-0.27098147,1.0308871,1.2130683,0.77859898,-0.61728395,0.5,2.4820501,3.7356798,3.8556216,-0.14515126,0.0019021244,0.23406534,-0.036387711,2.3259994,2.1442976,0.64822895,0.15,1.7619317,0.5,0.03601272,13.883983,2.4736315,32.30635,0.013271255,-0.14153673,-0.012658736,0.21188681,-1.9663714,-2.5109348
1185,2185000.0,5.4620183,1.540404,3.9216143,-0.26437669,1.0272678,1.1916132,0.79975422,-0.61728395,0.5,2.8413103,3.9733427,4.0489618,0.50162642,-0.0084890568,-0.25082217,-0.037492415,2.6810196,2.5095316,0.65957764,0.15,1.7509258,0.5,0.036643202,13.645096,2.4838418,32.30635,0.021056676,-0.16415709,-0.0044820337,0.26038114,3.5437517,-2.9303245
1186,2186000.0,5.4368759,1.5245063,3.9123696,-0.28360376,1.0166659,1.1950046,0.76970483,-0.61728395,0.5,2.7928995,3.9179731,4.023725,0.43700049,0.0073838224,0.15729043,-0.070783325,2.6386314,2.4601765,0.66500662,0.15,1.7581929,0.5,0.036944812,13.5337,2.4831142,32.30635,0.0010156136,-0.17622282,-0.013109906,0.12808473,-3.9393347,2.679157
1187,2187000.0,5.4922044,1.5720866,3.9201179,-0.24600537,1.0483963,1.2068501,0.82908366,-0.61728395,0.5,3.1192815,4.3207807,4.2187896,0.81827424,-0.016027202,-0.007235012,-0.012666538,2.9531124,2.7832604,0.67544686,0.15,1.7098871,0.5,0.037524826,13.324512,2.494511,32.30635,-0.013769551,-0.20809222,-0.016977484,0.18963726,0.78533052,6.0159949
1188,2188000.0,5.4592119,1.5598916,3.8993203,-0.26198845,1.0402637,1.1861302,0.83843085,-0.61728395,0.5,2.5830335,3.8504211,3.9426656,-0.043986127,0.021667216,-0.3464567,-0.094525922,2.414991,2.2527814,0.67390212,0.15,1.6918447,0.5,0.037439007,13.355055,2.5005341,32.30635,0.0033685019,-0.21432509,-0.0051635012,0.19253119,-1.0467099,-2.4783395
1189,2189000.0,5.4642024,1.5467216,3.9174808,-0.26306712,1.0314809,1.1806244,0.82508883,-0.61728395,0.5,2.8061449,3.9777412,4.03027,0.41042335,0.032398159,-0.11751842,0.067729284,2.6407764,2.4774257,0.65806386,0.15,1.7218119,0.5,0.036559104,13.676484,2.4788755,32.30635,-0.01311395,-0.20705251,0.0012844997,0.20410584,4.1776395,0.4235729
1190,2190000.0,5.5216889,1.56176,3.9599289,-0.23805852,1.0415097,1.2007959,0.82103528,-0.61728395,0.5,2.7707648,3.9413603,4.0479006,0.32303352,0.0019046608,-0.47092044,-0.03412915,2.6062088,2.4364293,0.64164074,0.15,1.7744137,0.5,0.035646708,14.026541,2.5000071,32.30635,0.012629524,-0.21137221,0.003225955,0.1798718,5.3551384,-0.44134541
1191,2191000.0,5.4754783,1.5416288,3.9338495,-0.23935383,1.0280846,1.2207672,0.76120584,-0.61728395,0.5,2.8170268,3.937829,4.0387842,0.47446711,-0.004527946,-0.19225192,0.12247711,2.6644621,2.4771307,0.62923157,0.15,1.7167738,0.5,0.034957309,14.30316,2.4867771,32.30635,0.00038008862,-0.174776,-0.018655172,0.20484363,0.3259262,2.296988
1192,2192000.0,5.4628558,1.550806,3.9120498,-0.27056368,1.0342047,1.2308544,0.76181969,-0.61728395,0.5,2.7370689,3.9943981,3.9751783,0.24163034,0.014483704,-0.30750632,-0.020453039,2.5843812,2.3943643,0.62565204,0.15,1.7275378,0.5,0.034758447,14.384993,2.4962485,32.30635,0.0040756729,-0.16921519,-0.0046207912,0.17890527,3.0046058,-0.88352863
1193,2193000.0,5.4978718,1.5430334,3.9548384,-0.2440961,1.0290213,1.1882553,0.80860975,-0.61728395,0.5,2.8953487,4.1166239,4.0643241,0.50509815,-0.051342402,0.30446919,-0.054222258,2.7332831,2.5645049,0.62489267,0.15,1.6856795,0.5,0.03471626,14.402473,2.4750128,32.30635,-0.0094812168,-0.19057014,-0.008835814,0.20017671,-4.1226956,3.7166571
1194,2194000.0,5.4985865,1.521892,3.9766944,-0.23462596,1.0149225,1.1630459,0.80993475,-0.61728395,0.5,2.885575,4.0524949,4.0979448,0.50628522,0.00035102601,0.13553539,0.018991379,2.7232438,2.5617501,0.63222078,0.15,1.6552572,0.5,0.035123377,14.235533,2.4809518,32.30635,-0.021609847,-0.15345696,0.0089094993,0.24200546,-0.9106715,2.9469266
1195,2195000.0,5.4742527,1.5308295,3.9434232,-0.24056396,1.0208827,1.1930873,0.7824463,-0.61728395,0.5,2.5462972,3.8248807,3.7937301,0.020280707,0.062357965,0.12521988,0.024340856,2.3894754,2.214108,0.64294693,0.15,1.6956173,0.5,0.035719274,13.998045,2.4897586,32.30635,0.00032207506,-0.16891004,0.0085912162,0.17994731,-3.1416112,-4.3835957
1196,2196000.0,5.4923684,1.5474154,3.9449529,-0.24466661,1.0319436,1.2123414,0.78213388,-0.61728395,0.5,2.668878,3.9462214,3.9384797,0.12193305,0.027256408,-0.067435127,0.00049118419,2.5121189,2.331328,0.65594451,0.15,1.6853684,0.5,0.036441362,13.720673,2.5007367,32.30635,-0.0081751795,-0.21399071,0.0064745905,0.15327668,-0.6625873,-3.7616901
1197,2197000.0,5.4726699,1.5615871,3.9110828,-0.26653057,1.0413944,1.2126322,0.80431696,-0.61728395,0.5,2.8840033,4.2055681,4.0196535,0.42678824,-0.02563678,-0.64924386,-0.088579982,2.7227981,2.5463723,0.66237187,0.15,1.6607743,0.5,0.036798437,13.587534,2.4850179,32.30635,-0.0366044,-0.20937175,0.011070544,0.20975231,7.2135479,-0.14973919
1198,2198000.0,5.5160233,1.6041499,3.9118735,-0.25009466,1.0697788,1.2313808,0.84610911,-0.61728395,0.5,2.7313947,4.0206681,3.9012709,0.27224511,0.045128411,-0.12994089,-0.12357962,2.5618133,2.3885435,0.66032963,0.15,1.6875745,0.5,0.036684979,13.629557,2.4878755,32.30635,-0.010654593,-0.1854931,-0.0032029434,0.17232988,-2.6079315,2.0894394
1199,2199000.0,5.4476388,1.5488886,3.8987501,-0.26758974,1.0329261,1.1977522,0.80474897,-0.61728395,0.5,2.7102637,3.9451377,4.0069681,0.17868521,0.011589259,-0.12017667,0.083587906,2.5489718,2.3767756,0.6567294,0.15,1.7116016,0.5,0.036484967,13.704275,2.5042123,32.30635,0.0097144423,-0.16890329,0.019637483,0.18281025,0.77632228,-0.78183846
1200,2200000.0,5.4361147,1.5317303,3.9043844,-0.25160477,1.0214835,1.210503,0.75968839,-0.61728395,0.5,2.6306837,3.9077912,3.8577846,0.12647529,-0.0086824849,-0.29185938,-0.0046758537,2.4784232,2.2936455,0.64878707,0.15,1.6819104,0.5,0.036043726,13.87204,2.4944026,32.30635,-0.0017070119,-0.20255973,0.008830014,0.19785257,5.3102784,-4.1894745
1201,2201000.0,5.4437974,1.5555059,3.8882914,-0.24933219,1.037339,1.2200753,0.78428471,-0.61728395,0.5,2.779166,3.9242971,4.0581525,0.35504828,0.035991421,0.061114614,-0.0043911266,2.6219757,2.4394625,0.63733248,0.15,1.7226785,0.5,0.03540736,14.121358,2.4832433,32.30635,-0.0081415824,-0.19018267,-0.016945756,0.13394908,2.7501289,-1.4548353
1202,2202000.0,5.4370368,1.5485301,3.8885067,-0.25049882,1.0326869,1.2101551,0.78694752,-0.61728395,0.5,2.6524342,3.9314421,3.9328207,0.09303973,-0.0077902618,0.041906149,0.033490821,2.4947102,2.3154928,0.63069581,0.15,1.677674,0.5,0.035038656,14.269954,2.494265,32.30635,0.023643868,-0.15709405,0.037076797,0.16861799,1.0827157,-4.8024874
1203,2203000.0,5.4515756,1.5438185,3.9077571,-0.24822748,1.0295449,1.2083958,0.78188213,-0.61728395,0.5,3.1374887,4.2233981,4.2893505,0.8997175,0.026722855,0.046806678,-0.11431306,2.98078,2.8010372,0.6317176,0.15,1.6753233,0.5,0.035095422,14.246872,2.4835949,32.30635,0.006075752,-0.17238488,0.0091294984,0.18858046,-6.6529692,4.8686523
1204,2204000.0,5.4902409,1.5493611,3.9408798,-0.25566598,1.0332411,1.2057874,0.79433965,-0.61728395,0.5,2.986611,4.1032777,4.1674977,0.68905767,0.062752315,0.19699754,-0.098704629,2.8274055,2.6508858,0.63387095,0.15,1.6671549,0.5,0.035215053,14.198474,2.481426,32.30635,0.024001387,-0.22823299,0.0081736224,0.19894831,-6.2329869,3.9347374
1205,2205000.0,5.4978311,1.5729835,3.9248477,-0.2580767,1.0489945,1.2137858,0.82087819,-0.61728395,0.5,2.922553,4.1227969,4.133648,0.51121405,-0.032111853,-0.13564038,-0.1080395,2.7580285,2.5846007,0.64590282,0.15,1.6366719,0.5,0.03588349,13.933985,2.4687959,32.30635,-0.020467465,-0.17898511,0.013506788,0.19150854,-2.3499256,4.9792338
1206,2206000.0,5.5247451,1.5684256,3.9563195,-0.2398188,1.0459549,1.2123038,0.81567254,-0.61728395,0.5,2.5341607,3.8055421,3.8436155,-0.046675564,0.011205855,-0.15499798,-0.10858406,2.3706795,2.1966211,0.6588358,0.15,1.612926,0.5,0.036601989,13.66046,2.4974839,32.30635,-0.00068795784,-0.15501328,-0.041128796,0.17515637,-2.1145676,3.6106235
1207,2207000.0,5.5082492,1.5758555,3.9323938,-0.22105458,1.0509098,1.2303093,0.80250134,-0.61728395,0.5,2.8867659,4.0971091,4.1249309,0.43825764,0.044399789,0.38334903,0.028203808,2.7259246,2.5442131,0.66453131,0.15,1.6385077,0.5,0.036918406,13.54338,2.4728811,32.30635,0.005852005,-0.18960948,-0.023222381,0.15378031,-3.2708774,-1.2183057
1208,2208000.0,5.5084258,1.5587539,3.9496719,-0.24334061,1.039505,1.2196066,0.79011261,-0.61728395,0.5,2.6456122,3.9068786,3.8929414,0.13701676,-0.044637039,0.20282443,-0.01496522,2.4872539,2.3060393,0.66326568,0.15,1.6500806,0.5,0.036848093,13.569223,2.479804,32.30635,-0.027640684,-0.27270231,-0.00086544238,0.17404455,-0.78990511,-0.259515
1209,2209000.0,5.475281,1.5668595,3.9084215,-0.24766285,1.0449105,1.2107626,0.8153174,-0.61728395,0.5,2.8873646,4.1170948,4.088445,0.4565539,0.026560944,0.048679546,-0.12299202,2.7239546,2.5502541,0.65737023,0.15,1.6620708,0.5,0.036520568,13.690915,2.4962814,32.30635,-0.015339395,-0.1707924,-0.0014920081,0.22157561,-1.5688154,2.2850709
1210,2210000.0,5.484085,1.5614247,3.9226603,-0.25994931,1.0412861,1.2075762,0.81108184,-0.61728395,0.5,2.4449019,3.7051881,3.8713178,-0.24180015,0.0097299725,0.094061463,-0.067421488,2.2823409,2.1086786,0.65058117,0.15,1.6766662,0.5,0.036143398,13.833785,2.489285,32.30635,0.0033290993,-0.23588991,0.032162374,0.19100088,-6.3028014,-4.0631252
1211,2211000.0,5.4621785,1.5358567,3.9263218,-0.25081979,1.0242353,1.2026323,0.77719903,-0.61728395,0.5,2.6558108,3.9635496,3.869978,0.13390484,-0.033058507,-0.0025243343,0.013022123,2.5000407,2.320964,0.64111374,0.15,1.6429039,0.5,0.03561743,14.038071,2.4780991,32.30635,-0.0095839258,-0.21540313,-0.021966712,0.14882376,0.62918734,-0.025431593
1212,2212000.0,5.454362,1.5352705,3.9190915,-0.25678278,1.0238444,1.1866394,0.79848178,-0.61728395,0.5,2.8595764,4.0042308,4.0903901,0.48410818,-0.0036353744,-0.25180154,-0.17074077,2.6995407,2.5291824,0.64199837,0.15,1.6144207,0.5,0.035666576,14.018727,2.5018781,32.30635,0.012798464,-0.16056896,-0.025437743,0.18052871,1.6934379,-0.25187158
1213,2213000.0,5.4238955,1.5139845,3.909911,-0.26593008,1.0096491,1.1779266,0.77665951,-0.61728395,0.5,2.7542426,3.9772414,3.9620545,0.32343199,0.046647223,-0.090431767,0.15099883,2.5985806,2.4262746,0.64359986,0.15,1.6077181,0.5,0.035755548,13.983844,2.4733348,32.30635,0.0048347338,-0.15669028,-0.01438259,0.16733737,-0.29239358,4.5526139
1214,2214000.0,5.4186422,1.5089181,3.9097241,-0.26738197,1.0062704,1.175419,0.77206819,-0.61728395,0.5,2.9076571,4.0514478,4.1724809,0.49904247,0.027900246,-0.17889082,0.045463791,2.7529153,2.5803872,0.64811411,0.15,1.6309868,0.5,0.03600634,13.886443,2.4909052,32.30635,-0.014606234,-0.1311367,-0.040929943,0.21910314,-3.2806489,-3.0802543
1215,2215000.0,5.4423908,1.5237825,3.9186083,-0.24443025,1.0161832,1.1658283,0.80908271,-0.61728395,0.5,2.6641262,3.8244806,3.9588874,0.20901047,0.01716235,-0.17560567,-0.030487791,2.5019658,2.3395267,0.65159942,0.15,1.6325915,0.5,0.036199968,13.812167,2.4849996,32.30635,-0.0058504314,-0.22914832,-0.038946416,0.20061075,-3.3934541,-2.2066845
1216,2216000.0,5.4491381,1.5191683,3.9299699,-0.24386103,1.0131061,1.1572633,0.81362673,-0.61728395,0.5,2.5647442,3.8329898,3.8591945,0.0020482253,0.037629147,-0.43953317,-0.035524622,2.401673,2.2425294,0.65317585,0.15,1.6703833,0.5,0.036287547,13.778832,2.4948674,32.30635,0.028252445,-0.16898112,-0.0085750749,0.19477551,1.8292906,3.821628
1217,2217000.0,5.4086955,1.523123,3.8855724,-0.2440238,1.0157434,1.1921905,0.77140951,-0.61728395,0.5,2.7630825,3.9504987,4.0404092,0.29833955,0.027605774,0.0063919695,-0.00087844527,2.6084728,2.431143,0.66202278,0.15,1.6966953,0.5,0.036779043,13.594698,2.4832193,32.30635,0.021725648,-0.19419772,9.9428276e-05,0.16491669,2.9649223,2.2402583
1218,2218000.0,5.4484227,1.5361366,3.9122862,-0.25378408,1.0244219,1.1807099,0.80809939,-0.61728395,0.5,2.8361633,4.0829016,3.9897482,0.43584007,-0.044452612,0.038653389,-0.035835308,2.6742,2.5074203,0.66149578,0.15,1.7081847,0.5,0.036749765,13.605529,2.469678,32.30635,0.012781906,-0.18452257,0.00091027043,0.14557815,2.8205836,-6.8317673
1219,2219000.0,5.4326347,1.5241497,3.908485,-0.25879933,1.0164281,1.1854495,0.78241024,-0.61728395,0.5,2.8429113,3.9847746,4.0909912,0.45296801,-0.0095099177,0.088981475,-0.060235284,2.6860967,2.5128487,0.6576487,0.15,1.6543214,0.5,0.036536039,13.685118,2.4715214,32.30635,-0.0066951328,-0.19828924,-0.00037844946,0.17339456,2.12244,-1.1556837
1220,2220000.0,5.4524959,1.5186105,3.9338854,-0.24350416,1.0127341,1.1648635,0.80217959,-0.61728395,0.5,2.5954809,3.8045307,3.9383149,0.043596997,-0.047281387,0.062283537,-0.041146805,2.434704,2.27115,0.65116263,0.15,1.6490888,0.5,0.036175702,13.821432,2.4920975,32.30635,-0.029783417,-0.21579519,0.020731533,0.14105497,-0.78127646,2.9836471
1221,2221000.0,5.4613318,1.5470233,3.9143085,-0.25416905,1.0316821,1.1890967,0.81380008,-0.61728395,0.5,2.8783647,4.0611003,4.0665139,0.50747979,0.028025233,0.16335815,-0.0087144754,2.7152588,2.5472866,0.63980302,0.15,1.6468936,0.5,0.035544612,14.06683,2.4940662,32.30635,-0.0007977244,-0.17793188,0.015104724,0.23285662,-6.2135361,2.8460204
1222,2222000.0,5.4423198,1.5387572,3.9035627,-0.26508657,1.0261696,1.1900849,0.79925258,-0.61728395,0.5,2.6642785,3.8833946,3.878355,0.23108584,0.010513886,0.10591915,0.1137323,2.5040883,2.3329253,0.63261952,0.15,1.671524,0.5,0.035145529,14.226561,2.4967702,32.30635,0.01091961,-0.18968575,-0.0087959352,0.14777909,-4.3588563,-2.3297894
1223,2223000.0,5.4847515,1.5203153,3.9644362,-0.24538229,1.013871,1.1613138,0.80982792,-0.61728395,0.5,2.864006,4.0030452,4.080839,0.50813365,-0.0028677092,0.058456333,-0.067069475,2.7016962,2.5406634,0.62962423,0.15,1.6740514,0.5,0.034979124,14.29424,2.4868695,32.30635,0.013053136,-0.12502025,-0.0075569127,0.15984189,-0.20247198,10.521695
1224,2224000.0,5.4422155,1.5465393,3.8956762,-0.26549653,1.0313593,1.1923263,0.8085422,-0.61728395,0.5,2.6674881,3.923478,3.9276145,0.15137183,0.03274342,0.090120857,0.0026812299,2.5054361,2.3355108,0.63399499,0.15,1.6577506,0.5,0.035221944,14.195696,2.4899846,32.30635,0.0096976606,-0.19240451,0.0020412022,0.17575373,1.5003764,0.13748711
1225,2225000.0,5.4357676,1.5399034,3.8958641,-0.25847688,1.026934,1.1823496,0.8118253,-0.61728395,0.5,2.7476664,3.983065,4.018527,0.24140712,0.031978939,0.079313774,-0.02271462,2.5849563,2.4184669,0.64547047,0.15,1.6419311,0.5,0.035859471,13.943318,2.493318,32.30635,-0.012513452,-0.14563305,0.00028905719,0.21803275,-3.0519711,0.2364736
1226,2226000.0,5.5151048,1.5467057,3.9683991,-0.23207259,1.0314703,1.183395,0.82121463,-0.61728395,0.5,2.8400037,4.078893,4.0324278,0.40869019,0.013624035,-0.11198178,-0.060207912,2.6754117,2.5105131,0.65387743,0.15,1.6354751,0.5,0.036326524,13.764047,2.4994106,32.30635,-0.012325346,-0.15819343,-0.017146122,0.18197605,-3.3801013,-10.223514
1227,2227000.0,5.5083974,1.5675098,3.9408876,-0.26390565,1.0453442,1.2109289,0.81612281,-0.61728395,0.5,2.7135305,3.9911839,3.9360377,0.21336999,0.025693198,0.033686889,0.14183302,2.5499591,2.3763737,0.66017394,0.15,1.6783594,0.5,0.03667633,13.632771,2.4614144,32.30635,-0.008911378,-0.20247996,-0.0069798773,0.16801498,0.021162547,2.3247091
1228,2228000.0,5.4961469,1.5525053,3.9436416,-0.26059803,1.035338,1.1914519,0.81926566,-0.61728395,0.5,2.9824145,4.0904943,4.1998476,0.65690147,-0.02020707,0.27473117,-0.063123936,2.8182132,2.6506806,0.66317415,0.15,1.6968829,0.5,0.036843009,13.571096,2.4718829,32.30635,0.0080405674,-0.15925697,0.0024935763,0.22772384,1.8535895,6.6558458
1229,2229000.0,5.4795112,1.5548903,3.9246208,-0.26717847,1.0369285,1.1914762,0.82303318,-0.61728395,0.5,2.3988428,3.6838302,3.7317896,-0.21909154,0.0066184255,-0.10969584,-0.08192248,2.2338863,2.0671021,0.65844592,0.15,1.6854524,0.5,0.036580329,13.668548,2.4867776,32.30635,0.0017997703,-0.16004557,0.029539995,0.14683154,-1.5420061,-6.3180176
1230,2230000.0,5.4862922,1.5791508,3.9071415,-0.26167228,1.0531073,1.2067167,0.84052804,-0.61728395,0.5,2.7728917,3.9315105,4.060044,0.3271206,0.027957136,-0.1744105,0.0033374681,2.6044289,2.4369077,0.64913019,0.15,1.6836595,0.5,0.036062789,13.864707,2.4757502,32.30635,-0.00030407109,-0.18210337,0.012070964,0.16498045,3.0649891,11.798105
1231,2231000.0,5.5022851,1.5385871,3.963698,-0.21409697,1.0260562,1.1651962,0.83355669,-0.61728395,0.5,3.0034706,4.2224112,4.131551,0.65644948,0.029528945,0.026331607,0.11229601,2.836405,2.6790471,0.64275335,0.15,1.7061872,0.5,0.03570852,14.002261,2.4948526,32.30635,0.01904451,-0.19383746,0.0046821259,0.21294984,-1.2784231,5.6669283
1232,2232000.0,5.4861792,1.5258562,3.960323,-0.23497906,1.0175662,1.1726763,0.80287466,-0.61728395,0.5,2.5614071,3.7625345,3.8707661,0.050920701,0.0097218944,-0.50319165,-0.12558865,2.4004909,2.2349009,0.62984031,0.15,1.6781755,0.5,0.034991128,14.289336,2.471311,32.30635,0.003462005,-0.18623391,0.0091640475,0.20587013,4.2880532,-4.907941
1233,2233000.0,5.4881055,1.5532822,3.9348233,-0.24988927,1.0358561,1.1918931,0.81989102,-0.61728395,0.5,2.9438328,4.198159,4.0693758,0.5639637,0.018617518,-0.29549693,-0.012850091,2.7795062,2.6119762,0.6261013,0.15,1.6775261,0.5,0.034783405,14.374671,2.4815208,32.30635,-0.020680263,-0.1765305,0.017537706,0.17195063,0.93575152,3.0411588
1234,2234000.0,5.4577029,1.5760978,3.8816052,-0.24126294,1.0510713,1.2298488,0.80352722,-0.61728395,0.5,2.7951578,4.0057822,4.067584,0.31210727,0.045826384,-0.069957829,-0.048086674,2.6341109,2.4527332,0.63059381,0.15,1.710614,0.5,0.035032989,14.272262,2.4973813,32.30635,0.002689833,-0.18862012,0.024039767,0.25672998,-1.6067203,7.4408462
1235,2235000.0,5.4907328,1.5594311,3.9313017,-0.25587576,1.0399567,1.1950033,0.82537064,-0.61728395,0.5,2.5883387,3.8966238,3.8421141,0.026278204,-0.028917748,0.063416093,-0.0090833221,2.4229138,2.255616,0.63950543,0.15,1.6593019,0.5,0.03552808,14.073375,2.5013757,32.30635,0.002260809,-0.19398356,-0.025832134,0.17694838,-0.36745306,-2.5408923
1236,2236000.0,5.4684485,1.5530556,3.9153929,-0.24647992,1.0357049,1.1972283,0.81211808,-0.61728395,0.5,2.9648064,4.1593524,4.1751014,0.55996541,0.030415384,-0.099774394,-0.027198259,2.8020377,2.6314642,0.65203955,0.15,1.6475547,0.5,0.03622442,13.802844,2.4940645,32.30635,-0.0049761746,-0.19261046,0.0033126674,0.18572714,-1.2178374,1.9807579
1237,2237000.0,5.4529446,1.5237711,3.9291735,-0.26853263,1.0161756,1.1909731,0.77413348,-0.61728395,0.5,2.740016,3.9423109,3.9791697,0.29856744,-0.051633016,-0.091398136,0.044728303,2.5848603,2.4084155,0.66525047,0.15,1.6403834,0.5,0.036958359,13.528739,2.5065841,32.30635,-0.0029838185,-0.19402323,-0.021132733,0.25888762,-3.9696267,-1.9258372
1238,2238000.0,5.4403764,1.5322606,3.9081158,-0.27045546,1.0218371,1.1851022,0.79582006,-0.61728395,0.5,2.6376272,3.8832027,3.9114781,0.11820083,0.028018079,0.050113902,0.0036529494,2.478125,2.3076613,0.66747276,0.15,1.5932466,0.5,0.03708182,13.483696,2.4833892,32.30635,-0.0029536352,-0.13857393,-0.013115712,0.15145481,-2.4252325,-2.9898763
1239,2239000.0,5.4713102,1.5686074,3.9027028,-0.25096332,1.0460762,1.2112947,0.81736414,-0.61728395,0.5,2.7193673,3.9863358,3.9628418,0.20892421,0.014214684,-0.0488123,0.06675508,2.555547,2.3821086,0.66351778,0.15,1.6319978,0.5,0.036862099,13.564068,2.4777121,32.30635,0.0034418513,-0.1777085,-0.00027024745,0.19844439,1.5277638,1.0303981
1240,2240000.0,5.4522605,1.535185,3.9170754,-0.25892891,1.0237874,1.1938986,0.7882612,-0.61728395,0.5,2.7391737,3.9707087,3.9146248,0.33218752,-0.03920725,0.037601368,-0.082508346,2.5811864,2.4067586,0.65435775,0.15,1.6443319,0.5,0.036353208,13.753944,2.4815217,32.30635,-0.0052836986,-0.15576707,-0.038858248,0.18576412,1.1210504,2.8595643
1241,2241000.0,5.4231411,1.521616,3.9015251,-0.26106299,1.0147384,1.1873562,0.77572318,-0.61728395,0.5,2.955937,4.0398175,4.1051828,0.72281074,-0.020100838,-0.10483988,-0.036980969,2.8004627,2.6253435,0.64146761,0.15,1.620975,0.5,0.035637089,14.030326,2.48025,32.30635,0.0044823856,-0.15675434,0.031095812,0.17928189,-0.99683659,3.2173905
1242,2242000.0,5.4599784,1.5490184,3.91096,-0.23957492,1.0330126,1.1934927,0.81087309,-0.61728395,0.5,2.874154,4.1248339,4.0453827,0.45224543,0.022437261,-0.17153151,-0.025171474,2.7116348,2.541852,0.63514129,0.15,1.6061895,0.5,0.035285627,14.170075,2.4831943,32.30635,-0.029210643,-0.20159738,0.0076003015,0.21038795,1.944731,-3.0573671
1243,2243000.0,5.4619127,1.5549161,3.9069966,-0.2549462,1.0369457,1.1960554,0.81671292,-0.61728395,0.5,2.8137336,3.9770134,4.0549789,0.40920848,0.020166861,-0.27898882,-0.12426843,2.6500439,2.480718,0.63217805,0.15,1.605236,0.5,0.035121003,14.236496,2.4922477,32.30635,-0.017680553,-0.1783773,0.024788316,0.25367986,1.3927301,0.11833533
1244,2244000.0,5.4965519,1.588856,3.9076959,-0.24193465,1.0595796,1.1979499,0.86817526,-0.61728395,0.5,2.2832508,3.6807309,3.5728538,-0.40383234,0.0083512602,-0.12172463,0.0057870969,2.1092468,1.9497077,0.63560849,0.15,1.6124959,0.5,0.035311583,14.15966,2.5052896,32.30635,0.026050697,-0.16537392,0.0015506863,0.22901063,-0.91060826,-11.521165
1245,2245000.0,5.5029129,1.5586846,3.9442283,-0.24684713,1.0394588,1.1830877,0.84073369,-0.61728395,0.5,2.8701832,4.0630384,4.0930967,0.45441439,0.061773958,-0.24597334,0.093756211,2.7016791,2.5407781,0.6379066,0.15,1.5714319,0.5,0.035439255,14.108649,2.4768376,32.30635,-0.012991375,-0.17869009,0.026521047,0.21293155,2.3972293,9.7624216
1246,2246000.0,5.464984,1.5456615,3.9193224,-0.25235646,1.030774,1.2123949,0.77926401,-0.61728395,0.5,2.6772322,3.8695872,3.9305938,0.23151543,0.023372632,0.10087335,0.031560921,2.5210482,2.3396672,0.64542417,0.15,1.5566804,0.5,0.035856899,13.944318,2.4849126,32.30635,-0.037249059,-0.2509831,-0.0063360624,0.18396337,0.6100101,2.1554429
1247,2247000.0,5.4352034,1.5058894,3.929314,-0.26314016,1.0042506,1.1676574,0.7780232,-0.61728395,0.5,2.828065,3.9936874,4.0286359,0.46187185,0.0040168347,0.0024269668,-0.055913079,2.6721297,2.5029563,0.65598216,0.15,1.5594753,0.5,0.036443453,13.719885,2.4905477,32.30635,-0.0019957023,-0.14584986,-0.0021896736,0.23660448,0.96740994,-4.0786492
1248,2248000.0,5.480408,1.5500022,3.9304058,-0.24671342,1.0336687,1.1838181,0.82588087,-0.61728395,0.5,2.5425229,3.8430443,3.7910075,-0.006483226,-0.015158133,0.12401418,-0.10637232,2.3769957,2.2129145,0.65590415,0.15,1.5788006,0.5,0.03643912,13.721517,2.4894289,32.30635,0.024251953,-0.2147065,-0.016967401,0.19790837,-5.0665424,0.025883822
1249,2249000.0,5.4673105,1.5332888,3.9340217,-0.2228528,1.0225228,1.1647273,0.82576357,-0.61728395,0.5,2.8231618,4.114256,4.0042534,0.35097591,-0.032707982,0.012732854,0.036904097,2.6576581,2.4988688,0.65303428,0.15,1.5891165,0.5,0.036279682,13.781819,2.4859639,32.30635,-0.0063778951,-0.12932426,0.01143831,0.21002786,-1.9952881,1.3600582
1250,2250000.0,5.4276888,1.508701,3.9189878,-0.25812904,1.0061256,1.1775643,0.76874182,-0.61728395,0.5,2.9496326,4.1178646,4.1416754,0.58935788,-0.017022635,0.053520805,0.011953261,2.7955576,2.6217655,0.64645646,0.15,1.6276369,0.5,0.035914248,13.922051,2.4838551,32.30635,-0.02835251,-0.2061776,0.00023025469,0.17143713,-1.1478315,-1.2020353
1251,2251000.0,5.438204,1.5089223,3.9292817,-0.24724723,1.0062732,1.1698749,0.77977668,-0.61728395,0.5,2.9295527,4.1381374,4.0895463,0.56097449,0.075525245,-0.14162683,0.11061175,2.773266,2.6038265,0.64213761,0.15,1.6344249,0.5,0.035674312,14.015687,2.4773154,32.30635,0.0096722022,-0.17133323,0.030163859,0.15398634,-0.27640654,2.256355
1252,2252000.0,5.4245054,1.5145126,3.9099928,-0.26977239,1.0100013,1.1713175,0.78668251,-0.61728395,0.5,2.677961,3.8384134,3.9329539,0.26251567,-0.004410642,-0.54785305,-0.0061147576,2.5202902,2.3518331,0.64122822,0.15,1.6499005,0.5,0.03562379,14.035564,2.4889591,32.30635,0.013609074,-0.2267065,-0.018406582,0.20708996,1.7469234,-2.2269675
1253,2253000.0,5.4638259,1.5493431,3.9144828,-0.26805068,1.0332291,1.1717171,0.84164101,-0.61728395,0.5,2.4894702,3.7584881,3.7695571,-0.059634712,0.0082417942,-0.039865933,0.075487402,2.3207843,2.1632311,0.64683174,0.15,1.7055977,0.5,0.035935097,13.913974,2.4825442,32.30635,0.018821471,-0.22575205,-0.010505097,0.18409896,1.9715176,2.2947242
1254,2254000.0,5.3989834,1.5339691,3.8650143,-0.26920832,1.0229765,1.1954052,0.78423025,-0.61728395,0.5,2.6378185,3.9112217,3.8997774,0.1024566,-0.0053890032,-0.037069131,-0.090071763,2.4806392,2.304984,0.65901814,0.15,1.6853172,0.5,0.036612119,13.65668,2.4870021,32.30635,-0.028451823,-0.23938785,0.013518784,0.21274726,-0.091671429,-2.6123779
1255,2255000.0,5.4767068,1.5321725,3.9445343,-0.24341743,1.0217783,1.1831682,0.79836637,-0.61728395,0.5,3.0062116,4.1601314,4.1772056,0.68129795,0.015130592,-0.30595162,-0.01434157,2.8461991,2.6767842,0.66615881,0.15,1.6836507,0.5,0.037008823,13.510292,2.4867696,32.30635,0.019049181,-0.21248708,-0.0027458589,0.20950461,-2.9360902,0.45676492
1256,2256000.0,5.4434473,1.5121105,3.9313368,-0.26831321,1.0083994,1.1679507,0.78753106,-0.61728395,0.5,2.8081687,3.9942129,3.9998629,0.43043022,-0.023771157,-0.028381336,0.026928606,2.6503278,2.4829782,0.67211872,0.15,1.6334656,0.5,0.037339929,13.390492,2.4810384,32.30635,-0.011725795,-0.16446229,0.0031157512,0.15653383,-1.7943807,-3.5148386
1257,2257000.0,5.4284943,1.5419237,3.8865705,-0.25954137,1.0282813,1.2007638,0.78946454,-0.61728395,0.5,2.7873431,4.0058641,3.9938362,0.36232896,-0.03190437,0.020506356,-0.040261729,2.6291147,2.4530166,0.66928803,0.15,1.608059,0.5,0.037182668,13.447125,2.4894617,32.30635,0.012990949,-0.19221165,0.024163962,0.19654341,1.1751656,4.611181
1258,2258000.0,5.4233143,1.5265508,3.8967635,-0.25187118,1.0180294,1.1980013,0.7688004,-0.61728395,0.5,2.6370539,3.8882726,3.9186369,0.10425227,-0.047763493,0.045323717,-0.00085195062,2.4829671,2.3034965,0.66046342,0.15,1.6316004,0.5,0.036692412,13.626795,2.4845305,32.30635,-0.0045569917,-0.2100006,-0.024779223,0.21218667,1.1484865,1.1176311
1259,2259000.0,5.4395234,1.5363679,3.9031554,-0.26036196,1.0245762,1.1670785,0.82740474,-0.61728395,0.5,2.7883915,3.9658779,4.0064981,0.39279835,-0.015611019,0.17163258,0.014667735,2.6225589,2.4634439,0.64257357,0.15,1.6687678,0.5,0.035698532,14.006178,2.4754792,32.30635,-0.0062003106,-0.20466324,-0.017398646,0.20477314,-2.6586162,-2.8217252
1260,2260000.0,5.4026948,1.5100723,3.8926225,-0.25967687,1.0070402,1.1508307,0.80806561,-0.61728395,0.5,2.5713149,3.9131523,3.8436603,-0.042868019,0.0046758887,-0.20008436,-0.028534572,2.4093583,2.2508911,0.63262421,0.15,1.6299674,0.5,0.035145789,14.226455,2.5116067,32.30635,0.0026867428,-0.20724135,-0.0053923146,0.20397989,1.948764,-4.4406374
1261,2261000.0,5.4291228,1.4844874,3.9446354,-0.2529997,0.98997802,1.1549133,0.76161615,-0.61728395,0.5,2.6684104,3.8829792,3.845684,0.27656797,-0.034436679,-0.20497202,0.0039821345,2.5157635,2.3468499,0.62900833,0.15,1.6780627,0.5,0.034944907,14.308237,2.4769468,32.30635,0.011030014,-0.19787401,0.0044005715,0.17882545,0.44264941,-0.95970908
1262,2262000.0,5.4308027,1.509896,3.9209067,-0.26800266,1.0069226,1.1607544,0.79399864,-0.61728395,0.5,2.6466021,3.9035277,3.9266467,0.10963182,0.042001681,-0.19013591,0.059711481,2.4874649,2.3234153,0.62936286,0.15,1.6291397,0.5,0.034964604,14.300176,2.5015283,32.30635,0.028261517,-0.17903693,0.0067847176,0.18731129,-1.3176138,8.9358745
1263,2263000.0,5.4627512,1.5618587,3.9008925,-0.26355526,1.0415756,1.178057,0.85278132,-0.61728395,0.5,2.66667,3.8764981,3.8842206,0.23929133,0.019727006,-0.088025604,0.05453797,2.4957513,2.3386657,0.64138561,0.15,1.5934602,0.5,0.035632534,14.03212,2.4965344,32.30635,0.0024249237,-0.20199082,0.0026339442,0.18703184,1.1682588,-3.4569327
1264,2264000.0,5.4459016,1.5228691,3.9230325,-0.25500159,1.0155741,1.1810781,0.78644191,-0.61728395,0.5,2.9013781,4.0938584,4.0767441,0.53353184,0.044182146,-0.023022178,0.048242692,2.7437555,2.5725326,0.65452177,0.15,1.587869,0.5,0.036362321,13.750498,2.4964916,32.30635,0.018305073,-0.17793509,0.014090841,0.16173461,-0.89538993,-7.5195981
1265,2265000.0,5.4327048,1.5386888,3.8940161,-0.26844013,1.0261239,1.1991137,0.78660077,-0.61728395,0.5,2.6348917,3.9169975,3.8789851,0.10869247,-0.018261878,-0.35125732,0.019299978,2.4772372,2.3010246,0.66113863,0.15,1.6421458,0.5,0.036729924,13.612879,2.4965012,32.30635,0.017803794,-0.20503582,0.00033891469,0.13139285,1.4905723,-2.5137691
1266,2266000.0,5.3567245,1.5336164,3.8231081,-0.26973433,1.0227413,1.1818077,0.80255771,-0.61728395,0.5,2.7539292,4.012607,3.9961409,0.25303962,-0.002909463,-0.15311751,-0.06613031,2.5930765,2.4248805,0.66550093,0.15,1.6849963,0.5,0.036972274,13.523647,2.4876354,32.30635,0.003108707,-0.17675036,0.018464731,0.18302869,3.0699713,3.0983681
1267,2267000.0,5.3984458,1.5154186,3.8830272,-0.27109588,1.0106055,1.1807488,0.7750246,-0.61728395,0.5,2.7889411,3.9579053,3.9680571,0.44086096,0.02917162,-0.25785169,-0.080065078,2.6336068,2.4601873,0.66102499,0.15,1.721909,0.5,0.036723611,13.615219,2.490776,32.30635,0.008970015,-0.16302249,-0.022300781,0.13509989,2.340025,-1.6510529
1268,2268000.0,5.4210042,1.5359879,3.8850163,-0.27188862,1.0243228,1.1847567,0.80224073,-0.61728395,0.5,2.7675206,3.9446144,4.0127112,0.34523614,0.04339708,-0.16849814,0.10598066,2.6067315,2.4376509,0.66363267,0.15,1.7503028,0.5,0.036868482,13.561719,2.494889,32.30635,0.015473351,-0.16524819,-0.0030802925,0.1748191,0.72781536,-2.1136743
1269,2269000.0,5.4215841,1.5247168,3.8968673,-0.27032587,1.0168063,1.1866996,0.78157755,-0.61728395,0.5,2.6377619,3.8687067,3.8471053,0.19747384,0.026199701,-0.16977277,-0.032916632,2.4811143,2.3073513,0.65575471,0.15,1.6774233,0.5,0.036430817,13.724644,2.4679086,32.30635,0.012808759,-0.23286531,0.035875084,0.27626141,-2.5426903,2.2498791
1270,2270000.0,5.3781789,1.5175158,3.8606631,-0.26773152,1.0120041,1.1658431,0.79907394,-0.61728395,0.5,2.6357829,3.8909388,3.8589926,0.15741748,-0.0050366713,-0.11369343,0.063586623,2.4756286,2.3111793,0.64754503,0.15,1.658375,0.5,0.035974724,13.898647,2.4901406,32.30635,-0.0018670203,-0.20754984,0.0055821401,0.14824119,-1.0248843,1.0263845
1271,2271000.0,5.3767276,1.4737505,3.902977,-0.25476827,0.9828178,1.1330428,0.77488581,-0.61728395,0.5,3.0317847,4.1817178,4.1746636,0.73897277,-0.013107859,-0.086524706,0.1046901,2.8764782,2.7163136,0.64460397,0.15,1.6586007,0.5,0.035811332,13.962061,2.4921576,32.30635,-0.0080309932,-0.17699331,0.032690247,0.20728379,-3.6964262,5.8247721
1272,2272000.0,5.3685378,1.5109889,3.8575489,-0.27079348,1.0076514,1.1573438,0.80047836,-0.61728395,0.5,3.0102063,4.203556,4.1919693,0.63509373,0.045344929,0.038067053,0.10832728,2.8497704,2.6879691,0.63906817,0.15,1.6674476,0.5,0.035503787,14.083005,2.490864,32.30635,0.0080444385,-0.15889607,0.0087163913,0.20270698,-1.0542451,1.7435505
1273,2273000.0,5.3864087,1.5267307,3.8596779,-0.26510375,1.0181494,1.1594397,0.82265653,-0.61728395,0.5,2.7501009,3.9470497,4.0198402,0.28341282,-0.019521724,0.12212737,0.18830388,2.58522,2.4272801,0.64163898,0.15,1.7136395,0.5,0.03564661,14.026579,2.4657384,32.30635,-0.015349847,-0.17515474,0.0026203187,0.25581201,-0.45805582,-2.9597332
1274,2274000.0,5.3465628,1.507127,3.8394358,-0.27013236,1.005076,1.1613068,0.78881784,-0.61728395,0.5,2.4591013,3.8254409,3.7450092,-0.19314614,-0.095102942,-0.37220381,-0.10458559,2.3010025,2.1357607,0.64940232,0.15,1.6981375,0.5,0.036077907,13.858897,2.5022852,32.30635,0.0065557475,-0.22735194,-0.012077554,0.21834993,6.6429925,-1.6838718
1275,2275000.0,5.3752323,1.5112649,3.8639674,-0.26293799,1.0078355,1.1699072,0.78346543,-0.61728395,0.5,2.5909092,3.8403037,3.9374844,-0.0050605536,-0.062856164,-0.17479594,0.068661032,2.4338831,2.265174,0.65092909,0.15,1.6888947,0.5,0.036162727,13.826391,2.4850892,32.30635,-0.0037859402,-0.13695668,0.0066773587,0.19453591,-0.61588861,0.36913139
1276,2276000.0,5.4124669,1.510965,3.9015019,-0.27304326,1.0076355,1.1661558,0.78819883,-0.61728395,0.5,2.810189,3.9593759,3.9958168,0.47537423,-0.039205175,-0.21835741,0.11674175,2.6522142,2.4854983,0.6535728,0.15,1.692245,0.5,0.0363096,13.770463,2.4843942,32.30635,0.013797771,-0.26851181,0.02145588,0.18537839,-1.87115,4.1985152
1277,2277000.0,5.4276169,1.550994,3.876623,-0.27704897,1.0343301,1.198951,0.8064391,-0.61728395,0.5,2.7886736,3.9949703,3.9809538,0.39009655,-0.016201977,-0.054243654,0.082963632,2.627043,2.4548517,0.65558246,0.15,1.7264216,0.5,0.036421248,13.72825,2.4727417,32.30635,0.0046472233,-0.18364527,0.020562963,0.15945649,-3.7055156,-2.5398259
1278,2278000.0,5.3939607,1.5183479,3.8756128,-0.27355436,1.012559,1.2070228,0.74319384,-0.61728395,0.5,2.7824547,3.9342739,4.0299124,0.38317782,0.015454482,-0.1310013,0.11407911,2.6335001,2.4463855,0.65780924,0.15,1.6966393,0.5,0.036544958,13.681778,2.4662713,32.30635,-0.0018547619,-0.19178498,0.024229626,0.19633801,0.57346688,0.9719923
1279,2279000.0,5.4150551,1.4953367,3.9197184,-0.23392527,0.99721322,1.1485735,0.78771521,-0.61728395,0.5,2.9690524,4.1467357,4.1405337,0.61988769,0.042619633,-0.17833113,0.00071659963,2.8111746,2.6492571,0.65405627,0.15,1.6927783,0.5,0.036336459,13.760284,2.4844087,32.30635,-0.016505301,-0.17990075,0.017448189,0.16003129,1.9840761,1.5819273
1280,2280000.0,5.3760024,1.486243,3.8897594,-0.25660986,0.99114879,1.173243,0.73895088,-0.61728395,0.5,2.6718039,3.8599446,3.9584156,0.19705171,0.019071563,0.309705,0.01291587,2.5236997,2.34514,0.65066558,0.15,1.6723843,0.5,0.036148088,13.83199,2.4971036,32.30635,0.014298235,-0.13882908,-0.011287571,0.17861595,-1.3461223,1.9784224
1281,2281000.0,5.4098225,1.4973503,3.9124723,-0.25384392,0.99855604,1.1233034,0.82602941,-0.61728395,0.5,2.674626,3.9571308,3.9287137,0.13803349,-0.043453939,-0.036431436,1.2971949e-05,2.5090691,2.3618666,0.64881893,0.15,1.6533018,0.5,0.036045496,13.871359,2.4877568,32.30635,-0.029904092,-0.12812513,-0.010489076,0.15750267,-1.8160594,-6.3626516
1282,2282000.0,5.4074687,1.5243918,3.8830768,-0.26135909,1.0165896,1.1880215,0.77922326,-0.61728395,0.5,2.7234279,3.9779024,3.9516553,0.24072599,-0.010694855,-0.48281788,0.015979019,2.5672521,2.3926492,0.64358756,0.15,1.6823648,0.5,0.035754864,13.984111,2.4881511,32.30635,-0.015161765,-0.20014891,-0.014412071,0.15657121,-0.30693176,-3.9793476
1283,2283000.0,5.4098141,1.5495284,3.8602857,-0.27563695,1.0333527,1.2053151,0.79526242,-0.61728395,0.5,2.6229431,3.8990637,3.9061615,0.063604092,-0.016327501,-0.15250156,0.031740333,2.4635526,2.2873493,0.64564817,0.15,1.6546678,0.5,0.035869343,13.93948,2.4904671,32.30635,0.014282507,-0.18934235,0.0080269181,0.1648214,0.16413817,0.11980167
1284,2284000.0,5.4358661,1.5244943,3.9113718,-0.24973015,1.0166579,1.1774526,0.79406879,-0.61728395,0.5,2.556267,3.8652821,3.8557702,-0.05225144,0.046046733,-0.0059789041,-0.0074969207,2.3971157,2.2284309,0.65426896,0.15,1.6796168,0.5,0.036348275,13.755811,2.4799148,32.30635,0.0083891461,-0.19352014,-0.010974301,0.14360449,-2.2108213,-2.3450412
1285,2285000.0,5.4255584,1.5400733,3.8854851,-0.26698695,1.0270472,1.1772359,0.81919989,-0.61728395,0.5,2.5408251,3.7773625,3.8212954,0.023817575,0.032716667,-0.094530117,0.034653723,2.376637,2.2130494,0.65759403,0.15,1.7010478,0.5,0.036533002,13.686256,2.4894938,32.30635,-0.011699153,-0.20288059,-0.023633595,0.18043849,-1.5638949,-5.9001465
1286,2286000.0,5.4271072,1.5487841,3.8783232,-0.28928165,1.0328563,1.1893681,0.81622937,-0.61728395,0.5,2.6572323,3.8844479,3.8967946,0.1904543,-0.040600752,-0.19423596,0.050261736,2.4936395,2.3260786,0.65619682,0.15,1.7418482,0.5,0.036455379,13.715397,2.469536,32.30635,0.035642075,-0.17696269,-0.018711843,0.16303009,1.0023582,4.1741888
1287,2287000.0,5.4180998,1.4831749,3.9349249,-0.26083108,0.98910277,1.1413265,0.77839903,-0.61728395,0.5,2.4862631,3.7442588,3.7804723,-0.065941759,-0.043727759,-0.18328533,-0.056254643,2.3302525,2.1684856,0.65522959,0.15,1.7030578,0.5,0.036401644,13.735643,2.49521,32.30635,0.0041669325,-0.16262141,-0.003224507,0.19319209,3.1975,-3.935643
1288,2288000.0,5.4260527,1.5138793,3.9121734,-0.26635289,1.009579,1.1640275,0.79580038,-0.61728395,0.5,2.6644403,3.8789724,3.998404,0.11594454,-0.0036048229,0.073340378,-0.012403385,2.504942,2.3403422,0.65206573,0.15,1.6904045,0.5,0.036225874,13.80229,2.4790341,32.30635,-0.024443147,-0.17664395,-0.011066108,0.14050757,-0.85957855,-3.4258605
1289,2289000.0,5.4370737,1.5408441,3.8962296,-0.2631073,1.0275613,1.2023907,0.7854838,-0.61728395,0.5,2.8274834,4.0078476,4.02015,0.45445255,-0.076670933,-0.099634195,-0.10473779,2.6700528,2.4927039,0.6465088,0.15,1.7191071,0.5,0.035917155,13.920924,2.4953354,32.30635,0.00098311138,-0.17340369,-0.021158907,0.2278828,0.87209931,0.49506654
1290,2290000.0,5.4425489,1.566939,3.8756099,-0.24138805,1.0449635,1.2114787,0.81444935,-0.61728395,0.5,2.8981462,4.1089291,4.0349822,0.55052737,-0.0027129919,0.0078702932,-0.027118911,2.7349102,2.5608363,0.64056703,0.15,1.7146358,0.5,0.035587057,14.050052,2.4893792,32.30635,0.0098294258,-0.16659368,0.026412718,0.23410455,-2.2158978,0.53850547
1291,2291000.0,5.414999,1.5363569,3.8786422,-0.26436799,1.0245688,1.2049506,0.77477568,-0.61728395,0.5,2.7103762,4.0125246,3.9139726,0.20463147,0.023790387,-0.046040678,-0.051600403,2.5550918,2.3748839,0.63707689,0.15,1.6785026,0.5,0.03539316,14.127023,2.4962426,32.30635,-0.020544131,-0.13185413,-0.02173813,0.17230161,0.8847112,1.9188542
1292,2292000.0,5.4309231,1.5089116,3.9220114,-0.25846836,1.0062661,1.1683017,0.78194507,-0.61728395,0.5,3.0820568,4.1577999,4.2303221,0.85804841,0.0047894157,-0.080225036,0.056267592,2.9253355,2.7567686,0.6371708,0.15,1.7290358,0.5,0.035398378,14.124941,2.4759875,32.30635,0.022122628,-0.16158612,0.0055107093,0.25920419,2.706449,11.157771
1293,2293000.0,5.4281662,1.5289447,3.8992215,-0.26254891,1.0196258,1.1898257,0.78397339,-0.61728395,0.5,2.7106457,3.8990841,3.9745418,0.25831127,-0.0080111533,-0.16225431,0.11076147,2.5535178,2.3793647,0.64219081,0.15,1.6772569,0.5,0.035677267,14.014526,2.4898013,32.30635,-0.006116835,-0.21569552,0.00058146148,0.18531997,-0.69141251,2.0159708
1294,2294000.0,5.44594,1.5429778,3.9029622,-0.26581908,1.0289842,1.2006849,0.79125411,-0.61728395,0.5,2.7411572,3.9602898,3.9641551,0.29902672,0.032935549,0.079817152,-0.0050697768,2.5825701,2.4068526,0.64795971,0.15,1.6689385,0.5,0.035997762,13.889752,2.4633235,32.30635,-0.0073463546,-0.18333011,-0.013585507,0.15090734,-4.2445818,3.2006756
1295,2295000.0,5.4049578,1.5173593,3.8875985,-0.25707361,1.0118997,1.1758439,0.78493161,-0.61728395,0.5,2.9590633,4.1718681,4.1431082,0.56221341,0.016090939,-0.073288027,0.043722028,2.8017434,2.6316751,0.65697623,0.15,1.6621329,0.5,0.036498679,13.699126,2.4754257,32.30635,0.015096228,-0.18901861,-0.012123345,0.15850539,0.40181452,-3.8228975
1296,2296000.0,5.4174894,1.5344025,3.8830869,-0.27095255,1.0232655,1.1864146,0.79741074,-0.61728395,0.5,2.9233739,4.0725313,4.0797937,0.61779654,-0.014806905,-0.21076138,0.086566877,2.7635528,2.5930425,0.65979749,0.15,1.7066321,0.5,0.036655416,13.640549,2.4798406,32.30635,-0.01700722,-0.17054599,0.010527477,0.18796292,3.6211318,8.8204117
1297,2297000.0,5.3937908,1.5255529,3.8682379,-0.25769048,1.0173639,1.1803506,0.79173004,-0.61728395,0.5,2.6016379,3.8511532,3.8819695,0.071791,-0.0070820961,0.0815501,-0.032197644,2.4429554,2.2729949,0.65602973,0.15,1.6777494,0.5,0.036446096,13.71889,2.4864515,32.30635,0.0049471181,-0.13523924,-0.0030668912,0.16923571,-2.6321343,-3.2815401
1298,2298000.0,5.428103,1.5276819,3.900421,-0.25733831,1.0187837,1.1684327,0.81167959,-0.61728395,0.5,2.7419184,3.9535154,3.9962295,0.27601025,0.047173454,-0.35953444,-0.20370467,2.5792375,2.4165937,0.65327055,0.15,1.761205,0.5,0.036292808,13.776834,2.5155272,32.30635,-0.006207343,-0.15417754,-0.018061724,0.15712246,0.8188171,2.600401
1299,2299000.0,5.4394365,1.5270396,3.9123969,-0.26903938,1.0183554,1.1613404,0.82050842,-0.61728395,0.5,2.838291,3.9410308,4.063628,0.51021408,0.017820341,-0.079983441,0.071341738,2.6738406,2.514941,0.65009959,0.15,1.7619961,0.5,0.036116644,13.844033,2.4858131,32.30635,0.005199736,-0.19046789,0.041783951,0.21941497,1.7348987,4.6218203
1300,2300000.0,5.4039176,1.5302219,3.8736958,-0.23525816,1.0204775,1.1972444,0.77570284,-0.61728395,0.5,2.5394316,3.9393402,3.8060477,-0.12709306,-0.06438317,0.22347447,-0.002877656,2.3839614,2.2060849,0.64507785,0.15,1.8218128,0.5,0.035837658,13.951804,2.475256,32.30635,-0.024062425,-0.16130874,0.0018729155,0.21170357,1.2960086,-1.5929559
1301,2301000.0,5.4150912,1.5283801,3.8867111,-0.25219117,1.0192493,1.1740473,0.80499258,-0.61728395,0.5,2.5519867,3.9057714,3.7795824,-0.029393795,-0.0027837115,-0.20481283,-0.044186148,2.390646,2.2250987,0.65048398,0.15,1.7592612,0.5,0.036137999,13.835852,2.4853363,32.30635,-0.028775135,-0.18898262,0.0059292107,0.183436,4.4110727,-1.0164577
1302,2302000.0,5.4076591,1.497895,3.909764,-0.25035649,0.99891935,1.1643723,0.76984527,-0.61728395,0.5,2.7097367,3.9151643,3.933715,0.28033066,-0.052105213,-0.12475992,0.079126723,2.5554404,2.3855425,0.65227259,0.15,1.7445393,0.5,0.036237366,13.797912,2.4908972,32.30635,-0.011755549,-0.19084658,0.012172512,0.16815382,-0.63691626,-3.2681149
1303,2303000.0,5.392877,1.5207476,3.8721294,-0.27258936,1.0141593,1.1693656,0.79933157,-0.61728395,0.5,2.4417995,3.6178953,3.8266521,-0.11914902,-0.013222033,-0.33891777,0.10069817,2.2815934,2.1162151,0.65113145,0.15,1.6761593,0.5,0.036173969,13.822094,2.5104206,32.30635,0.024720222,-0.22952197,-0.009379837,0.18931687,0.78505688,0.071327592
1304,2304000.0,5.4013803,1.5153116,3.8860687,-0.23735381,1.0105341,1.1682364,0.79223624,-0.61728395,0.5,2.785179,4.0390474,4.0221887,0.29430077,-0.00661399,-0.18980837,0.068530336,2.626395,2.459909,0.65190036,0.15,1.7284661,0.5,0.036216687,13.805791,2.4820727,32.30635,0.0060097818,-0.19712004,0.025978366,0.2389556,-1.6793414,-1.6842688
1305,2305000.0,5.4211676,1.5186173,3.9025503,-0.25477042,1.0127387,1.1626157,0.80531312,-0.61728395,0.5,2.7201204,3.9432371,3.9517836,0.26534042,-0.051696692,-0.27072402,0.06513346,2.5587155,2.3964153,0.64867808,0.15,1.7718113,0.5,0.036037671,13.87437,2.4767604,32.30635,0.006245426,-0.16575346,0.0039498796,0.19389465,2.1771994,-0.31530535
1306,2306000.0,5.4102917,1.529516,3.8807757,-0.28190462,1.0200068,1.1839367,0.79306474,-0.61728395,0.5,2.7670298,3.9891651,4.0068496,0.3050748,-0.0068481103,-0.13950124,-0.030428402,2.6080798,2.4373884,0.64942858,0.15,1.7940044,0.5,0.036079365,13.858337,2.4982518,32.30635,-0.0039977707,-0.17636061,0.032955004,0.18742426,0.3973113,-0.10193427
1307,2307000.0,5.4149105,1.5138705,3.90104,-0.25309185,1.0095731,1.1685089,0.78956073,-0.61728395,0.5,2.7495673,4.0205209,3.9328915,0.29528959,0.0066312289,0.12852855,-0.01993504,2.5913196,2.4242214,0.64816711,0.15,1.7604794,0.5,0.036009284,13.885308,2.4893332,32.30635,-0.042117291,-0.1519855,3.2884412e-05,0.15297846,0.067709319,-0.94983357
1308,2308000.0,5.4156109,1.523292,3.892319,-0.27042552,1.0158561,1.1560168,0.82193086,-0.61728395,0.5,2.7835536,3.9784499,3.9982579,0.37395298,0.0099739793,0.29953598,-0.012430684,2.6188181,2.4616859,0.64943589,0.15,1.7245753,0.5,0.036079772,13.858181,2.4870558,32.30635,-0.024699742,-0.20555248,0.022023189,0.20642921,-3.8781737,0.17177334
1309,2309000.0,5.4796656,1.522361,3.9573046,-0.24728758,1.0152353,1.148579,0.83077948,-0.61728395,0.5,2.9059965,4.0624883,4.1631147,0.49238646,-0.025107147,-0.14622201,-0.075511084,2.7394875,2.5861997,0.65392295,0.15,1.691045,0.5,0.036329053,13.763089,2.4723219,32.30635,-0.005405992,-0.16071985,-0.0010941995,0.1845056,-1.1681924,7.9239638
1310,2310000.0,5.4539731,1.5266686,3.9273045,-0.24046918,1.0181079,1.1754521,0.80031335,-0.61728395,0.5,2.6199469,3.8864309,3.8916512,0.081758516,-0.022286997,-0.098561341,-0.015093227,2.4595441,2.2926678,0.65525489,0.15,1.6666164,0.5,0.03640305,13.735113,2.4861442,32.30635,-0.0045448408,-0.15967795,-0.016752801,0.15308811,-2.345201,-2.6984314
1311,2311000.0,5.4424994,1.5439736,3.8985257,-0.25171846,1.0296483,1.1860658,0.81314994,-0.61728395,0.5,2.973539,4.1797007,4.1931641,0.54775212,0.0052059802,0.058606604,-0.046977295,2.8105634,2.6433048,0.65752427,0.15,1.6231211,0.5,0.036529126,13.687708,2.4742877,32.30635,-0.025127949,-0.24083504,0.0058748172,0.20635792,0.26555638,4.0985347
1312,2312000.0,5.4334838,1.5289361,3.9045477,-0.27054586,1.0196201,1.1490493,0.84060574,-0.61728395,0.5,2.6773152,3.864441,3.9493507,0.21815404,-0.036195689,-0.15016434,0.019847407,2.5088368,2.3573875,0.65294453,0.15,1.655357,0.5,0.036274696,13.783713,2.4852854,32.30635,-0.009909132,-0.19188785,0.0033699118,0.22616886,5.2761828,1.528743
1313,2313000.0,5.4296533,1.5352743,3.8943791,-0.24616131,1.0238469,1.1774066,0.811314,-0.61728395,0.5,2.9800384,4.1609599,4.1578053,0.62134988,0.022200838,0.16598353,0.0088738535,2.8174308,2.6522151,0.64922164,0.15,1.6423525,0.5,0.036067869,13.862754,2.4913496,32.30635,-0.035392892,-0.19484231,0.013405184,0.17482186,0.62214496,3.5276709
1314,2314000.0,5.4431479,1.5633875,3.8797604,-0.26181043,1.0425951,1.1978473,0.82772547,-0.61728395,0.5,2.7831745,4.0497457,4.0011864,0.29859134,-0.051303667,-0.014705529,-0.10570344,2.6172776,2.44966,0.64912299,0.15,1.6894815,0.5,0.036062388,13.864861,2.4872605,32.30635,-0.015894357,-0.21039751,0.042791887,0.19742138,1.4760368,-0.93977994
1315,2315000.0,5.422137,1.5394019,3.8827351,-0.25429831,1.0265995,1.183235,0.80979602,-0.61728395,0.5,2.8858992,4.0987931,4.0583528,0.50055158,-0.026086538,-0.037988188,-0.077603251,2.7235958,2.5564532,0.64680826,0.15,1.7189523,0.5,0.035933792,13.914479,2.4764343,32.30635,-0.0095479548,-0.17796555,-0.005831289,0.17087618,1.6651357,1.0682245
1316,2316000.0,5.4535802,1.5398321,3.9137481,-0.24858477,1.0268864,1.1788305,0.81660029,-0.61728395,0.5,2.8069314,4.0082213,4.0115611,0.40101178,0.032686686,-0.39511558,-0.055865563,2.6432643,2.4787117,0.6493277,0.15,1.7289062,0.5,0.036073761,13.86049,2.4769656,32.30635,0.0074375474,-0.21039999,0.01070718,0.1575153,-0.95186598,6.8837932
1317,2317000.0,5.4197988,1.5357605,3.8840383,-0.28096343,1.0241712,1.1592687,0.83728598,-0.61728395,0.5,2.7935365,4.0522656,3.9776885,0.35065523,-0.056181661,-0.12918089,0.033203079,2.6257234,2.4707633,0.64997159,0.15,1.6700978,0.5,0.036109533,13.846759,2.4800936,32.30635,0.0048579695,-0.24011388,-0.0031239995,0.17093076,-3.2076753,-1.1322384
1318,2318000.0,5.3962434,1.5204047,3.8758387,-0.25127725,1.0139306,1.1714649,0.7958686,-0.61728395,0.5,2.858919,4.1703839,4.0119718,0.39440132,0.035081786,0.11154963,-0.064546741,2.699407,2.5327501,0.64987842,0.15,1.6524994,0.5,0.036104357,13.848744,2.4751308,32.30635,-0.019402238,-0.18399357,-0.012802191,0.22073352,2.5802143,-5.639618
1319,2319000.0,5.4205925,1.5164775,3.904115,-0.24828837,1.0113117,1.1521124,0.81649369,-0.61728395,0.5,2.7334031,3.9863384,3.9489559,0.26491505,0.032935881,-0.029473734,0.084173782,2.5697574,2.4126225,0.6455138,0.15,1.6321091,0.5,0.035861878,13.942382,2.4928146,32.30635,-0.0045661904,-0.17345476,-0.011746143,0.20039428,4.253723,2.3946152
1320,2320000.0,5.3883069,1.5171918,3.8711151,-0.24811824,1.011788,1.1499286,0.82066594,-0.61728395,0.5,2.7152319,4.009534,3.9623831,0.17377867,0.043985869,-0.18655197,-0.045882038,2.55075,2.3950593,0.64960353,0.15,1.6363279,0.5,0.036089085,13.854605,2.4942838,32.30635,0.032906981,-0.1674997,-0.0054929236,0.16712363,1.4399957,-2.5462881
1321,2321000.0,5.3862131,1.4898039,3.8964091,-0.25190435,0.99352353,1.1449608,0.78391571,-0.61728395,0.5,2.6957923,3.9701406,3.9200077,0.19722856,0.012218853,-0.12934572,0.030640022,2.538676,2.3770029,0.64977287,0.15,1.6576036,0.5,0.036098493,13.850994,2.4761733,32.30635,0.045573106,-0.21951991,-0.003762025,0.16686551,1.3200691,-2.131062
1322,2322000.0,5.3766163,1.4810885,3.8955278,-0.23840484,0.98771134,1.1369525,0.78114982,-0.61728395,0.5,2.4986781,3.8028731,3.7890852,-0.095923883,0.014940396,0.11381046,-0.020816013,2.3421162,2.1821185,0.65486228,0.15,1.6605629,0.5,0.036381238,13.743348,2.4722296,32.30635,-0.024568547,-0.19126571,-0.021996542,0.20891156,-4.0521474,-1.4906411
1323,2323000.0,5.3589291,1.465468,3.8934611,-0.25193477,0.97729431,1.1188362,0.78142057,-0.61728395,0.5,2.698055,3.9217831,3.9317271,0.24065493,-0.0080238654,0.27559234,-0.015000904,2.5414388,2.3865394,0.65962423,0.15,1.6269486,0.5,0.036645791,13.644132,2.492056,32.30635,-0.025056684,-0.2593615,0.033493469,0.22868113,-5.2531019,2.9385853
1324,2324000.0,5.3984275,1.5088351,3.8895924,-0.25119799,1.0062151,1.1564044,0.79835069,-0.61728395,0.5,2.9931578,4.1887055,4.15362,0.63714784,-0.048989249,0.13140047,0.086795446,2.8331483,2.6711821,0.66297933,0.15,1.6117344,0.5,0.036832185,13.575084,2.5076247,32.30635,-0.0062155276,-0.15869195,0.0097693041,0.17888934,0.16568171,0.59753923
1325,2325000.0,5.4017503,1.493851,3.9078993,-0.24473463,0.99622246,1.1257043,0.81711695,-0.61728395,0.5,2.687581,4.0290942,3.8860564,0.14759251,-0.070889414,-0.1799121,0.14043182,2.5238104,2.3741532,0.6601597,0.15,1.6574386,0.5,0.036675539,13.633065,2.491028,32.30635,-0.0056019699,-0.19982799,-0.00028335244,0.20616048,6.7872131,-0.96417519
1326,2326000.0,5.3752492,1.4989634,3.8762858,-0.26536335,0.99963182,1.1548803,0.78473416,-0.61728395,0.5,2.6220424,3.859193,3.9298022,0.077132056,0.087518728,-0.21428399,-0.019241381,2.464762,2.3004911,0.65896399,0.15,1.7443569,0.5,0.036609111,13.657802,2.4758056,32.30635,0.0006760347,-0.14851759,0.01850303,0.2053195,1.8517184,0.028625811
1327,2327000.0,5.3755143,1.493176,3.8823383,-0.2722076,0.99577228,1.143966,0.79067212,-0.61728395,0.5,2.8017868,3.9921866,4.0178033,0.39537041,0.015308158,-0.34670844,-0.019435698,2.6433163,2.4832744,0.6590047,0.15,1.7637387,0.5,0.036611372,13.656959,2.4698591,32.30635,-0.030223313,-0.18857171,-0.013707252,0.25755285,-0.81627326,0.0064469217
1328,2328000.0,5.4049112,1.4877,3.9172113,-0.24953378,0.99212042,1.1340412,0.79573169,-0.61728395,0.5,2.6248683,3.9098383,3.8310303,0.13373629,0.076150806,-0.09195453,0.050250312,2.4653838,2.3091192,0.65979064,0.15,1.7521734,0.5,0.036655036,13.640691,2.4770991,32.30635,0.02899268,-0.23650384,-0.017586228,0.19321042,-5.4319377,2.0947292
1329,2329000.0,5.4148951,1.5180276,3.8968674,-0.25799921,1.0123454,1.161763,0.80555788,-0.61728395,0.5,2.9360078,4.0824194,4.0925202,0.63308384,-0.024164858,0.070276664,-0.017052824,2.7745539,2.6125402,0.6537584,0.15,1.7069778,0.5,0.036319911,13.766554,2.4766837,32.30635,-0.0068782994,-0.18150743,0.041116771,0.2744456,-0.11129839,-0.90709089
1330,2330000.0,5.4246256,1.5455063,3.8791193,-0.26337654,1.0306704,1.1947508,0.80352768,-0.61728395,0.5,2.9713866,4.1196047,4.1391378,0.6554172,0.025939564,0.37931932,0.078274547,2.8103395,2.6387342,0.65608698,0.15,1.7073265,0.5,0.036449277,13.717693,2.4904213,32.30635,-0.001952203,-0.21488401,-0.011746891,0.21463645,-3.8136372,1.9111806
1331,2331000.0,5.4565305,1.5219038,3.9346268,-0.23957703,1.0149303,1.1749422,0.79342729,-0.61728395,0.5,2.6580565,3.9305608,3.8955863,0.14802224,0.013803002,-0.27489385,0.019153397,2.4990338,2.3309194,0.65032736,0.15,1.654174,0.5,0.036129298,13.839184,2.4851602,32.30635,0.011111245,-0.1820291,0.027378352,0.11657189,0.36258633,-2.8722927
1332,2332000.0,5.4646436,1.558875,3.9057686,-0.26299933,1.0395858,1.1982313,0.81999991,-0.61728395,0.5,2.9635795,4.0784065,4.175936,0.63639598,0.015674564,-0.036833923,-0.073769717,2.799231,2.6299581,0.6464493,0.15,1.6336018,0.5,0.03591385,13.922206,2.4987362,32.30635,-0.029774045,-0.20393111,-0.0035121006,0.21722254,-1.0986783,10.029695
1333,2333000.0,5.4261113,1.5158121,3.9102992,-0.24817167,1.0108679,1.1852742,0.76936518,-0.61728395,0.5,2.7606565,3.9828955,4.0109089,0.28816513,-0.033714807,-0.13959897,-0.049232769,2.6064565,2.4306427,0.64191148,0.15,1.6315349,0.5,0.035661749,14.020625,2.4768654,32.30635,-0.0051933077,-0.11658461,-0.030197191,0.17689289,-1.2503782,0.53560555
1334,2334000.0,5.4305312,1.4992403,3.9312908,-0.2417274,0.9998165,1.1539677,0.78644331,-0.61728395,0.5,2.9744435,4.1696747,4.2051277,0.54852804,-0.0034949905,0.053428434,0.2025363,2.8168206,2.6531463,0.63706382,0.15,1.658934,0.5,0.035392434,14.127313,2.4807079,32.30635,0.033424756,-0.16562883,0.0084107599,0.14336803,-2.2882023,2.71002
1335,2335000.0,5.4744691,1.5392798,3.9351893,-0.24792001,1.0265181,1.1661242,0.83337157,-0.61728395,0.5,2.5944732,3.8528569,3.8828043,0.04775837,0.015122976,0.01013799,-0.080385339,2.4274447,2.2697913,0.63245676,0.15,1.6837529,0.5,0.035136486,14.230222,2.5077202,32.30635,-0.03229372,-0.23106309,-0.018063155,0.13652831,0.16089571,-2.007025
1336,2336000.0,5.448762,1.5370518,3.9117103,-0.24351385,1.0250323,1.1895304,0.79730479,-0.61728395,0.5,2.7005897,3.9401121,3.9509565,0.21070038,0.030103922,-0.20037833,0.024668802,2.5407899,2.3693908,0.63640119,0.15,1.6935824,0.5,0.035355622,14.142023,2.481919,32.30635,-0.010045104,-0.13081802,-0.017352895,0.19681818,3.3125224,2.1033287
1337,2337000.0,5.4843556,1.5472368,3.9371188,-0.23049335,1.0318245,1.2042449,0.79309664,-0.61728395,0.5,2.867098,4.1204011,4.0674213,0.41347163,-0.030348353,-0.18612385,0.027322518,2.7081416,2.5318022,0.64088889,0.15,1.721693,0.5,0.035604938,14.042996,2.4566871,32.30635,0.0099188666,-0.13633211,-0.011346857,0.1343505,2.546746,8.4247782
1338,2338000.0,5.4883281,1.5599333,3.9283949,-0.2546326,1.0402915,1.2266134,0.78225851,-0.61728395,0.5,2.8289362,4.0024873,4.0368023,0.44751901,0.048343465,0.23097874,0.054887177,2.6721521,2.4874124,0.64415214,0.15,1.6448799,0.5,0.03578623,13.971855,2.4841556,32.30635,-0.0011232179,-0.19466883,-0.0055028758,0.22811892,-3.5633684,-1.5339658
1339,2339000.0,5.4685629,1.5545259,3.9140369,-0.25854727,1.0366855,1.2114039,0.79476907,-0.61728395,0.5,2.7803449,3.9745344,4.0297541,0.33674621,-0.029408274,-0.10521932,0.032830371,2.6210533,2.4430558,0.65445538,0.15,1.6724629,0.5,0.036358632,13.751893,2.4845276,32.30635,0.0074800891,-0.21723718,0.016530951,0.17432869,-2.0557153,-0.84319396
1340,2340000.0,5.5108312,1.5348818,3.9759493,-0.23787883,1.0235852,1.1910787,0.79169532,-0.61728395,0.5,2.7065961,3.8812222,3.9735958,0.26497027,-0.0051406588,-0.19707396,0.073143587,2.5479205,2.3749661,0.65107214,0.15,1.718785,0.5,0.036170675,13.823353,2.4786391,32.30635,-0.017765363,-0.16591264,-0.0042979311,0.16277139,1.6510269,-3.1135019
1341,2341000.0,5.4978271,1.5585821,3.9392449,-0.24326583,1.0393905,1.2174308,0.79286137,-0.61728395,0.5,2.7640261,4.0471802,4.0169513,0.22794684,-0.026946274,-0.25073652,0.10746469,2.6051169,2.425059,0.64703454,0.15,1.7116635,0.5,0.035946364,13.909613,2.46652,32.30635,-0.0014793676,-0.20988163,0.010211154,0.15398294,-0.48636756,2.2474595
1342,2342000.0,5.5441537,1.5886308,3.9555228,-0.2461924,1.0594294,1.2335795,0.81832005,-0.61728395,0.5,2.5422511,3.8930735,3.821223,-0.087543085,-0.02901891,-0.27808101,-0.051739385,2.3782394,2.1987878,0.64521514,0.15,1.7053448,0.5,0.035845286,13.948836,2.5122989,32.30635,0.0053764819,-0.16046704,-0.029575232,0.17423867,-0.20609499,-3.3765245
1343,2343000.0,5.4835845,1.577222,3.9063626,-0.26404165,1.051821,1.2502275,0.77700916,-0.61728395,0.5,2.771239,4.0108675,4.0052459,0.29760354,-0.066945412,-0.0041506418,-0.028207516,2.6155069,2.4231404,0.64176777,0.15,1.6872292,0.5,0.035653765,14.023764,2.4773058,32.30635,0.0052333588,-0.20260709,-0.0041547043,0.16505962,2.9374845,-2.0811147
1344,2344000.0,5.5010729,1.5805196,3.9205533,-0.25441691,1.0540202,1.2528732,0.77858959,-0.61728395,0.5,2.7634349,3.9458205,4.0034088,0.34107548,-0.014873211,-0.05855379,0.020052332,2.6073861,2.4145997,0.64484043,0.15,1.6875067,0.5,0.035824468,13.956941,2.4818028,32.30635,-0.0041141553,-0.17989002,-0.0074180897,0.18630393,2.8799977,-0.13113044
1345,2345000.0,5.515269,1.5547491,3.9605198,-0.24291087,1.0368343,1.2093754,0.79794279,-0.61728395,0.5,2.3611876,3.7168209,3.6696965,-0.30295447,0.0062342283,0.051542754,-0.004741431,2.20126,2.0244634,0.64328675,0.15,1.6092317,0.5,0.035738153,13.99065,2.5003334,32.30635,-0.0045866283,-0.1954866,-0.0050812629,0.13957328,-2.6315411,-4.0091495
1346,2346000.0,5.5080483,1.5526687,3.9553796,-0.2663954,1.0354469,1.2133475,0.78910882,-0.61728395,0.5,2.4888515,3.737063,3.7947186,-0.065227127,-0.00071428556,0.11455663,-0.082580875,2.3306944,2.1510213,0.64806817,0.15,1.6233934,0.5,0.036003787,13.887428,2.4962603,32.30635,0.0035571565,-0.19511541,0.0048864761,0.21741056,-4.2604813,2.619342
1347,2347000.0,5.5032602,1.5638642,3.939396,-0.26454048,1.042913,1.2069955,0.81577671,-0.61728395,0.5,2.8932469,4.1219967,4.0736624,0.4840817,-0.031073061,-0.089399723,0.03573194,2.7297449,2.5571853,0.64599224,0.15,1.6441079,0.5,0.035888458,13.932056,2.4829801,32.30635,-0.0066524399,-0.14068777,-0.0065571634,0.27884662,-1.2596779,-1.4610866
1348,2348000.0,5.5067003,1.5722401,3.9344602,-0.25668293,1.0484987,1.2249175,0.80422937,-0.61728395,0.5,2.755489,3.9371414,4.0128586,0.31646704,0.028595497,0.1537735,0.021279592,2.5943013,2.4144374,0.64530764,0.15,1.67947,0.5,0.035850424,13.946836,2.5169989,32.30635,-0.010721941,-0.19804728,0.017340677,0.17194615,-3.381395,3.2274398
1349,2349000.0,5.5263098,1.6231023,3.9032075,-0.25224173,1.0824178,1.2620847,0.83366244,-0.61728395,0.5,2.6964268,3.9681628,3.9331025,0.1880152,0.017615544,0.28478648,0.034160212,2.52934,2.3450268,0.64487167,0.15,1.6852136,0.5,0.035826204,13.956265,2.4821523,32.30635,0.027702782,-0.17853884,0.0027887915,0.18075652,-3.0933101,-5.9459486
1350,2350000.0,5.5217007,1.5701427,3.9515581,-0.27036012,1.0471,1.2026446,0.83182761,-0.61728395,0.5,2.5753973,3.8118972,3.8774586,0.036835934,-0.030745775,0.19136492,-0.16827038,2.4086782,2.240547,0.64224733,0.15,1.7071159,0.5,0.035680407,14.013293,2.4761449,32.30635,0.011676625,-0.23032185,0.0069584853,0.1680245,3.7769779,-7.9013786
1351,2351000.0,5.5134939,1.5626864,3.9508075,-0.26538272,1.0421275,1.2021435,0.82063975,-0.61728395,0.5,2.9253677,4.0654169,4.1515707,0.55911544,0.021162429,0.0080536066,0.051568264,2.760891,2.590657,0.64231728,0.15,1.7120341,0.5,0.035684293,14.011767,2.4847084,32.30635,-0.017087922,-0.2022865,0.0019925493,0.13256003,0.9237577,6.9815351
1352,2352000.0,5.5037625,1.5441332,3.9596293,-0.25170634,1.0297548,1.1810833,0.82032592,-0.61728395,0.5,2.7141578,3.9501808,3.9393863,0.25290628,-0.040259952,-0.12628873,0.12092596,2.549744,2.3853109,0.64325586,0.15,1.6500757,0.5,0.035736437,13.991322,2.4823064,32.30635,0.003518053,-0.23139456,-0.011158964,0.15962251,-2.1755548,-2.4969134
1353,2353000.0,5.4989946,1.5721188,3.9268759,-0.24831832,1.0484178,1.2049864,0.83172405,-0.61728395,0.5,2.7585898,3.9578485,4.0100504,0.30787043,-0.019372126,0.17881676,-0.021720602,2.5918915,2.4230876,0.6449037,0.15,1.6861217,0.5,0.035827983,13.955572,2.4903767,32.30635,0.0065974127,-0.18796495,0.0037268328,0.16956927,-3.0231292,1.3932737
1354,2354000.0,5.5050752,1.5701788,3.9348963,-0.22451916,1.0471241,1.198775,0.83726088,-0.61728395,0.5,2.9730608,4.0905533,4.1567111,0.67191795,0.0095368083,0.037409196,0.12141808,2.8052528,2.639288,0.64740273,0.15,1.6913098,0.5,0.035966819,13.901702,2.491096,32.30635,-0.030034246,-0.18769943,0.0033816904,0.22600339,-1.7541715,-0.61144299
1355,2355000.0,5.4736737,1.5757993,3.8978744,-0.25204255,1.0508723,1.2275413,0.80625707,-0.61728395,0.5,2.9096587,4.0779836,4.0505515,0.60044102,0.033659347,-0.15083692,0.23332456,2.7480647,2.5678766,0.64469051,0.15,1.661822,0.5,0.035816139,13.960187,2.4659513,32.30635,0.0016805101,-0.19047425,0.021233216,0.19041491,1.6234584,-0.6143824
1356,2356000.0,5.4882484,1.5512729,3.9369754,-0.25419006,1.0345161,1.2121804,0.78850567,-0.61728395,0.5,2.6038663,3.9437303,3.8154069,0.052461643,-0.0025709982,-0.039721185,0.063287303,2.44583,2.266361,0.64518209,0.15,1.6001997,0.5,0.035843449,13.94955,2.4985473,32.30635,-0.0076200373,-0.10742228,0.028942923,0.17213363,-2.2401467,0.39800295
1357,2357000.0,5.4878936,1.556152,3.9317416,-0.27079715,1.0377699,1.1827041,0.8372301,-0.61728395,0.5,2.8034971,3.9561634,4.0497351,0.40459291,0.048081088,-0.069816832,-0.064866411,2.6356953,2.4741989,0.6455827,0.15,1.6104608,0.5,0.035865706,13.940894,2.4777082,32.30635,-0.027408308,-0.16638365,0.0046376428,0.17674018,-2.4524789,7.7386906
1358,2358000.0,5.468835,1.5291797,3.9396553,-0.26511309,1.0197825,1.1845907,0.79162029,-0.61728395,0.5,2.7022037,3.8644525,3.8933481,0.34881039,-0.00025244741,-0.17650139,0.10334896,2.5435432,2.3723802,0.65270805,0.15,1.677123,0.5,0.036261558,13.788707,2.519732,32.30635,0.010159835,-0.19170434,-0.016493562,0.24227317,4.219416,2.4821566
1359,2359000.0,5.4780628,1.5243801,3.9536828,-0.24322983,1.0165817,1.1750364,0.79724324,-0.61728395,0.5,2.7757561,3.9772351,4.0030738,0.34695941,0.020133039,-0.34570787,-0.08099444,2.6159686,2.4485928,0.65167528,0.15,1.7256635,0.5,0.036204182,13.810559,2.4845788,32.30635,-0.020015578,-0.19078117,0.013911543,0.20305682,1.6685623,-1.0826261
1360,2360000.0,5.4702729,1.5120458,3.9582271,-0.23584221,1.0083562,1.1727268,0.78079311,-0.61728395,0.5,2.8331224,4.0699524,4.0798648,0.34954998,0.005877042,-0.43736798,0.020144039,2.6766319,2.5066021,0.65277246,0.15,1.6911005,0.5,0.036265136,13.787346,2.508328,32.30635,0.0066958509,-0.20963095,0.00073214971,0.15546999,2.3036377,2.3272464
1361,2361000.0,5.4473945,1.5408063,3.9065881,-0.26610098,1.0275361,1.1861666,0.8079618,-0.61728395,0.5,2.8665857,4.018361,4.0896038,0.4917923,-0.033824785,-0.33634892,0.033924693,2.70465,2.5363234,0.65103123,0.15,1.7313558,0.5,0.036168401,13.824222,2.485114,32.30635,-0.010583253,-0.17243597,0.017566668,0.16989366,0.83924946,3.7445065
1362,2362000.0,5.4785429,1.5540331,3.9245098,-0.23789932,1.0363568,1.199095,0.81108293,-0.61728395,0.5,2.7894218,3.9391222,4.029284,0.39985918,0.010475775,-0.15641455,-0.022462664,2.6268605,2.4555599,0.65275669,0.15,1.6888327,0.5,0.03626426,13.78768,2.4900077,32.30635,-0.025116423,-0.25069396,-0.0024940681,0.19459198,0.10209565,1.0920095
1363,2363000.0,5.4587909,1.5470042,3.9117867,-0.23984853,1.0316694,1.1933652,0.80783984,-0.61728395,0.5,2.7284695,3.9656855,3.965551,0.25417202,-0.012205762,-0.084745834,-0.088779119,2.5665582,2.3962029,0.65471781,0.15,1.7094323,0.5,0.036373212,13.74638,2.5053896,32.30635,0.014394913,-0.19794508,0.00081253095,0.16387955,2.5384295,5.1282337
1364,2364000.0,5.4608529,1.5304857,3.9303673,-0.22619146,1.0206534,1.1845802,0.79371627,-0.61728395,0.5,2.9400163,4.1616936,4.1270374,0.53131781,0.0060243704,-0.20728647,-0.096706996,2.7809357,2.6101957,0.64508805,0.15,1.693496,0.5,0.035838225,13.951584,2.4718052,32.30635,0.008576136,-0.15336855,0.012987951,0.18770267,5.158411,-2.7601421
1365,2365000.0,5.4800613,1.52778,3.9522814,-0.23916955,1.0188491,1.1701441,0.8094584,-0.61728395,0.5,2.9810606,4.0664094,4.1857691,0.69100338,-0.044141683,-0.092926156,0.039358872,2.8188249,2.6552594,0.64529007,0.15,1.7267597,0.5,0.035849448,13.947216,2.4701509,32.30635,0.0070898839,-0.18665335,0.016808352,0.19373031,4.9303005,4.3402423
1366,2366000.0,5.4657765,1.5560738,3.9097027,-0.24398726,1.0377177,1.196582,0.8178265,-0.61728395,0.5,2.8999892,4.1506603,4.0753544,0.47395309,0.012508311,-0.0092503324,0.042398658,2.7360764,2.566827,0.6455078,0.15,1.7388506,0.5,0.035861544,13.942512,2.4830197,32.30635,8.6175442e-05,-0.16775919,0.050859224,0.19787008,-1.8621433,0.15943756
1367,2367000.0,5.4533029,1.524177,3.9291259,-0.2784613,1.0164463,1.1822176,0.78694354,-0.61728395,0.5,2.6709604,3.9189131,3.9044651,0.18950286,-0.032021642,-0.080620598,-0.13133414,2.5132372,2.3417976,0.65164436,0.15,1.7335324,0.5,0.036202464,13.811214,2.4680007,32.30635,0.0061183107,-0.15064013,0.0064080185,0.183312,-3.7053191,-0.8420523
1368,2368000.0,5.4168897,1.5252502,3.8916395,-0.26852032,1.017162,1.1893193,0.77878838,-0.61728395,0.5,2.9231617,4.0701288,4.1052108,0.59414546,-0.0063338535,-0.36708061,-0.063744815,2.767073,2.5920216,0.65381469,0.15,1.7609529,0.5,0.036323038,13.765368,2.4740423,32.30635,-0.044798168,-0.19553837,0.01885831,0.21832095,0.75016241,5.9328656
1369,2369000.0,5.4515211,1.4958902,3.9556309,-0.25126698,0.99758236,1.1505307,0.7858785,-0.61728395,0.5,2.4363104,3.6786552,3.7599248,-0.12964886,-0.063102728,0.04895787,0.015837315,2.2788007,2.1159701,0.64939432,0.15,1.7197406,0.5,0.036077462,13.859068,2.4820162,32.30635,0.0051172749,-0.17866917,0.0077490912,0.19163022,2.6682485,-2.8806447
1370,2370000.0,5.4180896,1.5344514,3.8836381,-0.27133422,1.0232982,1.1796987,0.80681839,-0.61728395,0.5,2.9255712,4.0942315,4.0817504,0.60073173,-0.020850458,0.092582241,0.075864985,2.7638646,2.5971098,0.6524304,0.15,1.7516119,0.5,0.036246134,13.794575,2.4981542,32.30635,-0.0051931393,-0.1604213,0.044687354,0.21949246,-0.0050371194,5.1389335
1371,2371000.0,5.4294001,1.5130394,3.9163608,-0.25240433,1.0090188,1.1662483,0.79137654,-0.61728395,0.5,2.7123569,3.9369015,3.9589927,0.24117651,0.0011065726,-0.1745705,0.066319547,2.5537453,2.3876404,0.65133601,0.15,1.7172305,0.5,0.036185334,13.817753,2.4967208,32.30635,-0.0048227274,-0.22127337,-0.0013968518,0.25486518,1.5915707,3.7406378
1372,2372000.0,5.4480855,1.5179028,3.9301827,-0.25563252,1.0122621,1.1784879,0.78212482,-0.61728395,0.5,2.5019797,3.8050979,3.7920787,-0.091237365,-0.064745776,0.0021919577,0.086287324,2.3452224,2.1738554,0.64414416,0.15,1.6986201,0.5,0.035785787,13.972028,2.4891101,32.30635,0.0063121332,-0.17664443,0.0017873624,0.17082802,0.52232313,0.37577343
1373,2373000.0,5.4093412,1.5096094,3.8997318,-0.25385241,1.0067315,1.1659297,0.7863524,-0.61728395,0.5,2.7321154,3.9610181,3.9848859,0.25044219,0.020018382,0.019366006,0.13106195,2.5745107,2.4074877,0.64558508,0.15,1.6975756,0.5,0.035865838,13.940843,2.4770425,32.30635,0.0011532279,-0.21440648,-0.0070899707,0.18839751,0.27236643,3.6403835
1374,2374000.0,5.3980768,1.4934252,3.9046517,-0.25979026,0.99593846,1.1655217,0.76112433,-0.61728395,0.5,2.7619773,3.9616016,3.9323792,0.39195099,0.014519621,0.041733343,-0.0041110535,2.6094289,2.4374631,0.64547398,0.15,1.6859109,0.5,0.035859666,13.943242,2.4757836,32.30635,-0.0053872675,-0.20026586,3.0211191e-05,0.19695516,-3.7818608,3.5082158
1375,2375000.0,5.4443103,1.5428839,3.9014263,-0.23354655,1.0289216,1.1973822,0.79569262,-0.61728395,0.5,2.4503522,3.7419694,3.7684703,-0.15938292,-0.062496746,0.007653892,0.04812704,2.2908756,2.1169672,0.64860895,0.15,1.6926827,0.5,0.036033831,13.875849,2.500851,32.30635,-0.012717675,-0.20259175,0.012989905,0.19595777,0.56900823,-5.9564071
1376,2376000.0,5.4144463,1.5403446,3.8741017,-0.27178727,1.0272282,1.1924784,0.79845757,-0.61728395,0.5,2.951244,4.0793332,4.1709419,0.60345707,0.010232875,0.061432366,-0.039254618,2.7912132,2.6192244,0.6496297,0.15,1.699116,0.5,0.036090539,13.854046,2.4966049,32.30635,-0.0075128907,-0.19464829,-0.0051682312,0.23625918,-2.6405923,0.66154278
1377,2377000.0,5.458995,1.5393501,3.9196449,-0.25328025,1.026565,1.1934417,0.79553426,-0.61728395,0.5,2.6256707,3.8351607,3.8936806,0.14817071,0.00252514,0.017632302,0.23281156,2.4662257,2.2933828,0.64867111,0.15,1.7250094,0.5,0.036037284,13.874519,2.4987547,32.30635,-0.035673386,-0.22436552,-0.018362471,0.1459936,0.63051892,-2.5769783
1378,2378000.0,5.4140495,1.5137395,3.9003101,-0.260905,1.0094857,1.1682872,0.78965992,-0.61728395,0.5,2.6242088,3.893099,3.9213161,0.058211281,0.013260155,-0.17228464,0.091591621,2.4659412,2.2989247,0.64827477,0.15,1.7276541,0.5,0.036015265,13.883002,2.4933695,32.30635,-0.020129621,-0.29015291,0.051476192,0.14681136,2.214753,1.1154213
1379,2379000.0,5.4154351,1.5274075,3.8880276,-0.2577479,1.0186007,1.1773444,0.79886224,-0.61728395,0.5,2.6263882,3.8838215,3.846699,0.14864397,-0.042892562,0.16821509,-0.066200644,2.4662762,2.2985822,0.65191008,0.15,1.7099253,0.5,0.036217227,13.805585,2.5034871,32.30635,0.032093344,-0.20939795,-0.014346681,0.24390396,-4.2608536,-0.42596332
1380,2380000.0,5.4178023,1.5316483,3.886154,-0.25522884,1.0214288,1.1852307,0.79466572,-0.61728395,0.5,2.697813,3.9870708,3.9060449,0.20032328,-0.021610375,0.026842882,-0.0013156697,2.5385421,2.3678113,0.64675664,0.15,1.6783993,0.5,0.035930924,13.91559,2.4705391,32.30635,-0.023298777,-0.19647673,0.014105466,0.19712149,-0.67059462,-3.0754964
1381,2381000.0,5.4181806,1.5238677,3.8943129,-0.25354825,1.0162401,1.1725067,0.79994081,-0.61728395,0.5,2.8470376,4.0590525,4.0471191,0.43494113,-0.01468429,-0.07076487,-0.064543796,2.6867095,2.5205786,0.64762263,0.15,1.6917285,0.5,0.035979035,13.896982,2.4750817,32.30635,0.01333466,-0.21642338,0.018317485,0.18424014,-2.3276486,-2.8845122
1382,2382000.0,5.4164955,1.5206955,3.8958,-0.27215901,1.0141245,1.1960008,0.76224711,-0.61728395,0.5,2.6984331,3.9299832,3.9461452,0.21917088,-0.014262202,-0.10184393,0.098215358,2.5456597,2.3654327,0.6449214,0.15,1.7470969,0.5,0.035828967,13.955189,2.4867132,32.30635,0.0032452982,-0.17979499,-0.011204992,0.16411679,0.39144238,5.9524353
1383,2383000.0,5.4468057,1.5213123,3.9254934,-0.24159094,1.0145359,1.165517,0.80557799,-0.61728395,0.5,2.4673854,3.7604746,3.7504204,-0.10873883,-0.010854505,-0.18834573,-0.04467172,2.3059274,2.1428725,0.64414956,0.15,1.7442746,0.5,0.035786087,13.97191,2.507166,32.30635,-0.016413386,-0.18658846,-0.0054561488,0.1117458,2.3001461,-2.5072164
1384,2384000.0,5.4438756,1.5375163,3.9063593,-0.2662785,1.025342,1.1927776,0.79353419,-0.61728395,0.5,2.7786878,3.9936761,3.976944,0.36544342,0.0063395847,-0.14442503,-0.028583864,2.6196437,2.4465849,0.64539002,0.15,1.7538375,0.5,0.035855001,13.945056,2.475788,32.30635,0.019474611,-0.23653571,0.002161357,0.22116811,-0.44959509,3.5447024
1385,2385000.0,5.4470515,1.5307335,3.916318,-0.25236341,1.0208187,1.1768584,0.80483838,-0.61728395,0.5,2.8327713,4.0287076,4.066342,0.40326423,-0.10050214,-0.21337094,-0.022572594,2.6714615,2.5051007,0.64758114,0.15,1.6891586,0.5,0.03597673,13.897872,2.4743563,32.30635,-0.020157648,-0.20693514,0.00016542334,0.15716473,-2.0261638,2.9944107
1386,2386000.0,5.4640291,1.5598868,3.9041422,-0.25703593,1.0402606,1.1921074,0.83011982,-0.61728395,0.5,2.7433,3.9541369,4.0121782,0.26358493,-0.022250343,0.072213251,-0.070019895,2.5769233,2.4113836,0.65405304,0.15,1.6813744,0.5,0.03633628,13.760352,2.5045365,32.30635,0.036525743,-0.20432631,-0.0096789745,0.17440136,-2.6346857,0.01948984
1387,2387000.0,5.4410121,1.527202,3.9138101,-0.25033315,1.0184637,1.1787804,0.79653975,-0.61728395,0.5,2.6567564,3.8841887,3.9477591,0.13832153,-0.027412566,0.088814427,-0.2389346,2.49711,2.3285507,0.65414288,0.15,1.7193878,0.5,0.036341271,13.758462,2.4763177,32.30635,-0.025637348,-0.24115545,0.03325758,0.18395661,-2.8753943,3.1127834
1388,2388000.0,5.3888326,1.5370446,3.851788,-0.28163244,1.0250275,1.1859915,0.80220953,-0.61728395,0.5,2.7167066,3.9134294,3.9502188,0.28647165,-0.051283616,0.10707014,-0.029191786,2.5559238,2.3864931,0.65969923,0.15,1.7437326,0.5,0.036649957,13.642581,2.532289,32.30635,0.0050731708,-0.17704137,0.0089215124,0.20312786,-1.5960366,4.1025431
1389,2389000.0,5.4338435,1.551031,3.8828125,-0.24980744,1.0343547,1.1956253,0.81111811,-0.61728395,0.5,2.5944028,3.9003748,3.8851372,-0.0023035367,0.020958152,-0.12001018,-0.098956913,2.4318345,2.261507,0.65498963,0.15,1.7070706,0.5,0.036388313,13.740676,2.4918401,32.30635,0.024598825,-0.14395224,0.016305224,0.18546523,0.48137687,-5.3632708
1390,2390000.0,5.4248886,1.5341318,3.8907567,-0.25243357,1.023085,1.180543,0.80513617,-0.61728395,0.5,2.9181119,4.0597141,4.0993589,0.59526258,0.049976962,-0.051475006,0.0073622816,2.7567425,2.5894154,0.65597293,0.15,1.6837817,0.5,0.036442941,13.720078,2.4762429,32.30635,-0.004303188,-0.16234185,0.012240221,0.18952882,-0.42030696,5.1421997
1391,2391000.0,5.4239939,1.5221177,3.9018761,-0.2626858,1.015073,1.1527243,0.82463317,-0.61728395,0.5,2.8400556,4.0699685,4.0983323,0.35186602,-0.0096341693,-0.47227917,-0.0045242457,2.6747785,2.5191046,0.65452971,0.15,1.6922238,0.5,0.036362762,13.750331,2.4824575,32.30635,0.0043806901,-0.18734608,0.013948419,0.10496939,-0.44763442,-2.7899618
1392,2392000.0,5.4168455,1.5195156,3.8973299,-0.27017483,1.0133377,1.1722293,0.79338983,-0.61728395,0.5,2.5539745,3.8374884,3.8325753,-0.0081402391,0.00083572798,-0.13378133,-0.052473839,2.3949593,2.2275928,0.64512309,0.15,1.7590297,0.5,0.035840172,13.950826,2.486818,32.30635,-0.011509167,-0.20128682,0.027451795,0.14109844,-4.2382074,1.8516199
1393,2393000.0,5.4390378,1.4980519,3.940986,-0.25213787,0.99902392,1.1369122,0.80824246,-0.61728395,0.5,2.7893817,4.0373933,4.0065872,0.32416468,0.0010416896,-0.25858503,0.1510016,2.6273897,2.4728333,0.6418496,0.15,1.755871,0.5,0.035658311,14.021977,2.4711312,32.30635,0.0072849582,-0.24780457,0.015219972,0.17909016,0.81023474,-1.5060555
1394,2394000.0,5.3858782,1.5003679,3.8855103,-0.25639204,1.0005685,1.1603066,0.7794346,-0.61728395,0.5,2.7750919,3.9857032,3.9881469,0.35142561,-0.021648236,0.21576461,0.046116974,2.6188737,2.4520298,0.64202296,0.15,1.7644731,0.5,0.035667942,14.01819,2.4699595,32.30635,-0.046041524,-0.21573378,0.0045677354,0.13417232,1.0778927,-0.35236254
1395,2395000.0,5.4001822,1.5081989,3.8919832,-0.24705836,1.0057908,1.1517442,0.80381061,-0.61728395,0.5,2.8218044,4.0581712,4.0715809,0.33566091,-0.0021391509,0.0015792409,-0.058950224,2.6607006,2.5011262,0.643005,0.15,1.7420353,0.5,0.0357225,13.996781,2.4730927,32.30635,-0.0028895204,-0.21410264,0.012424979,0.19953209,4.0438542,2.8059062
1396,2396000.0,5.403175,1.5099475,3.8932275,-0.25951429,1.0069569,1.1630079,0.79095014,-0.61728395,0.5,2.7991751,4.0126898,4.0621585,0.32267709,0.0017789023,-0.032176695,-0.031610901,2.640649,2.4753609,0.64705989,0.15,1.7846276,0.5,0.035947772,13.909068,2.4914224,32.30635,-0.0020266699,-0.20322974,0.0084290009,0.22198042,-2.4203778,1.5980279
1397,2397000.0,5.4033552,1.523113,3.8802422,-0.27035411,1.0157367,1.1791412,0.78952131,-0.61728395,0.5,2.7293918,3.9241524,3.9720048,0.29201813,-0.018286955,0.096927696,-0.011895499,2.571152,2.4010856,0.65222667,0.15,1.7825146,0.5,0.036234815,13.798884,2.470125,32.30635,0.019677841,-0.19458058,0.019673373,0.18976886,-1.9139421,1.7011066
1398,2398000.0,5.3847887,1.5426213,3.8421675,-0.27150916,1.0287465,1.1937138,0.80036999,-0.61728395,0.5,2.6150173,3.8280348,3.9373108,0.079706318,0.032953025,0.15232125,0.16493505,2.4546032,2.2826537,0.65671634,0.15,1.7363582,0.5,0.036484241,13.704547,2.479435,32.30635,-0.0097700835,-0.22258035,-0.0078493749,0.20668911,-1.6997163,-1.5479078
1399,2399000.0,5.423656,1.5158342,3.9078218,-0.27112212,1.0108826,1.1634697,0.79969089,-0.61728395,0.5,2.6956855,3.914147,3.957344,0.21556559,-0.019112476,0.18761326,0.0080826066,2.5354075,2.3717427,0.65729572,0.15,1.7346653,0.5,0.036516429,13.692467,2.4706069,32.30635,-0.018028029,-0.21344943,-0.0096662404,0.18812959,-0.58498897,-0.72807586
1400,2400000.0,5.4142969,1.533318,3.8809789,-0.2521616,1.0225423,1.1880111,0.79346439,-0.61728395,0.5,2.7413964,3.9683445,3.984677,0.27116772,0.020796984,-0.11806982,-0.083702658,2.5823663,2.4106206,0.65271913,0.15,1.7214684,0.5,0.036262174,13.788473,2.4828004,32.30635,0.022056853,-0.19636827,0.044682022,0.17767309,-0.78394802,3.0933228
1401,2401000.0,5.3945289,1.5107574,3.8837715,-0.2474745,1.007497,1.1765014,0.77349592,-0.61728395,0.5,2.9036239,4.04085,4.1253694,0.54465245,0.017003133,0.021340798,0.0045497455,2.748596,2.5760527,0.65028352,0.15,1.7444047,0.5,0.036126862,13.840117,2.4810001,32.30635,0.010146787,-0.15372655,-0.011310653,0.19186829,0.56933989,5.2254027
1402,2402000.0,5.4263823,1.5314281,3.8949542,-0.26160216,1.021282,1.1670419,0.81958245,-0.61728395,0.5,2.5559303,3.7661244,3.9318985,-0.030231941,-0.024937017,-0.16611392,0.068869383,2.3916655,2.2309929,0.65082475,0.15,1.7634038,0.5,0.036156931,13.828607,2.4945431,32.30635,0.0071772652,-0.15389328,-0.0047530924,0.193543,4.6189492,-4.4995151
1403,2403000.0,5.4329442,1.5499725,3.8829716,-0.28849521,1.0336489,1.1883907,0.81948147,-0.61728395,0.5,2.7484661,4.0025658,3.9853676,0.25746478,-0.02629424,0.18096097,-0.044803733,2.5842215,2.4175846,0.64938252,0.15,1.792724,0.5,0.036076807,13.85932,2.5046877,32.30635,-0.026779389,-0.18745649,-0.020241607,0.17604126,-1.0180972,-0.48894693
1404,2404000.0,5.4207523,1.498945,3.9218073,-0.26310451,0.99961957,1.1530849,0.78719914,-0.61728395,0.5,2.6931275,3.878548,3.9865832,0.2142512,0.034160604,-0.15283425,-0.18998812,2.5353531,2.3720761,0.64539789,0.15,1.7804129,0.5,0.035855438,13.944886,2.4901389,32.30635,0.025492431,-0.19792089,-0.0097791472,0.14637597,-0.67482524,-2.6747042
1405,2405000.0,5.4074693,1.5521953,3.855274,-0.27247676,1.0351312,1.2075558,0.79640008,-0.61728395,0.5,2.6753916,3.8632638,3.9258031,0.23710771,0.035103798,0.0017324278,0.0084705229,2.5157731,2.3391739,0.65103954,0.15,1.7455749,0.5,0.036168863,13.824045,2.4938273,32.30635,-0.0088525764,-0.17652374,-0.025183088,0.19979859,-3.4553951,0.12034098
1406,2406000.0,5.4051435,1.4946287,3.9105149,-0.25447791,0.99674105,1.143043,0.79426962,-0.61728395,0.5,2.6874394,3.9256629,3.9201917,0.21646347,-0.015519235,0.068756458,-0.04777124,2.5282479,2.3691839,0.64804749,0.15,1.7348771,0.5,0.036002638,13.887871,2.496267,32.30635,0.0041369948,-0.30700633,0.009885374,0.12786263,1.0847406,1.2098939
1407,2407000.0,5.4334827,1.5391456,3.8943371,-0.26422042,1.0264286,1.1728691,0.82378766,-0.61728395,0.5,2.8738296,3.9643618,4.1000586,0.55706852,0.0032264497,-0.11024247,0.012305872,2.708722,2.5472698,0.65121923,0.15,1.7077196,0.5,0.036178846,13.820231,2.4788046,32.30635,-0.027004698,-0.15274295,0.0063832273,0.16771389,-4.1495583,3.1750724
1408,2408000.0,5.4369772,1.5478815,3.8890957,-0.26220772,1.0322544,1.2039079,0.79459225,-0.61728395,0.5,2.8122587,4.0007378,4.0774528,0.35858542,0.030844609,-0.048653946,0.053363979,2.6530025,2.4770567,0.65589464,0.15,1.7314463,0.5,0.036438591,13.721716,2.4710718,32.30635,0.022857624,-0.19881174,0.003027649,0.15185818,-1.5708795,9.7789286
1409,2409000.0,5.3730241,1.4914211,3.881603,-0.25523174,0.99460198,1.1538975,0.77407835,-0.61728395,0.5,2.7671996,4.0070044,3.9217394,0.37285492,0.0042620508,-0.0030359394,0.036249427,2.6120549,2.4459219,0.65531166,0.15,1.743526,0.5,0.036406203,13.733923,2.4764004,32.30635,-0.024605497,-0.26531621,0.0053712578,0.13978577,0.80938647,5.7167499
1410,2410000.0,5.4258904,1.5072583,3.9186321,-0.25463901,1.0051635,1.1734799,0.77211639,-0.61728395,0.5,2.7921278,4.0010728,4.0109725,0.36433825,-0.0072542657,-0.10680353,-0.09600055,2.6373764,2.4653979,0.65585932,0.15,1.7381519,0.5,0.036436629,13.722455,2.4905467,32.30635,0.0006302906,-0.17767286,0.024237587,0.16859878,3.3461213,-0.17186348
1411,2411000.0,5.40408,1.5257486,3.8783313,-0.27841898,1.0174944,1.1591303,0.82152104,-0.61728395,0.5,2.699347,3.9488027,3.9498235,0.19941484,-0.055360411,-0.099215311,-0.051157128,2.5346937,2.3766124,0.6528026,0.15,1.7255051,0.5,0.036266811,13.78671,2.4729962,32.30635,-0.012363643,-0.15473692,-0.0024027185,0.15357,1.01244,3.9584138
1412,2412000.0,5.4475689,1.51899,3.9285789,-0.24277557,1.0129872,1.1596319,0.81005213,-0.61728395,0.5,2.596485,3.8342912,3.8758063,0.079357488,-0.020700789,-0.15176479,-0.025683632,2.4341303,2.2736107,0.64659698,0.15,1.7317724,0.5,0.035922054,13.919026,2.480335,32.30635,-0.0059732453,-0.21130188,0.020007332,0.21503781,-2.9206331,-4.3773397
1413,2413000.0,5.4308847,1.5153301,3.9155546,-0.25128934,1.0105465,1.1586715,0.80555313,-0.61728395,0.5,2.573607,3.8687334,3.8714872,-0.019399553,-0.048642004,-0.03347714,-0.068119296,2.412154,2.2510001,0.64510864,0.15,1.7138533,0.5,0.035839369,13.951139,2.4883102,32.30635,0.00027962637,-0.2102318,0.013722717,0.13416365,-3.1819945,-2.8847268
1414,2414000.0,5.4093528,1.5535282,3.8558247,-0.2611073,1.0360201,1.2061271,0.80050922,-0.61728395,0.5,2.905325,4.0356858,4.1656706,0.51461866,0.072613105,-0.18460631,-0.041395139,2.744883,2.5695052,0.64886095,0.15,1.6757597,0.5,0.036047831,13.87046,2.4868753,32.30635,0.013993597,-0.18125006,0.0088011834,0.1573348,-0.52893316,0.93647026
1415,2415000.0,5.4447551,1.5359223,3.9088329,-0.26013166,1.024279,1.1723236,0.81940801,-0.61728395,0.5,2.6706407,3.8481099,3.9061579,0.25765428,-0.032585167,-0.19893516,-0.042856572,2.5064109,2.3442327,0.6577198,0.15,1.6736508,0.5,0.036539989,13.683639,2.4953331,32.30635,0.0058226344,-0.14581655,-0.0040453509,0.25144624,0.8444909,3.6412276
1416,2416000.0,5.4192652,1.5374221,3.8818431,-0.26821933,1.0252792,1.1826964,0.80738868,-0.61728395,0.5,2.9145431,4.0822811,4.1261813,0.53516706,-0.075365875,0.21940337,-0.059132803,2.7527223,2.5852471,0.66445232,0.15,1.691417,0.5,0.036914018,13.54499,2.4968556,32.30635,0.01600988,-0.24217632,-0.0026745586,0.25383969,-2.2141569,7.1299537
1417,2417000.0,5.4186608,1.5611791,3.8574817,-0.26064218,1.0411224,1.2169342,0.79769041,-0.61728395,0.5,2.8383773,4.0877919,4.0544021,0.37293777,-0.018077083,-0.086778227,-0.16429768,2.6785002,2.4995484,0.66490775,0.15,1.6970078,0.5,0.036939319,13.535712,2.5158311,32.30635,0.011432604,-0.17932422,-0.018543415,0.20932741,2.2149143,0.36001332
1418,2418000.0,5.4411572,1.5397685,3.9013887,-0.27016499,1.026844,1.2024498,0.7836873,-0.61728395,0.5,2.9383873,4.1356655,4.1498036,0.52969284,0.016965431,-0.2235822,-0.022351249,2.7813168,2.6035913,0.65777702,0.15,1.6874891,0.5,0.036543168,13.682448,2.4994451,32.30635,0.020312836,-0.15458645,0.031074244,0.14601124,1.5801705,-1.3002926
1419,2419000.0,5.4666732,1.5683086,3.8983645,-0.26270906,1.0458769,1.211628,0.81642491,-0.61728395,0.5,2.9052946,4.0574625,4.1417744,0.51664689,0.014162758,-0.034978884,-0.046725501,2.7416626,2.5679431,0.65315308,0.15,1.6677801,0.5,0.036286282,13.779312,2.5063148,32.30635,0.013677038,-0.18946143,-0.012783748,0.1696424,0.79888991,2.0421763
1420,2420000.0,5.4414222,1.5363566,3.9050656,-0.26282553,1.0245686,1.1900035,0.7955395,-0.61728395,0.5,2.5960082,3.8088251,3.8052858,0.17391357,-0.026610338,-0.11960599,0.10476673,2.4365622,2.2646776,0.645375,0.15,1.6793414,0.5,0.035854167,13.945381,2.4880018,32.30635,0.0058469443,-0.22019746,0.01299076,0.26883622,2.2453624,0.78237639
1421,2421000.0,5.4461827,1.5435223,3.9026604,-0.25129415,1.0293474,1.1799712,0.82089722,-0.61728395,0.5,2.5868749,3.8296584,3.8763031,0.054663248,0.029834312,-0.098350499,0.024156257,2.4223466,2.2583376,0.63397561,0.15,1.6690313,0.5,0.035220867,14.19613,2.4828033,32.30635,-0.016689661,-0.19301249,-0.025037314,0.14583068,-1.9190526,-4.569273
1422,2422000.0,5.425126,1.5141224,3.9110036,-0.25800707,1.0097411,1.1772193,0.77786182,-0.61728395,0.5,2.8536078,4.0867408,4.0387675,0.43531505,-0.030269636,0.10695816,0.19826217,2.6977048,2.5258367,0.63432065,0.15,1.7204646,0.5,0.035240036,14.188408,2.4727271,32.30635,0.0079038799,-0.14947699,0.0052605031,0.19057795,-3.9335651,-1.2457008
1423,2423000.0,5.4574147,1.5210823,3.9363324,-0.26152823,1.0143825,1.1771343,0.78907283,-0.61728395,0.5,2.6945702,3.8610309,3.9612847,0.26139512,0.0032626313,-0.0051793693,-0.014742499,2.5364203,2.3668228,0.63576944,0.15,1.6746196,0.5,0.035320525,14.156075,2.4744451,32.30635,-0.0068379004,-0.23300969,0.044346136,0.19478377,-4.4668296,-3.041122
1424,2424000.0,5.4229149,1.5196204,3.9032945,-0.26663865,1.0134076,1.1892717,0.76988156,-0.61728395,0.5,2.7886728,3.9726273,3.9748869,0.41850407,0.04368049,0.12561832,0.10307137,2.6343692,2.4575459,0.64468955,0.15,1.6662046,0.5,0.035816086,13.960208,2.4762331,32.30635,0.013366542,-0.24091889,-0.019496521,0.17511652,2.2754648,3.3428814
1425,2425000.0,5.4465517,1.5610224,3.8855293,-0.26464561,1.0410179,1.2075653,0.81045579,-0.61728395,0.5,2.8273571,4.0302895,4.0581884,0.39359352,-0.033040581,0.053210342,0.1216964,2.6649215,2.4911369,0.65912593,0.15,1.6564121,0.5,0.036618107,13.654447,2.4804707,32.30635,-0.017426179,-0.19385263,0.011784066,0.16191522,2.5409053,7.0083878
1426,2426000.0,5.4335062,1.5371067,3.8963995,-0.2734451,1.0250689,1.1918234,0.79420683,-0.61728395,0.5,2.7466044,3.9560159,3.9996823,0.28411497,0.014059184,-0.007517565,0.092071397,2.5874255,2.4147671,0.6659005,0.15,1.6490581,0.5,0.036994472,13.515533,2.4871531,32.30635,-0.0041404059,-0.1951187,0.0078962937,0.21054246,-0.2982533,0.084212103
1427,2427000.0,5.416563,1.4986328,3.9179302,-0.25560221,0.99941136,1.1698852,0.76336262,-0.61728395,0.5,2.8115091,3.9756244,4.0460571,0.41284591,-0.022181779,-0.24294728,0.11134544,2.6585122,2.48578,0.67011565,0.15,1.6799105,0.5,0.037228647,13.430518,2.507946,32.30635,0.012369305,-0.12906587,0.0059442835,0.16346122,0.3541472,5.6569884
1428,2428000.0,5.4382805,1.5573664,3.880914,-0.26194644,1.0385797,1.2010122,0.81373235,-0.61728395,0.5,2.8157604,4.0042657,4.029755,0.41326037,0.0029616749,-0.250495,-0.020375587,2.6526681,2.4813647,0.66019223,0.15,1.7209836,0.5,0.036677346,13.632393,2.5184674,32.30635,-0.015538319,-0.2376404,0.012650655,0.24848936,3.3316112,3.8730884
1429,2429000.0,5.4883063,1.5693616,3.9189447,-0.24818254,1.0465791,1.1986222,0.8361706,-0.61728395,0.5,2.8574294,4.0580663,4.034232,0.47998985,0.018420783,-0.057129004,-0.050275788,2.6898399,2.5236991,0.64296855,0.15,1.7116988,0.5,0.035720475,13.997574,2.4738996,32.30635,0.014570879,-0.26966106,-0.0038598134,0.25627646,1.1211289,6.2668378
1430,2430000.0,5.4523285,1.5310095,3.921319,-0.24212043,1.0210028,1.1945081,0.78075944,-0.61728395,0.5,3.0570566,4.1608577,4.1879262,0.82238595,-0.033086208,0.098302514,0.042041263,2.9005729,2.7244719,0.63674325,0.15,1.6881889,0.5,0.035374625,14.134425,2.4905744,32.30635,-0.0035235845,-0.20487255,-0.0065607978,0.22900425,-3.2852073,-2.0934555
1431,2431000.0,5.503437,1.5522222,3.9512148,-0.26793258,1.0351491,1.1823085,0.83151621,-0.61728395,0.5,3.0739951,4.1983104,4.2323783,0.79129677,-0.00053620129,0.16014789,0.075990331,2.9073385,2.7448071,0.63270533,0.15,1.6448669,0.5,0.035150296,14.224631,2.4579921,32.30635,0.0068292429,-0.12829036,0.025009783,0.19585256,-0.0036402835,2.021312
1432,2432000.0,5.4883713,1.5407842,3.9475871,-0.2516164,1.0275213,1.2002951,0.78829933,-0.61728395,0.5,2.7341487,3.9050087,3.954658,0.34277928,-0.029300903,-0.0022929551,0.048960152,2.5761538,2.3999526,0.63440618,0.15,1.5962159,0.5,0.035244788,14.186495,2.4571052,32.30635,0.0063374659,-0.19914992,-2.6909139e-05,0.1681314,4.4027244,5.8066547
1433,2433000.0,5.4687152,1.5378964,3.9308188,-0.26845027,1.0255955,1.1951088,0.79090152,-0.61728395,0.5,2.3828189,3.7397351,3.6668273,-0.25810575,0.0089484256,0.077573098,-0.14360806,2.2243025,2.0500669,0.64309598,0.15,1.579909,0.5,0.035727555,13.994801,2.4867909,32.30635,-0.014785754,-0.12461812,0.003284155,0.20508984,-0.74431048,1.6380689
1434,2434000.0,5.4442018,1.5291062,3.9150955,-0.25844273,1.0197335,1.200107,0.76994809,-0.61728395,0.5,2.8053308,3.9684174,4.0357354,0.41183965,0.032541293,-0.161475,0.012693366,2.651014,2.4711871,0.64831981,0.15,1.6453082,0.5,0.036017767,13.882038,2.480666,32.30635,0.0034806868,-0.18180885,0.016668666,0.18995867,-0.92925369,1.6118331
1435,2435000.0,5.4424389,1.5628687,3.8795702,-0.27281249,1.0422491,1.2322296,0.77913517,-0.61728395,0.5,2.7981377,4.002561,3.9928313,0.39902072,-0.017521122,-0.11169964,0.10489929,2.6419795,2.4550502,0.65397598,0.15,1.6817777,0.5,0.036331999,13.761973,2.4868921,32.30635,-0.022927704,-0.14780401,0.02221615,0.23870277,-2.3782374,-0.8479392
1436,2436000.0,5.4575696,1.5463138,3.9112558,-0.23600021,1.0312089,1.215517,0.77596644,-0.61728395,0.5,2.9965267,4.133873,4.2267106,0.62899648,0.0091198998,-0.0063456465,-0.011780939,2.8410036,2.6580924,0.6602754,0.15,1.7217751,0.5,0.036681967,13.630676,2.5003553,32.30635,-0.0044187757,-0.18652397,0.0091693241,0.20506826,-0.92011013,-0.933929
1437,2437000.0,5.4666433,1.5763218,3.8903214,-0.27124673,1.0512208,1.238534,0.79181899,-0.61728395,0.5,2.8551324,3.9518098,4.0933859,0.52020142,0.036802887,-0.01173085,0.02421844,2.6964321,2.5102895,0.65851571,0.15,1.6786451,0.5,0.036584206,13.6671,2.4702938,32.30635,0.0050083167,-0.19135483,-0.00099425727,0.20567782,0.80465023,4.1226245
1438,2438000.0,5.4878721,1.5651169,3.9227552,-0.24501152,1.0437484,1.2209087,0.7984452,-0.61728395,0.5,2.888813,4.098912,4.108679,0.45884791,-0.0016694505,-0.15365977,-0.029328803,2.7287846,2.5488775,0.65734412,0.15,1.689495,0.5,0.036519118,13.691459,2.4630066,32.30635,0.013777165,-0.16540699,0.0063382157,0.19870366,0.27296511,6.0387006
1439,2439000.0,5.4520351,1.5425149,3.9095201,-0.25887491,1.0286756,1.2063999,0.78257721,-0.61728395,0.5,2.9973233,4.13224,4.2022426,0.65748733,-0.020014722,-0.1772347,0.10980881,2.8404753,2.6614275,0.65617338,0.15,1.6655031,0.5,0.036454077,13.715887,2.4762635,32.30635,0.01249619,-0.19044729,0.012747192,0.14110488,3.9933135,4.5302871
1440,2440000.0,5.5037477,1.5544075,3.9493402,-0.23445665,1.0366065,1.2064105,0.80151701,-0.61728395,0.5,2.8486506,4.0277835,4.1135017,0.40466664,-0.0068026642,-0.089293555,-0.060533552,2.6880066,2.5127518,0.6452037,0.15,1.6691554,0.5,0.03584465,13.949083,2.477434,32.30635,-0.013944585,-0.15855076,0.0056020135,0.1364761,-1.2189533,-5.4958285
1441,2441000.0,5.5031898,1.5426518,3.960538,-0.23741923,1.0287668,1.1849896,0.81253815,-0.61728395,0.5,2.7048125,4.0088359,3.9515055,0.154096,0.045280395,-0.1757888,-0.052872903,2.5419595,2.3748779,0.64219978,0.15,1.6491535,0.5,0.035677766,14.01433,2.4970134,32.30635,0.028818865,-0.18271702,-0.007788345,0.17292183,-3.9363544,4.1922497
1442,2442000.0,5.4901853,1.5574207,3.9327646,-0.242943,1.038616,1.209022,0.80269171,-0.61728395,0.5,2.6819348,3.9290833,3.8979534,0.21876756,0.085176649,0.25233213,0.06008912,2.5210553,2.3453089,0.63855415,0.15,1.6608373,0.5,0.035475231,14.094341,2.4831659,32.30635,0.0026770108,-0.17826487,0.013866344,0.19912274,-3.3564753,4.3862446
1443,2443000.0,5.5216542,1.5777232,3.943931,-0.268508,1.0521553,1.2232708,0.81525601,-0.61728395,0.5,2.5927907,3.9248608,3.788085,0.065426435,0.020588691,-0.21823603,-0.11910163,2.4293931,2.2521976,0.63852831,0.15,1.6567991,0.5,0.035473795,14.094912,2.4746254,32.30635,-0.0011220689,-0.20230524,-0.011510333,0.16753168,5.054216,-3.1367462
1444,2444000.0,5.4558826,1.5397469,3.9161357,-0.26004154,1.0268296,1.2093853,0.77401806,-0.61728395,0.5,2.9575812,4.0684894,4.2025004,0.60175378,-0.045791461,-0.16772499,-0.17120683,2.8024486,2.6208542,0.64166128,0.15,1.694393,0.5,0.035647849,14.026092,2.5135852,32.30635,-0.0062666948,-0.17964122,-0.0045543268,0.18715878,4.3645418,1.9909468
1445,2445000.0,5.4538975,1.5575199,3.8963776,-0.23066772,1.0386821,1.1904334,0.82867288,-0.61728395,0.5,2.5687521,3.8390643,3.8638221,0.0033698627,0.043826901,0.00042331008,0.050051071,2.4026653,2.2373018,0.64394591,0.15,1.6742388,0.5,0.035774773,13.976329,2.4719034,32.30635,0.0092386906,-0.21264686,0.0041377958,0.17794975,-0.46222963,-5.8068425
1446,2446000.0,5.4475925,1.5463764,3.9012161,-0.25508536,1.0312507,1.2176125,0.77315524,-0.61728395,0.5,2.8411395,4.0724259,4.0294248,0.42156793,-0.0061788516,-0.47513353,-0.035491815,2.6861799,2.5021218,0.65121386,0.15,1.708296,0.5,0.036178548,13.820345,2.5109539,32.30635,0.0088209084,-0.22036162,0.014231817,0.14405272,3.3538429,-3.9331739
1447,2447000.0,5.4876943,1.5825892,3.9051051,-0.27960116,1.0554004,1.2320446,0.81082314,-0.61728395,0.5,2.9324567,4.0799236,4.1933777,0.52406892,-0.051177307,-0.45588661,0.08118372,2.7699475,2.5894207,0.65617963,0.15,1.7628182,0.5,0.036454424,13.715756,2.4793325,32.30635,0.011847674,-0.16477348,0.0048586077,0.20276898,1.7153724,4.4370182
1448,2448000.0,5.4933143,1.5739136,3.9194007,-0.26323057,1.0496147,1.2263911,0.80484944,-0.61728395,0.5,2.6721039,3.9021693,3.9546594,0.15948305,-0.035710977,-0.20145923,0.071313649,2.510792,2.330642,0.65681719,0.15,1.7402698,0.5,0.036489844,13.702443,2.477313,32.30635,0.0026584443,-0.29975583,-0.0069554548,0.13666548,1.3618342,0.56747948
1449,2449000.0,5.5039346,1.5524043,3.9515303,-0.229245,1.0352706,1.2003264,0.80677623,-0.61728395,0.5,2.797342,4.042099,4.0091732,0.34075381,-0.035107639,0.024237915,-0.012433397,2.6356439,2.4631373,0.64885577,0.15,1.7468936,0.5,0.036047543,13.870571,2.4758665,32.30635,0.00010045566,-0.21294678,0.018049607,0.18730182,3.728738,-2.8592714
1450,2450000.0,5.4980525,1.5509405,3.947112,-0.25101458,1.0342944,1.2039567,0.79940009,-0.61728395,0.5,2.7315942,3.8481804,3.9934768,0.3531255,0.011166843,-0.13156696,0.031319463,2.5713745,2.3963787,0.64480385,0.15,1.7248886,0.5,0.035822436,13.957733,2.4728741,32.30635,0.0089945302,-0.17830866,0.0029438079,0.14972708,3.7816675,3.0738479
1451,2451000.0,5.4903902,1.5668416,3.9235486,-0.25598677,1.0448986,1.2126621,0.81265018,-0.61728395,0.5,2.6588264,3.8883038,3.9535642,0.13461124,0.051184058,0.25336804,0.097125366,2.495951,2.3211871,0.64476151,0.15,1.7588815,0.5,0.035820084,13.95865,2.5021554,32.30635,0.021594947,-0.19295819,0.011229966,0.1989301,-4.1249323,1.2470543
1452,2452000.0,5.508596,1.5817773,3.9268187,-0.22977146,1.0548589,1.2302455,0.8120283,-0.61728395,0.5,2.8223916,4.0066748,4.0150465,0.44545338,-0.018317912,0.19331854,0.078231695,2.6596408,2.4798565,0.63407065,0.15,1.7346656,0.5,0.035226147,14.194002,2.4784138,32.30635,0.0063280614,-0.13283514,0.0014804312,0.14808157,-4.1754402,5.8922675
1453,2453000.0,5.4417766,1.5351718,3.9066048,-0.26110622,1.0237785,1.1987452,0.78150732,-0.61728395,0.5,2.6468704,3.9475905,3.8591701,0.13385055,0.026671236,-0.1649353,0.069657223,2.4902368,2.3131059,0.63699895,0.15,1.697212,0.5,0.035388831,14.128752,2.4952374,32.30635,-0.013250288,-0.18145182,-0.034055423,0.19148576,0.11255513,2.6143243
1454,2454000.0,5.4860986,1.5878323,3.8982663,-0.26759818,1.0588969,1.2394947,0.8088301,-0.61728395,0.5,2.9932831,4.1297867,4.151121,0.69894172,-0.014492366,-0.31041823,-0.092245664,2.8311734,2.6481728,0.64074686,0.15,1.7395061,0.5,0.035597048,14.046109,2.4800772,32.30635,0.0028173139,-0.14625327,0.030918845,0.21646859,5.1627615,-2.0822843
1455,2455000.0,5.5061418,1.5659628,3.940179,-0.25599431,1.0443125,1.1979201,0.83172893,-0.61728395,0.5,2.8297707,4.0269528,3.9832524,0.47910701,-0.029423569,-0.43766095,0.026491511,2.6630715,2.4962359,0.64076491,0.15,1.6976525,0.5,0.03559805,14.045713,2.4662525,32.30635,-0.021998257,-0.16027394,0.01678416,0.19515243,2.4783914,-3.2218077
1456,2456000.0,5.4643244,1.5663177,3.8980067,-0.2561873,1.0445492,1.2473556,0.7636194,-0.61728395,0.5,2.4992835,3.8306768,3.8144046,-0.14723086,0.032353477,-0.083429698,0.018608978,2.3462351,2.1519845,0.64700529,0.15,1.6986022,0.5,0.035944738,13.910242,2.4733524,32.30635,-0.017233264,-0.20421368,-0.01260746,0.161346,-1.4557224,-1.4499174
1457,2457000.0,5.5271234,1.5785763,3.9485471,-0.24443293,1.0527242,1.2261188,0.81265917,-0.61728395,0.5,2.6805284,3.9253227,3.8889007,0.22736187,-0.012422096,-0.050578568,-0.07548315,2.5176512,2.3391423,0.65178293,0.15,1.6935012,0.5,0.036210163,13.808278,2.4845737,32.30635,0.0052538241,-0.21908567,0.019844571,0.20611553,2.2915134,7.1738636
1458,2458000.0,5.5031022,1.5523095,3.9507926,-0.21972828,1.0352074,1.1984075,0.80929102,-0.61728395,0.5,2.9083568,4.0526081,4.1408782,0.53158402,0.023605627,-0.16189464,0.039839111,2.7461546,2.5746863,0.65417492,0.15,1.6434093,0.5,0.036343051,13.757788,2.4818695,32.30635,-0.018597225,-0.17798483,-0.035711096,0.19934139,1.5854036,-1.2304231
1459,2459000.0,5.4823818,1.5635632,3.9188186,-0.2525097,1.0427122,1.1996284,0.82553126,-0.61728395,0.5,2.8685368,4.0997005,4.0958201,0.41008965,0.044138131,0.048800539,0.0098530896,2.7030797,2.5345264,0.65354375,0.15,1.6892574,0.5,0.036307986,13.771075,2.5060453,32.30635,0.015537812,-0.18571691,-0.019307706,0.18400462,-2.2777198,-5.43674
1460,2460000.0,5.5096479,1.5818093,3.9278386,-0.23320456,1.0548802,1.231457,0.81039626,-0.61728395,0.5,2.9559813,4.241902,4.0689869,0.55705493,-0.0041391017,-0.0034739808,0.11474898,2.7935576,2.6131089,0.64957845,0.15,1.7137925,0.5,0.036087691,13.85514,2.4908,32.30635,-0.056188295,-0.21054508,-0.0038128605,0.21274341,1.7990061,4.8778389
1461,2461000.0,5.4887766,1.5683463,3.9204303,-0.25420465,1.045902,1.2333503,0.78630856,-0.61728395,0.5,2.4508193,3.7215865,3.7879706,-0.15709909,0.026383533,-0.12475419,0.011643478,2.2932235,2.1074198,0.64340175,0.15,1.6952437,0.5,0.035744542,13.98815,2.4960055,32.30635,0.0013937967,-0.17516388,-0.0039431168,0.15040126,2.3799647,0.071230527
1462,2462000.0,5.5528961,1.5837681,3.969128,-0.24169921,1.0561865,1.2196057,0.82998196,-0.61728395,0.5,2.4979171,3.7140946,3.8862598,-0.10660317,0.037679438,-0.023793555,0.060667899,2.331568,2.1583444,0.64438699,0.15,1.702242,0.5,0.035799277,13.966762,2.4928003,32.30635,-0.00064772916,-0.22328598,0.0085663549,0.19154153,-3.6880937,-3.0303267
1463,2463000.0,5.4947186,1.5294755,3.9652431,-0.25806388,1.0199798,1.190865,0.7833755,-0.61728395,0.5,2.8224709,4.0046678,4.0688125,0.39393239,0.0083154748,-0.049104976,-0.012594434,2.6654629,2.4909004,0.64685371,0.15,1.6859248,0.5,0.035936317,13.913501,2.5222102,32.30635,-0.026691807,-0.20716145,0.012598431,0.18765095,-1.3544899,5.6081438
1464,2464000.0,5.5402886,1.5829267,3.9573619,-0.24382195,1.0556254,1.2129976,0.83782092,-0.61728395,0.5,2.8784858,4.0739056,4.0645094,0.49704239,-0.018727546,0.16427764,-0.086176755,2.7105656,2.540753,0.64388347,0.15,1.6969836,0.5,0.035771304,13.977684,2.4696571,32.30635,-0.026646122,-0.17781218,0.012304383,0.17264731,-3.0551979,3.5511715
1465,2465000.0,5.5090739,1.6105203,3.8985536,-0.26297361,1.0740271,1.2769051,0.79302062,-0.61728395,0.5,2.7194918,3.9833353,3.9737882,0.20135184,-0.017940191,-0.19378994,0.015591032,2.5605506,2.3639654,0.64442295,0.15,1.6791665,0.5,0.035801275,13.965983,2.5091286,32.30635,0.00028079612,-0.16715783,-0.0045893346,0.24218632,5.6697376,-4.0367465
1466,2466000.0,5.5333076,1.5743387,3.9589689,-0.24814596,1.0498983,1.2302484,0.80016853,-0.61728395,0.5,2.7619369,3.9856294,3.9313216,0.36885985,0.0040834544,-0.29517967,0.047864877,2.6015632,2.4194011,0.64374456,0.15,1.7099009,0.5,0.035763587,13.980701,2.48342,32.30635,-0.00024262696,-0.18424961,-0.01766944,0.19959011,6.3453901,3.7607269
1467,2467000.0,5.5159954,1.5829426,3.9330528,-0.26615087,1.055636,1.2513201,0.7846089,-0.61728395,0.5,2.7454963,3.8834424,3.9898729,0.36317373,-0.015504268,-0.23940051,-0.078567979,2.5882411,2.3970935,0.64295276,0.15,1.7081534,0.5,0.035719598,13.997918,2.4866928,32.30635,-0.013865655,-0.20568823,-0.011662609,0.16772918,3.8532788,-2.8000591
1468,2468000.0,5.4821601,1.5788411,3.9033191,-0.26659661,1.0529008,1.2504073,0.77933996,-0.61728395,0.5,2.5915051,3.8790769,3.8076441,0.087794178,-0.091181729,-0.26288114,-0.10230473,2.4353059,2.2433564,0.64300188,0.15,1.674115,0.5,0.035722326,13.996849,2.4914996,32.30635,0.016971215,-0.18692349,-0.0019011549,0.17893405,0.32464673,-1.1901763
1469,2469000.0,5.4815344,1.5553676,3.9261667,-0.24817267,1.0372468,1.2155811,0.79030765,-0.61728395,0.5,2.7166227,3.980304,3.9638888,0.20567516,-0.019898409,-0.41082414,-0.010180075,2.5582253,2.3781706,0.64232508,0.15,1.6714344,0.5,0.035684727,14.011597,2.4874756,32.30635,0.012808194,-0.19604575,0.0094278215,0.21954458,3.3578805,-2.122251
1470,2470000.0,5.4802859,1.5628289,3.917457,-0.27058756,1.0422225,1.2211214,0.79450304,-0.61728395,0.5,2.6967521,3.9103855,3.9618481,0.21802277,-0.025827041,0.059684594,-0.074155517,2.5375139,2.3567575,0.63973683,0.15,1.6729118,0.5,0.035540935,14.068285,2.4745216,32.30635,0.021385346,-0.18939202,0.012020567,0.19755503,0.00015904533,0.1923019
1471,2471000.0,5.5064743,1.5383931,3.9680812,-0.25593591,1.0259268,1.1915586,0.79662513,-0.61728395,0.5,2.4896164,3.8250814,3.7500434,-0.10627545,0.019664571,0.23284464,-0.03225987,2.3299528,2.1578529,0.64413461,0.15,1.6990487,0.5,0.035785256,13.972235,2.4890942,32.30635,0.0012618851,-0.17294591,0.037003845,0.17878693,0.95771266,0.4458177
1472,2472000.0,5.4608716,1.539898,3.9209737,-0.2540277,1.0269303,1.2164218,0.76448389,-0.61728395,0.5,2.7476819,4.0105129,3.9562524,0.2762805,-0.016840653,0.56689746,-0.021590191,2.5944602,2.4089958,0.65092848,0.15,1.7297419,0.5,0.036162693,13.826404,2.4770363,32.30635,-0.014801272,-0.18609113,-0.01735787,0.18649066,-1.9201013,0.44944289
1473,2473000.0,5.4978007,1.5501695,3.9476312,-0.24792629,1.0337802,1.1990999,0.80491815,-0.61728395,0.5,2.7571983,3.9709323,4.0304713,0.27019111,-0.0057572528,0.123218,0.022419929,2.5958725,2.423335,0.64902723,0.15,1.7039556,0.5,0.036057068,13.866907,2.4722626,32.30635,0.00094431017,-0.21515822,-0.0039512561,0.15193554,-4.639256,-8.3145694
1474,2474000.0,5.539264,1.6146634,3.9246005,-0.24641393,1.0767901,1.2388141,0.85253959,-0.61728395,0.5,2.794701,4.0504065,4.0044643,0.32923221,-0.0021872009,-0.020328507,-0.044888691,2.6238308,2.4497802,0.65066072,0.15,1.6929856,0.5,0.036147818,13.832094,2.4838077,32.30635,0.004118656,-0.17918272,0.0096623194,0.19714969,-1.5098405,0.56076596
1475,2475000.0,5.5028235,1.5777774,3.9250461,-0.24458489,1.0521914,1.2209032,0.81863141,-0.61728395,0.5,2.706682,3.9609195,3.9572831,0.2018433,0.062388808,-0.23964785,0.045098612,2.5426078,2.3667481,0.65054223,0.15,1.6785262,0.5,0.036141235,13.834613,2.4816839,32.30635,-0.0050940641,-0.18403989,0.012313379,0.20457374,-1.235347,2.0955549
1476,2476000.0,5.5121543,1.557133,3.9550213,-0.24270979,1.0384241,1.2224857,0.78352948,-0.61728395,0.5,2.8823421,4.1884104,4.0144666,0.4441493,0.02676391,-0.27113827,-0.10874437,2.7253032,2.5419676,0.65004676,0.15,1.686634,0.5,0.036113709,13.845158,2.4774684,32.30635,-0.031326973,-0.18140114,0.011023918,0.15037416,2.2273715,5.2091311
1477,2477000.0,5.5081681,1.5477079,3.9604602,-0.26852074,1.0321386,1.2140267,0.78025874,-0.61728395,0.5,2.8301516,4.0174386,4.0052801,0.46773616,0.0099661904,0.040339305,-0.024062024,2.6737683,2.4921323,0.6455228,0.15,1.7030084,0.5,0.035862378,13.942188,2.4645603,32.30635,0.0107635,-0.15690322,0.0006437526,0.17189388,2.0779461,2.5181422
1478,2478000.0,5.517774,1.5856661,3.9321079,-0.24851267,1.0574523,1.2299543,0.81863092,-0.61728395,0.5,2.8729402,4.0233952,4.0336505,0.561775,0.025107741,-0.14091129,0.088267595,2.7088661,2.5304862,0.64225148,0.15,1.6843456,0.5,0.035680638,14.013202,2.5009645,32.30635,0.0045140014,-0.19350006,0.024019804,0.25136494,2.0731317,-1.1190852
1479,2479000.0,5.5359544,1.5951033,3.9408511,-0.2663571,1.0637458,1.2351146,0.82650354,-0.61728395,0.5,2.39294,3.6652439,3.754359,-0.24078284,-0.054759016,-0.014306769,0.030054457,2.227288,2.0490492,0.64415373,0.15,1.681814,0.5,0.035786318,13.97182,2.4954259,32.30635,0.029261548,-0.19690998,0.0034038393,0.11406958,0.33677377,-5.2397052
1480,2480000.0,5.5001488,1.5854005,3.9147483,-0.25027348,1.0572752,1.2395511,0.80487582,-0.61728395,0.5,2.6434411,3.8209618,3.9768554,0.13250614,0.0033915534,0.21143641,-0.21378163,2.4821239,2.2983151,0.64308591,0.15,1.6974626,0.5,0.035726995,13.99502,2.486691,32.30635,0.015002563,-0.19519683,-0.014606214,0.21918684,-7.3561024,3.4578076
1481,2481000.0,5.5399177,1.5930112,3.9469065,-0.23697441,1.0623506,1.2523333,0.79924904,-0.61728395,0.5,2.7418956,3.905594,4.0143851,0.30570779,0.032507484,0.084085647,0.036872759,2.5817061,2.3932107,0.64018084,0.15,1.7018575,0.5,0.035565602,14.058528,2.4713407,32.30635,0.005667841,-0.17955704,0.0040188254,0.1141032,-2.3949617,3.1238173
1482,2482000.0,5.5198883,1.5754185,3.9444697,-0.2487605,1.0506184,1.238216,0.79082108,-0.61728395,0.5,2.899939,4.1256829,4.0850832,0.4890509,0.053129982,0.25573332,-0.08075383,2.7414387,2.5551847,0.63611212,0.15,1.6874297,0.5,0.035339562,14.148449,2.4842514,32.30635,-0.022670407,-0.2297419,0.00061726468,0.20286442,-4.8189902,1.7924269
1483,2483000.0,5.5489318,1.5875363,3.9613955,-0.23843097,1.0586995,1.2278168,0.82458111,-0.61728395,0.5,2.6364838,3.8882096,3.8655468,0.15569492,0.012165276,-0.074022229,0.00059683109,2.4712171,2.2946249,0.63773655,0.15,1.7026127,0.5,0.035429808,14.112411,2.5057183,32.30635,-0.033749507,-0.17540048,-0.018894314,0.19029786,-0.87407453,0.091787095
1484,2484000.0,5.5413347,1.5610575,3.9802771,-0.23397133,1.0410413,1.2336496,0.7742758,-0.61728395,0.5,2.7914438,3.9655934,4.0380251,0.37071286,-0.0081841086,-0.3072878,-0.099360647,2.6362595,2.4479609,0.63220798,0.15,1.7254004,0.5,0.035122665,14.235822,2.4973528,32.30635,0.023332375,-0.18764649,0.018139699,0.22709919,0.86504311,2.1734238
1485,2485000.0,5.5460098,1.6222122,3.9237976,-0.25359749,1.0818242,1.249017,0.85039731,-0.61728395,0.5,2.9159629,4.1299226,4.1174681,0.50049813,0.023081062,0.063570438,0.045835018,2.7455221,2.5682014,0.63455613,0.15,1.6958234,0.5,0.035253118,14.183142,2.4765587,32.30635,0.020147555,-0.15666624,0.0024609493,0.12411552,-2.9717682,0.28848674
1486,2486000.0,5.5121938,1.6002902,3.9119035,-0.24566687,1.0672049,1.2746581,0.7798371,-0.61728395,0.5,2.7943895,4.0689462,3.9804912,0.33373121,0.0082993242,0.0026793567,-0.020186081,2.6380907,2.4394887,0.64299418,0.15,1.6896996,0.5,0.035721899,13.997016,2.5125504,32.30635,-0.032668575,-0.19097389,0.011859093,0.18201573,0.019431425,-1.1727905
1487,2487000.0,5.5610561,1.5680023,3.9930538,-0.23999198,1.0456726,1.2118169,0.81567417,-0.61728395,0.5,2.6201184,3.8319182,3.8740519,0.15438515,-0.025766743,0.082307245,-0.090500405,2.4566369,2.2827144,0.65083815,0.15,1.6648953,0.5,0.036157675,13.828323,2.4964187,32.30635,-0.014914823,-0.19359787,0.033961045,0.21245195,-1.5937116,-1.9679176
1488,2488000.0,5.5398304,1.553388,3.9864424,-0.22007868,1.0359266,1.2264305,0.77208069,-0.61728395,0.5,2.6418748,3.8939667,3.934121,0.097536857,-0.0051169156,-0.24854206,-0.058228015,2.4871306,2.300402,0.65154685,0.15,1.6416899,0.5,0.036197047,13.813281,2.4859878,32.30635,-0.00054662197,-0.20591838,-0.0332966,0.15648702,2.7474054,-3.0401595
1489,2489000.0,5.5272674,1.6079104,3.919357,-0.24560023,1.0722866,1.2676739,0.80168477,-0.61728395,0.5,2.9886409,4.1522887,4.2049307,0.60870317,0.023882775,-0.14349044,-0.01004489,2.8279632,2.6356847,0.65245785,0.15,1.6921955,0.5,0.036247659,13.793994,2.4904371,32.30635,0.0093612795,-0.17548409,0.01639408,0.15166281,-2.5636418,4.2382467
1490,2490000.0,5.5424495,1.5872791,3.9551704,-0.2566408,1.058528,1.2406765,0.80630657,-0.61728395,0.5,2.5537928,3.8499811,3.8900097,-0.078612451,0.021545378,-0.060386728,-0.049007929,2.3921888,2.2083534,0.64680376,0.15,1.6635395,0.5,0.035933542,13.914576,2.4842343,32.30635,-0.012789801,-0.16162539,-0.01868348,0.20562501,-4.3241538,-3.487972
1491,2491000.0,5.5580959,1.5801154,3.9779805,-0.24397255,1.0537506,1.2345221,0.80343858,-0.61728395,0.5,2.5576649,3.860959,3.8311051,-0.019069308,-0.024985727,0.03363751,-0.018973795,2.3966358,2.2139391,0.64198635,0.15,1.6605822,0.5,0.035665908,14.01899,2.4830249,32.30635,-0.010459455,-0.11597828,0.0057432519,0.19146634,1.2680118,-3.3802322
1492,2492000.0,5.5714035,1.5985524,3.9728511,-0.2294346,1.0660459,1.2417419,0.82279428,-0.61728395,0.5,2.7497879,4.0076428,3.9659378,0.27578304,0.005515599,0.21262152,0.023087399,2.5848794,2.4040519,0.63698118,0.15,1.651649,0.5,0.035387843,14.129146,2.4890005,32.30635,0.0089605322,-0.21973909,0.0080229301,0.20093151,-1.3000615,-0.21147333
1493,2493000.0,5.5658829,1.5943767,3.9715062,-0.25494294,1.0632612,1.2494089,0.80548804,-0.61728395,0.5,2.7782562,4.0045775,3.9677372,0.36245386,-0.047089894,-0.2454372,0.078101907,2.6168163,2.4303855,0.63244006,0.15,1.6396056,0.5,0.035135559,14.230598,2.4958475,32.30635,0.010739631,-0.20736944,0.018063837,0.21196224,3.8439265,-1.0381387
1494,2494000.0,5.5211043,1.5645355,3.9565687,-0.25163112,1.0433607,1.2315237,0.78277234,-0.61728395,0.5,2.819413,4.0859562,4.045147,0.32713566,0.030906407,-0.20251527,-0.070832601,2.6625258,2.476522,0.63784252,0.15,1.6176928,0.5,0.035435695,14.110066,2.4801802,32.30635,-0.0021545164,-0.1924297,0.02234271,0.17488553,-2.9269552,-3.696987
1495,2495000.0,5.5512577,1.629418,3.9218397,-0.25373779,1.0866297,1.2705665,0.83194567,-0.61728395,0.5,2.9801542,4.1481619,4.1152572,0.67704352,0.021863013,0.11849773,0.027318993,2.8134115,2.6263926,0.63433308,0.15,1.6416233,0.5,0.035240727,14.18813,2.468916,32.30635,0.012189781,-0.17965405,0.018533429,0.14850721,-8.4430499,2.9514495
1496,2496000.0,5.5175751,1.5622776,3.9552974,-0.25303995,1.0418549,1.2267312,0.78583144,-0.61728395,0.5,2.661851,3.9613507,3.9232592,0.10094322,0.016688237,-0.1374932,0.065646139,2.5043508,2.3202945,0.63604237,0.15,1.6324454,0.5,0.035335687,14.150001,2.5002961,32.30635,-0.067671758,-0.17584352,0.012809478,0.12237309,-2.4180236,-2.0059918
1497,2497000.0,5.5426829,1.6222852,3.9203978,-0.23618306,1.0818729,1.2686802,0.82319764,-0.61728395,0.5,2.4100141,3.7302527,3.7307791,-0.23098942,-0.032503574,-0.13986834,-0.094540787,2.2450247,2.0567777,0.6369907,0.15,1.6521318,0.5,0.035388372,14.128935,2.489235,32.30635,0.0020656164,-0.18763002,0.0039719895,0.15795209,2.0223325,-3.6936397
1498,2498000.0,5.5357822,1.5831031,3.9526791,-0.25616187,1.0557431,1.2275188,0.81792938,-0.61728395,0.5,2.5691763,3.8643323,3.8561072,-0.012910449,0.028544266,-0.11621596,-0.097211083,2.4052429,2.2274005,0.64145084,0.15,1.6400445,0.5,0.035636158,14.030693,2.4952776,32.30635,-0.014909179,-0.1128735,0.0055089855,0.16936501,5.2083659,4.000789
1499,2499000.0,5.5295147,1.5693271,3.9601876,-0.2489659,1.0465561,1.2359222,0.78429896,-0.61728395,0.5,2.7234001,3.9273441,3.9935107,0.24934544,-0.030843064,0.22358995,-0.0017024496,2.566207,2.3792844,0.64572752,0.15,1.612199,0.5,0.035873751,13.937767,2.4837956,32.30635,0.019424356,-0.13305576,-0.0030274419,0.19824119,-0.40824635,2.3392544
1500,2500000.0,5.501753,1.5502534,3.9514996,-0.24279267,1.0338362,1.2182599,0.77843496,-0.61728395,0.5,2.7484603,3.9661337,4.0198296,0.25941782,0.0037071895,-0.23864177,-0.065094925,2.5924425,2.4092624,0.64962895,0.15,1.5830494,0.5,0.036090497,13.854062,2.5074075,32.30635,0.010490019,-0.19322038,-0.013836036,0.18564387,1.8040915,-1.5577692
1501,2501000.0,5.4951301,1.5654087,3.9297214,-0.25336526,1.043943,1.2190182,0.80153661,-0.61728395,0.5,2.6491531,3.8857374,3.8873204,0.17440165,-0.015329066,-0.37214896,-0.027395308,2.4885052,2.3097441,0.65358072,0.15,1.5915737,0.5,0.03631004,13.770296,2.5013454,32.30635,0.0011645866,-0.15470933,0.0059315111,0.25061773,-1.5482927,2.7486018
1502,2502000.0,5.4532345,1.5418865,3.911348,-0.26518022,1.0282565,1.2061804,0.78188051,-0.61728395,0.5,2.6471541,3.9230405,3.8953809,0.12304088,-0.022389096,-0.0074828634,-0.083730056,2.4904457,2.3113194,0.6509945,0.15,1.6097753,0.5,0.036166361,13.825002,2.4910999,32.30635,0.007015801,-0.19958347,0.00068251158,0.19891833,-1.2359099,3.4545147
1503,2503000.0,5.4558868,1.5206044,3.9352824,-0.24394253,1.0140638,1.1849877,0.77740125,-0.61728395,0.5,3.0183376,4.130014,4.2774874,0.64751145,-0.051793171,0.36273296,0.016939528,2.862527,2.6884036,0.64716591,0.15,1.635508,0.5,0.035953662,13.906789,2.4836062,32.30635,0.00085488102,-0.1712061,0.0002084055,0.19006738,-6.9397052,4.5792309
1504,2504000.0,5.447073,1.5381587,3.9089144,-0.26871995,1.0257704,1.1974256,0.78810107,-0.61728395,0.5,2.6999012,3.9253779,3.915365,0.25896055,-0.041025283,-0.026740288,-0.11952681,2.541946,2.3665041,0.64464639,0.15,1.6260084,0.5,0.035813689,13.961142,2.4910331,32.30635,0.034207393,-0.20689586,0.0055976382,0.21347906,-0.83078415,1.1885762
1505,2505000.0,5.4385542,1.5542568,3.8842974,-0.26076799,1.036506,1.2170528,0.78649267,-0.61728395,0.5,2.859351,4.0479797,4.0608485,0.46922483,0.038721597,0.28324094,-0.040417951,2.7017182,2.5204891,0.65001896,0.15,1.6472816,0.5,0.036112164,13.84575,2.4838555,32.30635,-0.025540997,-0.17468557,0.013965635,0.17675411,0.92492467,5.8976073
1506,2506000.0,5.4484502,1.5354196,3.9130306,-0.2684552,1.0239438,1.1760319,0.81345532,-0.61728395,0.5,2.924552,4.0855301,4.1617743,0.52635156,-0.032469007,-0.1190905,0.09318163,2.7615152,2.5971115,0.64609117,0.15,1.638766,0.5,0.035893954,13.929923,2.4839366,32.30635,0.017758793,-0.19228525,-0.00027099312,0.17943317,6.119159,-3.8812406
1507,2507000.0,5.457607,1.5355389,3.9220681,-0.24492849,1.0240234,1.1793344,0.80905779,-0.61728395,0.5,2.884399,4.1169904,4.1034147,0.43279171,0.041042236,-0.41720762,0.033234656,2.7222436,2.556039,0.64360073,0.15,1.669151,0.5,0.035755596,13.983825,2.5150622,32.30635,0.013409357,-0.15502178,-0.019468506,0.19245224,6.7452437,1.8573851
1508,2508000.0,5.4311797,1.5253837,3.905796,-0.24969113,1.0172511,1.1723732,0.80254257,-0.61728395,0.5,2.6081133,3.8333758,3.9370213,0.053942985,0.016211559,-0.087507147,0.036330604,2.4472638,2.2816915,0.64242676,0.15,1.6925924,0.5,0.035690375,14.009379,2.5024435,32.30635,-0.017886192,-0.22151786,-0.01356801,0.19395518,-0.70028783,1.8378042
1509,2509000.0,5.4351946,1.5441244,3.8910702,-0.2497457,1.0297489,1.2057685,0.7860195,-0.61728395,0.5,2.7416565,4.0068726,3.9555424,0.26255465,0.0032486415,-0.14376627,-0.096526957,2.5841186,2.4059365,0.6451121,0.15,1.7235155,0.5,0.035839561,13.951064,2.477179,32.30635,-0.00022916281,-0.14309138,0.0058482845,0.16060468,-2.7948475,2.7419431
1510,2510000.0,5.4209742,1.5331725,3.8878017,-0.24778661,1.0224452,1.1869916,0.79464868,-0.61728395,0.5,2.5689227,3.8324941,3.8546011,0.019672807,0.030624787,-0.11109976,-0.034646293,2.4096552,2.2384307,0.65032724,0.15,1.7161983,0.5,0.036129291,13.839187,2.5154022,32.30635,0.01994134,-0.15636844,0.011115222,0.19666461,-0.12825384,-9.4450798
1511,2511000.0,5.4441505,1.5587716,3.8853789,-0.26528797,1.0395168,1.1951972,0.82405003,-0.61728395,0.5,2.9476773,4.1294064,4.1710769,0.54254864,0.045415004,-0.11315262,0.08795479,2.7825171,2.6149007,0.65682346,0.15,1.6907413,0.5,0.036490192,13.702312,2.4836199,32.30635,-0.012884302,-0.19856905,0.00033827043,0.12357858,-0.49881368,-0.10261161
1512,2512000.0,5.4228906,1.5382928,3.8845977,-0.25975047,1.0258599,1.1977555,0.78785651,-0.61728395,0.5,2.7242642,4.0315456,3.9380885,0.20315857,-0.032350305,-0.29576149,-0.06201285,2.5663581,2.3907753,0.66053292,0.15,1.7253596,0.5,0.036696273,13.625362,2.480093,32.30635,-0.0024854282,-0.1620809,-0.0051435908,0.204615,0.94673679,5.4376973
1513,2513000.0,5.4245479,1.5293776,3.8951704,-0.25194748,1.0199145,1.1823362,0.79506749,-0.61728395,0.5,2.9380343,4.158227,4.0779936,0.57788242,-0.03630369,0.089251901,-0.14789376,2.7786829,2.6088386,0.65829572,0.15,1.6667128,0.5,0.036571984,13.671667,2.4728389,32.30635,0.0017922895,-0.19084253,0.026026016,0.16051454,-5.3913125,1.3473127
1514,2514000.0,5.4187669,1.4887927,3.9299742,-0.25980316,0.99284916,1.1510796,0.77380386,-0.61728395,0.5,2.5436483,3.7668367,3.7667206,0.097387573,-0.0026098036,0.0067522749,0.085220069,2.3885586,2.2231552,0.65497274,0.15,1.7034257,0.5,0.036387375,13.74103,2.4666719,32.30635,-0.015257135,-0.19392572,0.029310953,0.17168438,-4.4046033,-4.9447223
1515,2515000.0,5.3926428,1.5192171,3.8734257,-0.26910029,1.0131386,1.1882078,0.77071679,-0.61728395,0.5,2.7955093,3.9876169,3.9723865,0.42652454,0.010191456,0.25323158,-0.053667657,2.6410384,2.4646787,0.65047199,0.15,1.7532618,0.5,0.036137333,13.836107,2.5188995,32.30635,-0.0061189182,-0.18790795,-0.0162054,0.22602827,0.81715009,1.834942
1516,2516000.0,5.4592623,1.5517537,3.9075086,-0.27109357,1.0348367,1.202005,0.80340747,-0.61728395,0.5,2.7540844,3.902656,3.9520869,0.4075103,0.032031432,-0.024582186,-0.052324079,2.5930615,2.4194123,0.64163351,0.15,1.7558937,0.5,0.035646306,14.026699,2.4799893,32.30635,0.037871175,-0.21854786,-0.002916185,0.14374259,0.34815282,2.1781117
1517,2517000.0,5.4805266,1.5190538,3.9614727,-0.23052072,1.0130298,1.1803582,0.78136123,-0.61728395,0.5,2.6208681,3.9024535,3.8922431,0.067907798,-0.016532326,-0.073514376,0.0014078432,2.4642638,2.2922231,0.64020713,0.15,1.7221376,0.5,0.035567063,14.05795,2.4918291,32.30635,0.00055906279,-0.13001873,-0.041183971,0.14521522,3.1705649,2.8555104
1518,2518000.0,5.4337153,1.5528371,3.8808783,-0.25774198,1.0355592,1.2062808,0.79919416,-0.61728395,0.5,2.4169965,3.6831686,3.7457308,-0.1779097,-0.02347118,0.2472107,0.011555447,2.2568181,2.0811339,0.64251087,0.15,1.710639,0.5,0.035695048,14.007545,2.5043657,32.30635,-0.012354638,-0.20811333,-0.0016581032,0.20892297,-0.27843667,-2.0599682
1519,2519000.0,5.4598221,1.5141048,3.9457173,-0.23878829,1.0097293,1.1587209,0.80353164,-0.61728395,0.5,2.6706026,3.9243695,3.9215576,0.1658808,0.02442059,0.16647368,-0.027134559,2.5095548,2.347982,0.64534552,0.15,1.7212078,0.5,0.035852529,13.946018,2.4753647,32.30635,-0.0125493,-0.17074289,0.010439451,0.24720402,-0.52891815,4.4682471
1520,2520000.0,5.4661305,1.5728136,3.8933169,-0.28183689,1.0488812,1.2211865,0.81032643,-0.61728395,0.5,2.5376614,3.7797797,3.8548114,-0.021606918,-0.016834587,-0.24366922,-0.045404718,2.3752517,2.1976486,0.65011393,0.15,1.71021,0.5,0.036117441,13.843727,2.5029902,32.30635,-0.0025014359,-0.15127498,-0.00057575387,0.21438909,-1.9390147,2.0929609
1521,2521000.0,5.4625633,1.5570938,3.9054695,-0.23507681,1.0383979,1.2043189,0.80870409,-0.61728395,0.5,2.7657922,4.0372906,3.9759823,0.28410375,-0.065348285,-0.072283332,0.15997816,2.6037077,2.4304758,0.65384221,0.15,1.6727542,0.5,0.036324567,13.764789,2.4778507,32.30635,0.0090283972,-0.20666428,0.00010871857,0.1200517,-1.4801144,1.5405012
1522,2522000.0,5.4862959,1.5732594,3.9130364,-0.25299067,1.0491785,1.2286047,0.80073178,-0.61728395,0.5,3.3114449,4.3460841,4.4109558,1.1772948,0.081338956,0.023041641,-0.056374743,3.1509583,2.9693667,0.65239953,0.15,1.698275,0.5,0.036244418,13.795228,2.472391,32.30635,-0.0046622238,-0.2016592,0.0091034766,0.21284262,3.3470763,10.51269
1523,2523000.0,5.4558481,1.5387748,3.9170734,-0.26788764,1.0261813,1.2096021,0.77216753,-0.61728395,0.5,2.7767968,3.964688,4.0224676,0.34323485,-0.018449811,-0.15992362,0.011590084,2.6220351,2.4400094,0.64990142,0.15,1.6943258,0.5,0.036105634,13.848254,2.4767528,32.30635,-0.01423495,-0.20424577,-0.021468787,0.1387342,3.7319359,1.3811661
1524,2524000.0,5.4582775,1.5423609,3.9159166,-0.27275355,1.0285728,1.1974528,0.79476082,-0.61728395,0.5,2.6671456,3.9267517,3.9025324,0.1721526,0.050963137,-0.17728567,0.057240457,2.5078557,2.3337409,0.64299464,0.15,1.6732772,0.5,0.035721924,13.997006,2.4932681,32.30635,-0.035206171,-0.15656231,-0.014697025,0.14148092,1.7614578,-0.57457055
1525,2525000.0,5.4540271,1.551,3.9030271,-0.24106186,1.0343341,1.1896484,0.81937196,-0.61728395,0.5,2.8826002,4.0082336,4.1425944,0.49697249,0.019161531,-0.19242173,0.06651251,2.7183776,2.5513685,0.64298288,0.15,1.7203257,0.5,0.035721271,13.997262,2.4715129,32.30635,0.017395668,-0.19287251,0.012631247,0.15813874,-1.8466526,3.7417726
1526,2526000.0,5.4854039,1.5604017,3.9250022,-0.25626161,1.0406039,1.1932246,0.82938845,-0.61728395,0.5,2.6479177,3.8220321,3.9263098,0.19541112,0.060997704,-0.41486011,0.043299357,2.4816875,2.3156903,0.64450004,0.15,1.7090567,0.5,0.035805558,13.964313,2.4830996,32.30635,-0.0010130583,-0.20118738,0.012208527,0.16717437,1.6114912,2.1684749
1527,2527000.0,5.4473078,1.5452902,3.9020176,-0.26290097,1.0305263,1.2068847,0.786327,-0.61728395,0.5,2.8162247,4.032068,4.0505448,0.36606126,0.035329813,0.13099076,0.073883278,2.6586251,2.4801939,0.64646424,0.15,1.6964811,0.5,0.03591468,13.921884,2.4815686,32.30635,0.00061619199,-0.20572123,0.019724608,0.12242319,-2.7163193,3.4196949
1528,2528000.0,5.4324166,1.5442053,3.8882113,-0.26956524,1.0298028,1.2180613,0.7690714,-0.61728395,0.5,2.9906118,4.142176,4.1012045,0.72845487,-0.0014354441,-0.036638472,-0.011139162,2.8364707,2.6514691,0.6514864,0.15,1.7310651,0.5,0.036193689,13.814563,2.4858192,32.30635,-0.0092988904,-0.13735213,0.005322792,0.18084083,3.0115017,-3.3617864
1529,2529000.0,5.4478602,1.506447,3.9414132,-0.26608456,1.0046225,1.1682821,0.77804412,-0.61728395,0.5,2.803794,3.9721733,4.0112504,0.42795845,-0.0096995879,-0.12682417,-0.13309101,2.6478546,2.4785113,0.65313835,0.15,1.7169237,0.5,0.036285464,13.779623,2.4965786,32.30635,-0.021332388,-0.19616623,0.0037553385,0.13737911,2.8441647,3.6781146
1530,2530000.0,5.4447807,1.5266562,3.9181245,-0.24800233,1.0180996,1.1744517,0.80168321,-0.61728395,0.5,2.6811153,3.8566568,4.0211651,0.16552399,-0.030202571,0.055381904,0.043272593,2.520438,2.3541148,0.65667014,0.15,1.6873805,0.5,0.036481674,13.705511,2.4927273,32.30635,0.0061864535,-0.20834064,0.023986587,0.19057246,1.6243064,-2.931193
1531,2531000.0,5.4197343,1.5444909,3.8752434,-0.26023456,1.0299933,1.1998988,0.79475771,-0.61728395,0.5,2.949393,4.1840218,4.1742118,0.4899454,-0.0014552924,0.022077131,0.096385977,2.7901037,2.6153073,0.65300381,0.15,1.6938321,0.5,0.036277989,13.782462,2.4636849,32.30635,-0.013332016,-0.12711763,-0.016207241,0.19116796,-4.1348823,5.2223035
1532,2532000.0,5.4272163,1.5430387,3.8841776,-0.24952495,1.0290248,1.1850782,0.81303189,-0.61728395,0.5,2.8014162,4.0848232,4.0173654,0.30205983,0.0054725926,0.21613007,-0.10337027,2.6384642,2.4714569,0.64964608,0.15,1.6944164,0.5,0.036091449,13.853697,2.4744501,32.30635,0.0043753566,-0.14434362,-0.0094209921,0.20334764,-3.1171031,-0.72260937
1533,2533000.0,5.45842,1.5066282,3.9517918,-0.24670338,1.0047433,1.1526647,0.80002844,-0.61728395,0.5,2.9185533,4.0796644,4.0921001,0.58389553,0.050140746,0.025316587,-0.051853772,2.7582076,2.597619,0.64731506,0.15,1.7224309,0.5,0.035961948,13.903585,2.4832211,32.30635,0.03910092,-0.20715822,0.0037606292,0.18906411,-0.48681713,1.3183182
1534,2534000.0,5.4548074,1.5070691,3.9477383,-0.24305054,1.0050374,1.1404179,0.81774423,-0.61728395,0.5,2.6693899,3.8467642,3.9806264,0.18077908,0.017942492,-0.28142922,-0.1611937,2.5054935,2.3518654,0.64377347,0.15,1.7213234,0.5,0.035765193,13.980073,2.4889536,32.30635,0.0024999743,-0.17803415,-0.014923085,0.18738387,5.6453934,1.5383847
1535,2535000.0,5.4824557,1.5615614,3.9208942,-0.24415561,1.0413773,1.1794623,0.85035522,-0.61728395,0.5,2.6740353,3.9897141,3.9408866,0.091505235,0.03015905,-0.0658943,0.052534141,2.5036029,2.3456397,0.64718724,0.15,1.7132722,0.5,0.035954847,13.906331,2.4974235,32.30635,0.020971262,-0.20544223,0.013213081,0.17355075,0.5926569,-2.7724099
1536,2536000.0,5.4767993,1.5380011,3.9387983,-0.26613415,1.0256653,1.1812497,0.81032123,-0.61728395,0.5,2.6093386,3.8763348,3.8863811,0.06529986,0.01734901,-0.28564269,0.068167745,2.4469299,2.2804453,0.65285519,0.15,1.7443433,0.5,0.036269733,13.785599,2.4626422,32.30635,0.0086086765,-0.17492886,0.022978391,0.16262882,1.6927161,-0.54056491
1537,2537000.0,5.4383668,1.5262437,3.9121231,-0.24085983,1.0178245,1.1726935,0.80346816,-0.61728395,0.5,2.7685396,4.0493968,3.9687442,0.28747797,0.021617535,-0.033862374,-0.086289687,2.6075045,2.4420286,0.66008112,0.15,1.7357829,0.5,0.036671174,13.634688,2.4733237,32.30635,0.012695905,-0.18409243,-0.032836104,0.19628051,1.5367147,1.6990097
1538,2538000.0,5.4590116,1.5299157,3.9290959,-0.26608186,1.0202733,1.1674462,0.81661016,-0.61728395,0.5,2.6197023,3.8173503,3.9333992,0.10835723,-0.011506843,-0.011370931,-1.2638734e-05,2.4560332,2.2946523,0.6629222,0.15,1.7204141,0.5,0.036829011,13.576254,2.4874058,32.30635,0.0072057433,-0.14833239,-0.0047330117,0.27976453,-0.48216492,-2.6170861
1539,2539000.0,5.4054005,1.5247098,3.8806907,-0.25875508,1.0168016,1.205311,0.7557116,-0.61728395,0.5,2.8085503,3.9942877,4.0384984,0.39286468,0.03065309,-0.10115515,0.061907065,2.6570868,2.4729577,0.66534635,0.15,1.7269604,0.5,0.036963686,13.52679,2.488949,32.30635,0.0056624604,-0.1513256,-0.021784362,0.2272649,2.0510763,-0.59994
1540,2540000.0,5.4272286,1.517759,3.9094695,-0.25991974,1.0121663,1.1623573,0.80430412,-0.61728395,0.5,2.7474984,3.9266005,3.8953678,0.42052697,-0.06026316,-0.10951494,0.16330021,2.5862958,2.4238653,0.65579353,0.15,1.7672399,0.5,0.036432974,13.723832,2.4875877,32.30635,-0.004370675,-0.23697256,0.022351461,0.235805,0.93476168,2.9615142
1541,2541000.0,5.4576045,1.552177,3.9054275,-0.2732966,1.035119,1.1858687,0.82649852,-0.61728395,0.5,2.4833807,3.7170185,3.8080722,-0.074948476,-0.049347079,-0.041334833,0.018595754,2.3177298,2.1532014,0.64176248,0.15,1.7794535,0.5,0.035653471,14.02388,2.4811683,32.30635,0.015074594,-0.20815524,0.012598851,0.14773598,-0.45885546,-3.60597
1542,2542000.0,5.4434282,1.5392578,3.9041704,-0.252325,1.0265034,1.2024823,0.78282818,-0.61728395,0.5,2.9833118,4.1899984,4.1651712,0.5947658,-0.055480849,0.049231591,0.072435089,2.8264135,2.6485068,0.63243528,0.15,1.8344803,0.5,0.035135293,14.230705,2.4637137,32.30635,0.0052442445,-0.13816703,0.014449309,0.1770157,-2.2173534,4.1503511
1543,2543000.0,5.4476077,1.5548937,3.892714,-0.24438027,1.0369307,1.2011594,0.80958678,-0.61728395,0.5,2.8002745,4.0043876,4.0456336,0.35080234,0.012108886,-0.2725032,0.037367954,2.6380131,2.4658378,0.62967994,0.15,1.753259,0.5,0.034982219,14.292976,2.4901175,32.30635,-0.0041130996,-0.18557273,-0.017775153,0.18521909,-0.31916283,-0.23349613
1544,2544000.0,5.4323341,1.5287169,3.9036172,-0.25515585,1.0194739,1.1941695,0.77757586,-0.61728395,0.5,2.8276239,4.0311553,4.0050419,0.44667438,-0.052619999,-0.11292654,0.022095641,2.6717782,2.4951334,0.63665393,0.15,1.7244434,0.5,0.035369663,14.136408,2.495875,32.30635,-0.038489812,-0.18185264,-0.013135446,0.2737119,2.9652115,-1.4099294
1545,2545000.0,5.448382,1.5208307,3.9275514,-0.2492553,1.0142147,1.1783648,0.7869623,-0.61728395,0.5,2.8558806,4.078438,4.0243045,0.46489925,0.070105421,-0.097974131,0.091788344,2.6981537,2.5277905,0.64260604,0.15,1.7139483,0.5,0.035700335,14.005471,2.4860567,32.30635,-0.0062390779,-0.19682968,0.030727989,0.19522654,0.31295445,1.9311762
1546,2546000.0,5.4046511,1.5221336,3.8825175,-0.26723007,1.0150836,1.1918193,0.77034821,-0.61728395,0.5,3.0343001,4.2155286,4.1585495,0.72882226,0.0019659191,-0.16114671,-0.018292113,2.8799031,2.702464,0.6471649,0.15,1.7147981,0.5,0.035953606,13.906811,2.4753145,32.30635,-0.0078230986,-0.15592563,0.026871569,0.2448189,1.2912786,3.7919631
1547,2547000.0,5.4487022,1.5497302,3.898972,-0.24930142,1.0334873,1.1786954,0.83256377,-0.61728395,0.5,3.1611798,4.347042,4.2300182,0.90647922,0.031965104,-0.10776923,-0.021311829,2.9943132,2.8329977,0.64900327,0.15,1.6726035,0.5,0.036055737,13.867419,2.4740457,32.30635,0.021963383,-0.18491157,0.01093181,0.12924738,2.6415799,5.4392743
1548,2548000.0,5.4525304,1.5519171,3.9006133,-0.24525066,1.0349457,1.1831189,0.82990418,-0.61728395,0.5,2.6572165,3.9149801,3.9014724,0.15519688,0.028334469,-0.14713984,0.03900493,2.4908829,2.3278027,0.64676786,0.15,1.6520194,0.5,0.035931548,13.915348,2.49004,32.30635,-0.0056483436,-0.21607713,-0.01227172,0.17976866,6.0141927,0.88980053
1549,2549000.0,5.4587166,1.5202836,3.938433,-0.24194327,1.0138499,1.1948123,0.76324167,-0.61728395,0.5,2.620348,3.8533659,3.893513,0.11416515,0.035373285,-0.16375362,0.010452208,2.4673753,2.2876785,0.64167954,0.15,1.6753114,0.5,0.035648863,14.025693,2.4909736,32.30635,-0.025206412,-0.24314675,-0.00157991,0.26881023,6.1287379,2.4586759
1550,2550000.0,5.4615429,1.5518468,3.9096961,-0.25742304,1.0348988,1.207319,0.79617367,-0.61728395,0.5,2.4971025,3.7954325,3.85209,-0.15621501,0.028192483,0.16364398,-0.034763575,2.3375294,2.1609508,0.63538179,0.15,1.7300164,0.5,0.035298989,14.164712,2.4774538,32.30635,0.0075834206,-0.18037027,0.0097515964,0.1569075,-2.2543914,-5.3491815
1551,2551000.0,5.4715077,1.566557,3.9049507,-0.25390237,1.0447088,1.2130841,0.81161043,-0.61728395,0.5,2.845651,4.0862099,4.0437171,0.40702606,-0.046203061,-0.21393946,-0.0084499276,2.682984,2.5078942,0.63164888,0.15,1.7046053,0.5,0.035091604,14.248422,2.5019524,32.30635,-0.023779287,-0.20727382,0.0045120855,0.1367897,0.62611502,3.5003164
1552,2552000.0,5.4803478,1.5752156,3.9051322,-0.26255661,1.050483,1.2400988,0.78788202,-0.61728395,0.5,2.8507485,4.0389027,4.0221255,0.49121732,-0.0022432781,-0.15679446,0.010328054,2.6928373,2.50547,0.62920916,0.15,1.693663,0.5,0.034956065,14.30367,2.4865632,32.30635,0.011685041,-0.17603396,-0.0068020894,0.15063839,4.1144089,4.844432
1553,2553000.0,5.5114224,1.5459015,3.9655209,-0.23275088,1.030934,1.1942113,0.80490705,-0.61728395,0.5,2.9364506,4.0823787,4.0822633,0.64470982,-0.0076936656,-0.016954027,-0.12488354,2.7751271,2.6039485,0.63542273,0.15,1.6677212,0.5,0.035301263,14.163799,2.5249971,32.30635,-0.010985971,-0.28042742,0.0027627128,0.24074998,2.1009153,6.6046344
1554,2554000.0,5.5018614,1.5670691,3.9347924,-0.25322964,1.0450503,1.231499,0.78684475,-0.61728395,0.5,2.6116724,3.8701931,3.9121431,0.052680849,-0.072619209,0.018521405,0.016959364,2.453969,2.2687883,0.63582667,0.15,1.639868,0.5,0.035323704,14.154801,2.5121587,32.30635,-0.024596154,-0.17217315,0.028972644,0.16777444,1.3887941,-4.976691
1555,2555000.0,5.4899265,1.5512581,3.9386684,-0.23818398,1.0345062,1.2033057,0.80081056,-0.61728395,0.5,2.6928287,3.9522082,3.9330882,0.19318965,-0.020716745,-0.13855394,0.0075223817,2.5323262,2.3577944,0.64289162,0.15,1.668841,0.5,0.035716201,13.999249,2.5025654,32.30635,0.016151742,-0.16334515,0.0030383835,0.19863074,-2.632735,-6.556649
1556,2556000.0,5.503994,1.5342249,3.9697691,-0.24103192,1.0231471,1.1832521,0.80152101,-0.61728395,0.5,2.7020745,3.9272604,3.9166626,0.26230034,-0.030476783,0.020832592,-0.03186208,2.5414296,2.3726237,0.64858144,0.15,1.6948443,0.5,0.036032302,13.876438,2.5132498,32.30635,-0.0013278112,-0.23429649,0.0045177144,0.20894753,-2.8044295,4.267009
1557,2557000.0,5.5100781,1.5663163,3.9437618,-0.24428707,1.0445483,1.2222288,0.79852301,-0.61728395,0.5,2.4197476,3.7130699,3.7833669,-0.23719394,0.0021591062,-0.02463421,-0.036366554,2.2597037,2.0794446,0.65618861,0.15,1.6480505,0.5,0.036454923,13.715569,2.4915336,32.30635,-0.002953955,-0.1659594,-0.011171148,0.21330926,-1.4829541,-4.0598353
1558,2558000.0,5.5090665,1.5451085,3.9639581,-0.2418805,1.0304051,1.1749067,0.83046078,-0.61728395,0.5,2.7902765,3.9870202,3.9960864,0.38772292,-0.03366415,-0.091850754,0.11387412,2.6238314,2.4631493,0.65759286,0.15,1.626915,0.5,0.036532937,13.68628,2.48788,32.30635,0.021538625,-0.15654448,0.013166889,0.22573729,1.9580129,1.0817788
1559,2559000.0,5.4544196,1.5337267,3.920693,-0.2493182,1.0228148,1.1897127,0.79175188,-0.61728395,0.5,2.6859096,3.971923,3.9298398,0.15596591,0.037907528,-0.041136497,-0.036009211,2.5272227,2.35466,0.65444278,0.15,1.6384778,0.5,0.036357932,13.752157,2.4879251,32.30635,0.02711553,-0.19363595,0.019831864,0.17918951,3.670494,-3.9244256
1560,2560000.0,5.4584059,1.5453605,3.9130454,-0.26164139,1.0305732,1.1953481,0.80246547,-0.61728395,0.5,2.8952309,4.0585897,4.0975045,0.52959852,0.02060792,-0.1307422,-0.062510222,2.7343968,2.5624122,0.65532311,0.15,1.6662805,0.5,0.03640684,13.733683,2.499312,32.30635,0.028580271,-0.21534366,-0.028377919,0.22128243,2.8702078,0.80154424
1561,2561000.0,5.4198471,1.5285897,3.8912574,-0.25951053,1.0193891,1.1990941,0.77053192,-0.61728395,0.5,2.6185229,3.790138,3.9340823,0.13134847,-0.034681481,0.052225029,0.0022386039,2.4640891,2.2846613,0.65003377,0.15,1.6731827,0.5,0.036112987,13.845434,2.4817607,32.30635,0.021890162,-0.19813899,-0.016188365,0.25483017,-0.58255546,6.11653
1562,2562000.0,5.4227502,1.5169249,3.9058253,-0.23498995,1.01161,1.1846184,0.7720499,-0.61728395,0.5,2.778518,4.0422412,3.99717,0.29614283,0.052418837,0.013841963,-0.033625086,2.6237799,2.4486868,0.65214895,0.15,1.6722094,0.5,0.036230497,13.800528,2.5146696,32.30635,0.0074201372,-0.15864302,0.0060296233,0.20869419,-1.739947,2.9399397
1563,2563000.0,5.4714733,1.5619068,3.9095665,-0.25379425,1.0416076,1.2143829,0.80239443,-0.61728395,0.5,3.0824931,4.2228972,4.2084477,0.81613431,-0.079315202,0.018582857,0.051051575,2.9216732,2.7443746,0.64700323,0.15,1.6531995,0.5,0.035944624,13.910286,2.4743738,32.30635,-0.0084295833,-0.17516234,0.0071647462,0.14060624,-4.327141,1.8264409
1564,2564000.0,5.4827473,1.56097,3.9217773,-0.26096974,1.0409829,1.2031728,0.8164743,-0.61728395,0.5,2.7633861,4.0252724,3.981272,0.28361398,0.023159802,-0.034177426,0.040184708,2.5997443,2.4283888,0.64823815,0.15,1.6443947,0.5,0.036013231,13.883786,2.4852168,32.30635,-0.0026851074,-0.18988908,-0.012241864,0.19576485,-0.33282472,-2.5255855
1565,2565000.0,5.4749952,1.5007157,3.9742795,-0.23233136,1.0008004,1.1536792,0.78919565,-0.61728395,0.5,2.5605738,3.8081649,3.8407724,0.032784088,-0.0090783207,0.02578303,-0.05055428,2.4023993,2.239357,0.65528319,0.15,1.6408682,0.5,0.036404622,13.73452,2.4848469,32.30635,0.022763566,-0.19724803,0.0030758289,0.24922518,-4.1024923,2.1396363
1566,2566000.0,5.4746575,1.5514104,3.9232471,-0.23509245,1.0346078,1.1992892,0.80663299,-0.61728395,0.5,2.6142282,3.9516408,3.9258254,-0.034781519,-0.0072701848,-0.020942321,0.0036775197,2.4525588,2.2803122,0.65216694,0.15,1.6786233,0.5,0.036231497,13.800147,2.4920611,32.30635,-0.022080848,-0.18106202,0.011568642,0.1734991,2.282967,-0.33266026
1567,2567000.0,5.4665322,1.5469757,3.9195565,-0.25486232,1.0316504,1.2021098,0.79564668,-0.61728395,0.5,3.035389,4.1953716,4.2431358,0.66765965,0.014416013,-0.0061815255,0.05507751,2.8759216,2.7006877,0.65253425,0.15,1.645922,0.5,0.036251903,13.792379,2.4969963,32.30635,-0.0037631351,-0.16122488,-0.013419211,0.18035999,4.5479279,-2.5356591
1568,2568000.0,5.4637292,1.5311052,3.9326241,-0.26073322,1.0210666,1.1862303,0.79241134,-0.61728395,0.5,2.9818962,4.0985193,4.0943835,0.75278583,0.004870597,0.068074261,0.071607606,2.8230772,2.6516162,0.64757209,0.15,1.6618658,0.5,0.035976227,13.898066,2.4760793,32.30635,-0.0017039908,-0.098452645,0.00085767788,0.20358651,-1.9827013,1.0577278
1569,2569000.0,5.411997,1.521846,3.8901511,-0.267674,1.0148918,1.1927008,0.76866514,-0.61728395,0.5,2.894911,4.0078391,4.1246925,0.55220147,0.0068615398,-0.11881617,-0.091867204,2.7408513,2.5628295,0.64160252,0.15,1.6860704,0.5,0.035644584,14.027376,2.4944885,32.30635,0.014356058,-0.19691362,0.0067298818,0.23228402,-2.9415269,4.2709981
1570,2570000.0,5.4194682,1.5170927,3.9023754,-0.24120831,1.0117219,1.162718,0.80274116,-0.61728395,0.5,2.8087173,4.1209708,4.0223468,0.28283437,-0.016420575,-0.073849649,-0.096885112,2.6478279,2.4849838,0.63853426,0.15,1.6722612,0.5,0.035474125,14.09478,2.4844574,32.30635,0.019825064,-0.18847344,-0.012178004,0.20260015,-0.09802184,-2.3394961
1571,2571000.0,5.430043,1.5064055,3.9236374,-0.25851873,1.0045948,1.1804245,0.76110998,-0.61728395,0.5,2.5273267,3.7646031,3.8146177,0.0027591911,-0.024495752,-0.27607595,-0.036180582,2.3747812,2.1986632,0.63838661,0.15,1.6434592,0.5,0.035465923,14.09804,2.4657202,32.30635,0.05357361,-0.18767571,0.00098900436,0.20301156,4.6732976,-0.11944803
1572,2572000.0,5.4206811,1.5439034,3.8767776,-0.26436791,1.0296015,1.1875966,0.81091146,-0.61728395,0.5,2.7993336,4.0363308,3.9840174,0.3776525,0.047208016,-0.19640219,-0.094541751,2.6368066,2.4686731,0.64071364,0.15,1.6156495,0.5,0.035595202,14.046837,2.4771152,32.30635,0.00063077386,-0.15695774,0.021391747,0.1484616,1.1587824,6.2137845
1573,2573000.0,5.4443356,1.5129283,3.9314073,-0.23643122,1.0089448,1.1757675,0.7779756,-0.61728395,0.5,2.8564009,4.0653626,4.109306,0.39453404,0.05229086,0.045969707,-0.0088257169,2.7004751,2.529034,0.64459514,0.15,1.6621298,0.5,0.035810841,13.962252,2.4948725,32.30635,-0.015734055,-0.1840649,0.0056451136,0.18524156,-3.2073631,8.9621612
1574,2574000.0,5.4194817,1.5299461,3.8895356,-0.25456084,1.0202936,1.18312,0.79488482,-0.61728395,0.5,2.550674,3.8073153,3.8822679,-0.03756121,0.001712882,0.10672787,-0.0608081,2.3913592,2.22126,0.64750144,0.15,1.6722543,0.5,0.035972302,13.899583,2.4969029,32.30635,-0.016434401,-0.173817,0.0036472118,0.14319191,-6.101338,-3.5511534
1575,2575000.0,5.421373,1.5249924,3.8963806,-0.25785211,1.0169901,1.1666825,0.80982437,-0.61728395,0.5,2.7799101,3.9809641,4.0577131,0.30105306,0.046813831,-0.39230572,0.091789936,2.617601,2.4550728,0.64801555,0.15,1.6919116,0.5,0.036000864,13.888556,2.4847534,32.30635,0.026081618,-0.18963258,-0.035070372,0.2389535,1.078641,-2.0056354
1576,2576000.0,5.491268,1.5615811,3.9296869,-0.25952458,1.0413905,1.1906392,0.83485989,-0.61728395,0.5,2.7049184,3.9336137,3.9379713,0.24317027,-0.040810404,0.052394243,0.020524011,2.5375917,2.3734109,0.65029681,0.15,1.6951498,0.5,0.036127601,13.839834,2.4704591,32.30635,-0.012886727,-0.10909227,-0.012001993,0.16868197,-0.18572769,-2.3790317
1577,2577000.0,5.4460497,1.5425955,3.9034542,-0.26639062,1.0287293,1.190343,0.80501166,-0.61728395,0.5,2.8255806,3.9426097,4.069273,0.46485928,0.018401423,-0.09827981,-0.034838384,2.6642362,2.4941555,0.65706291,0.15,1.7228573,0.5,0.036503495,13.697319,2.4888262,32.30635,0.0020985948,-0.17333565,-0.017718703,0.16719318,-0.89187719,-0.44885509
1578,2578000.0,5.4450609,1.5864539,3.858607,-0.26189285,1.0579776,1.2236211,0.82868444,-0.61728395,0.5,2.7610789,3.9568042,4.0078722,0.31856022,0.054013225,-0.2135623,0.029423816,2.5949898,2.4203882,0.65812112,0.15,1.6912336,0.5,0.036562284,13.675294,2.4782549,32.30635,0.030347027,-0.17382637,-0.031190455,0.17807312,4.877463,7.5130529
1579,2579000.0,5.4279757,1.5416241,3.8863516,-0.27809384,1.0280814,1.2167934,0.76671871,-0.61728395,0.5,2.5818906,3.8352746,3.8168547,0.093542418,0.015570236,-0.15523324,-0.15769415,2.428221,2.2431009,0.65724639,0.15,1.6861587,0.5,0.036513688,13.693495,2.4987683,32.30635,-0.0089358978,-0.18520776,0.016219022,0.19698912,3.9727925,-0.94620463
1580,2580000.0,5.4641546,1.5374319,3.9267227,-0.26514503,1.0252857,1.1854694,0.80355202,-0.61728395,0.5,2.7719253,3.9897691,4.0188781,0.30712882,-0.0050678949,0.035879355,-0.090216969,2.6108734,2.4418572,0.65203175,0.15,1.6691429,0.5,0.036223986,13.803009,2.4862138,32.30635,0.017543249,-0.24260922,-0.0016876258,0.21124018,-6.8816482,1.3241399
1581,2581000.0,5.4740107,1.5458887,3.928122,-0.2651695,1.0309254,1.2053725,0.78938161,-0.61728395,0.5,2.9345649,4.0913599,4.1350925,0.57724248,-0.0071178103,-0.10158498,0.064536303,2.7763531,2.5989552,0.64909136,0.15,1.5976198,0.5,0.036060631,13.865537,2.4766323,32.30635,-0.016193279,-0.19822321,-0.0087488792,0.14208433,-1.4109603,5.6934986
1582,2582000.0,5.431835,1.556763,3.875072,-0.28248253,1.0381773,1.2252152,0.77914807,-0.61728395,0.5,2.5666885,3.8564586,3.7667583,0.076848525,0.030692704,-0.01792465,0.0033098033,2.4105277,2.225554,0.64712327,0.15,1.5887527,0.5,0.035951293,13.907706,2.478573,32.30635,-0.0077598487,-0.16255475,0.0054922513,0.24641493,-0.50073011,-4.7731398
1583,2583000.0,5.4254041,1.5264275,3.8989766,-0.25521694,1.0179471,1.2077526,0.7550574,-0.61728395,0.5,2.8026424,3.9822735,4.0256503,0.40000349,0.006120697,0.24978647,0.15527301,2.65131,2.46637,0.64868877,0.15,1.6247276,0.5,0.036038265,13.874142,2.4717822,32.30635,0.00042127188,-0.13249256,0.028822939,0.17222656,-3.8948928,0.81586478
1584,2584000.0,5.5108576,1.5615011,3.9493565,-0.23673098,1.0413371,1.1933539,0.83096107,-0.61728395,0.5,2.7470271,3.9961865,3.9579879,0.286907,-0.0064557791,0.14335439,0.012648453,2.5804818,2.4147637,0.6467704,0.15,1.6157336,0.5,0.035931689,13.915294,2.4818378,32.30635,-0.005624972,-0.17927677,0.014620753,0.14413238,0.24446387,2.5964935
1585,2585000.0,5.4341373,1.510799,3.9233384,-0.24178114,1.0075248,1.1953168,0.74742406,-0.61728395,0.5,2.7765124,3.9366724,4.0967909,0.29607401,-0.042411906,-0.21749501,0.021935602,2.62671,2.4437025,0.64747698,0.15,1.6649974,0.5,0.035970943,13.900108,2.4759889,32.30635,0.0063576075,-0.14138045,-0.0026417442,0.22521294,2.3617663,4.8780261
1586,2586000.0,5.410651,1.5261563,3.8844948,-0.26962477,1.0177663,1.2047852,0.75874745,-0.61728395,0.5,2.6848674,3.9235732,3.9078861,0.22314292,-0.036541011,-0.11182918,0.0044592353,2.5327955,2.3494212,0.64798663,0.15,1.6793792,0.5,0.035999257,13.889175,2.4812798,32.30635,0.0068699802,-0.17297869,-0.00012720705,0.19649039,-0.34595715,1.1214588
1587,2587000.0,5.4317652,1.5092055,3.9225598,-0.23677017,1.0064621,1.1811927,0.76450536,-0.61728395,0.5,2.75078,3.9710546,4.0111242,0.27016124,-0.017865885,0.36220166,0.060662155,2.597554,2.4219026,0.64994728,0.15,1.6769331,0.5,0.036108182,13.847277,2.4727308,32.30635,0.0071333959,-0.22401025,0.021155,0.18570976,-5.341321,2.5809547
1588,2588000.0,5.4445239,1.5433948,3.9011291,-0.27031148,1.0292623,1.1954647,0.79917061,-0.61728395,0.5,2.6280516,3.8669625,3.8252314,0.19196078,0.0062872908,0.12558034,0.12592905,2.4678778,2.2952005,0.6511505,0.15,1.6659953,0.5,0.036175028,13.821689,2.4747839,32.30635,0.0055400051,-0.18969361,0.01146549,0.15569141,-2.9296426,-1.4411684
1589,2589000.0,5.4345682,1.5315832,3.902985,-0.25635829,1.0213854,1.1956147,0.78013659,-0.61728395,0.5,2.636074,3.9268855,3.9340632,0.047273165,0.048746996,-0.20913267,-0.010942944,2.4797151,2.3031811,0.64845198,0.15,1.6656386,0.5,0.03602511,13.879208,2.5122259,32.30635,-0.0023681804,-0.18061385,-0.0097322712,0.16522036,2.5889737,-0.50354623
1590,2590000.0,5.4377882,1.5374206,3.9003676,-0.2605621,1.0252782,1.1933669,0.79256301,-0.61728395,0.5,2.4684018,3.6603711,3.85257,-0.10773555,0.036114603,-0.051338913,0.052918205,2.3095524,2.1361348,0.64841525,0.15,1.6779219,0.5,0.036023069,13.879994,2.5075726,32.30635,-0.010315571,-0.19429878,-0.011426612,0.18223246,1.1924868,-4.4850868
1591,2591000.0,5.4817431,1.5541627,3.9275804,-0.24152941,1.0364432,1.1801312,0.83763387,-0.61728395,0.5,2.9179462,4.0892039,4.1115,0.5531349,0.030363882,0.10916202,0.1076235,2.7500635,2.5893644,0.64635846,0.15,1.6731944,0.5,0.035908803,13.924162,2.4628063,32.30635,-0.0081877764,-0.20837383,0.016856297,0.22266224,-0.86650469,7.5884861
1592,2592000.0,5.4831195,1.5367248,3.9463947,-0.23663472,1.0248142,1.1909076,0.79487051,-0.61728395,0.5,2.7613071,3.9738171,4.0198012,0.29030307,0.017552,0.21295569,-0.09238509,2.6019952,2.4297248,0.65435171,0.15,1.6824179,0.5,0.036352873,13.754071,2.4861785,32.30635,0.0093062224,-0.11324154,-0.001651423,0.15550556,-0.29452165,-3.7962674
1593,2593000.0,5.4844171,1.5521558,3.9322613,-0.26120914,1.0351049,1.2084435,0.79510413,-0.61728395,0.5,2.8538387,4.0026455,4.0919055,0.46696494,0.041775407,-0.14192845,-0.066394288,2.6944799,2.5173739,0.65152701,0.15,1.611607,0.5,0.036195945,13.813702,2.4796771,32.30635,-0.013169949,-0.14584529,-0.023888237,0.14487125,5.7559044,-2.7970074
1594,2594000.0,5.4316809,1.5224193,3.9092616,-0.25411773,1.0152741,1.1820002,0.78444401,-0.61728395,0.5,2.5764433,3.8098311,3.8580656,0.061433335,-0.018474034,-0.12979144,-0.16219539,2.4192212,2.2473411,0.65198146,0.15,1.6574493,0.5,0.036221192,13.804074,2.4788636,32.30635,-0.0058033246,-0.17910554,-0.0021273451,0.22549341,-1.5021393,0.38152052
1595,2595000.0,5.4223005,1.5155407,3.9067599,-0.25089776,1.0106869,1.1798833,0.77642153,-0.61728395,0.5,2.669027,3.8826714,3.9455438,0.1788659,-0.038878123,-0.10213114,-0.034586286,2.5134127,2.3405142,0.64915916,0.15,1.6628054,0.5,0.036064398,13.864088,2.4759708,32.30635,0.016046057,-0.17743232,0.011979794,0.16179131,-4.4548159,0.17448871
1596,2596000.0,5.4453744,1.526135,3.9192394,-0.24085828,1.0177521,1.1898881,0.77940845,-0.61728395,0.5,2.7541689,3.9795349,3.9631626,0.31980911,0.018675737,-0.035051769,-0.054060771,2.597956,2.4228704,0.64812796,0.15,1.6547411,0.5,0.036007109,13.886147,2.4788742,32.30635,-0.021580806,-0.20193845,0.0060664247,0.17366545,-3.3369341,-2.8745209
1597,2597000.0,5.4399541,1.5413894,3.8985647,-0.26503242,1.027925,1.1855274,0.80977909,-0.61728395,0.5,2.9242711,4.1063031,4.1311169,0.53539332,0.047237962,0.092688118,-0.017487829,2.7619712,2.5941868,0.64516027,0.15,1.6279139,0.5,0.035842237,13.950022,2.4598959,32.30635,-0.012582783,-0.2296153,-0.00084876107,0.1669113,-0.10491682,10.583181
1598,2598000.0,5.4549917,1.5495537,3.905438,-0.26207134,1.0333696,1.2000051,0.80267927,-0.61728395,0.5,2.7330772,3.9856695,3.8970264,0.31653566,0.067956348,0.1047799,-0.067670937,2.5722002,2.3989619,0.647918,0.15,1.6354895,0.5,0.035995445,13.890647,2.510271,32.30635,0.014004391,-0.19525065,0.046209646,0.20667485,-1.3862511,5.8108933
1599,2599000.0,5.4343574,1.5020748,3.9322826,-0.249715,1.0017067,1.1411937,0.80870644,-0.61728395,0.5,2.758097,3.957528,4.0126683,0.30409473,-0.0069241156,0.31786316,0.013142763,2.596012,2.4403565,0.6486071,0.15,1.6052499,0.5,0.036033728,13.875889,2.4895334,32.30635,-0.036751857,-0.20116749,0.0083049729,0.20563121,2.0713812,-2.4093882
1600,2600000.0,5.4580599,1.516173,3.941887,-0.24083183,1.0111086,1.1621183,0.80210831,-0.61728395,0.5,2.7363302,3.9040859,3.9432896,0.36161507,0.039072292,0.36094718,0.071802507,2.5755676,2.4127636,0.65157724,0.15,1.6549543,0.5,0.036198736,13.812637,2.4846805,32.30635,0.019022009,-0.16812828,0.012219538,0.18263631,-1.2421652,0.090299501
1601,2601000.0,5.4769127,1.5095302,3.9673825,-0.24939648,1.0066786,1.1629368,0.79038377,-0.61728395,0.5,2.6458034,3.7870604,3.9237867,0.22656326,0.018295593,-0.31573006,0.093337177,2.4873908,2.322009,0.65497949,0.15,1.6933336,0.5,0.03638775,13.740888,2.4708058,32.30635,0.0039691553,-0.24084971,-0.01064535,0.14564831,1.6145366,-1.3665765
1602,2602000.0,5.4416872,1.5359951,3.905692,-0.24313238,1.0243276,1.2111013,0.76565457,-0.61728395,0.5,2.6543698,3.9360637,3.9393386,0.087707118,-0.054580957,-0.30805666,-0.073139841,2.5009135,2.317165,0.66021602,0.15,1.7291107,0.5,0.036678668,13.631902,2.5009188,32.30635,0.0056054228,-0.1651352,-0.004939062,0.15608497,-2.1747748,1.5058616
1603,2603000.0,5.4427773,1.5346039,3.9081734,-0.25821085,1.0233998,1.1963634,0.78391093,-0.61728395,0.5,2.9494019,4.108096,4.1191824,0.62092741,-0.0072223037,-0.13925018,-0.10823385,2.7922866,2.6163006,0.65465682,0.15,1.7623359,0.5,0.036369823,13.747661,2.4806833,32.30635,-0.0087097264,-0.1964913,0.0054278647,0.19917265,3.0661819,0.66839627
1604,2604000.0,5.4416088,1.5578778,3.883731,-0.25889726,1.0389208,1.2229923,0.78401282,-0.61728395,0.5,2.7766421,3.9818802,4.0530503,0.29499571,0.01475417,-0.038618481,0.088801881,2.6195063,2.4361265,0.65177267,0.15,1.7668018,0.5,0.036209593,13.808496,2.4846705,32.30635,0.0088786465,-0.17588623,0.012321205,0.1206015,4.6074994,2.0119337
1605,2605000.0,5.4466176,1.566783,3.8798346,-0.24130971,1.0448595,1.2022872,0.82696946,-0.61728395,0.5,2.9395494,4.1531317,4.0969429,0.56857372,0.019151326,-0.076200606,-0.12831542,2.7738041,2.6047987,0.64462189,0.15,1.7688332,0.5,0.035812327,13.961673,2.4940575,32.30635,0.031750601,-0.16587649,0.023725867,0.19043908,0.52833667,7.8773178
1606,2606000.0,5.453453,1.5534597,3.8999933,-0.23886066,1.0359744,1.2111486,0.79342433,-0.61728395,0.5,2.6744437,4.040519,3.8702506,0.11256162,0.035524135,-0.02392455,-0.082156102,2.5154217,2.3372258,0.64156685,0.15,1.7565625,0.5,0.035642603,14.028156,2.4887458,32.30635,-0.019489625,-0.17583604,0.0049644067,0.16608063,-2.3016032,-2.2764192
1607,2607000.0,5.4302961,1.569964,3.860332,-0.2762984,1.0469809,1.2020105,0.83242384,-0.61728395,0.5,2.8280036,4.0421079,4.0777388,0.36416414,-0.02731688,0.46457974,0.045133422,2.661165,2.4933299,0.63916571,0.15,1.7497294,0.5,0.035509206,14.080855,2.4804267,32.30635,0.0010612687,-0.1893332,0.012051758,0.18966166,-1.0174457,-3.0932601
1608,2608000.0,5.4618559,1.5473572,3.9144987,-0.2493358,1.0319047,1.1864593,0.81799611,-0.61728395,0.5,3.0239135,4.2222605,4.1877503,0.6617296,0.0071453733,-0.37390737,-0.052829925,2.8599666,2.6935697,0.63481275,0.15,1.7043273,0.5,0.035267375,14.177409,2.4792346,32.30635,-0.0025607713,-0.23371024,0.023865615,0.19202732,2.3586988,3.7210861
1609,2609000.0,5.490383,1.545352,3.945031,-0.24285143,1.0305676,1.1763759,0.82880798,-0.61728395,0.5,2.8034366,3.9867617,4.0222871,0.40126099,0.015691898,-0.18263184,0.013788077,2.6373228,2.4759003,0.63642859,0.15,1.6749789,0.5,0.035357144,14.141414,2.4850618,32.30635,0.015786959,-0.19823706,0.028059808,0.16044013,2.5961162,7.1814297
1610,2610000.0,5.438508,1.540292,3.898216,-0.26240772,1.0271931,1.1787698,0.81741759,-0.61728395,0.5,2.5382739,3.7940105,3.8266798,-0.0058684918,0.030275608,-0.23399896,0.034795913,2.374443,2.2100711,0.6386172,0.15,1.6940151,0.5,0.035478733,14.09295,2.4750464,32.30635,0.0041780481,-0.14733678,0.0025615868,0.18073703,-1.0667606,0.18713358
1611,2611000.0,5.4483593,1.5371393,3.9112201,-0.25626002,1.0250906,1.1728265,0.82064915,-0.61728395,0.5,2.7919176,4.0645234,4.0785936,0.23263591,0.037051412,0.1060262,-0.049134867,2.627439,2.4653696,0.64892333,0.15,1.6718135,0.5,0.036051296,13.869127,2.4896547,32.30635,0.0012954984,-0.17571498,-0.025339698,0.21713548,-2.809501,-6.0943403
1612,2612000.0,5.4793214,1.5176155,3.9617059,-0.24572715,1.0120706,1.163225,0.80287003,-0.61728395,0.5,2.6953155,3.9240677,3.9258786,0.23600024,0.00057293024,0.31859771,-0.044001495,2.5344003,2.3714408,0.65113303,0.15,1.747875,0.5,0.036174057,13.82206,2.4818887,32.30635,0.038381913,-0.20947392,-0.0044836732,0.1854503,-1.0601901,-2.4275532
1613,2613000.0,5.4209647,1.5340056,3.8869591,-0.23652568,1.0230008,1.185359,0.79824456,-0.61728395,0.5,2.9194329,4.165917,4.0642166,0.52816506,0.032999114,0.19137959,-0.10781697,2.7594447,2.5893955,0.65694743,0.15,1.7944689,0.5,0.036497079,13.699726,2.4816221,32.30635,0.012273094,-0.19440465,0.0023974953,0.17581116,-4.1340074,4.1844866
1614,2614000.0,5.4584972,1.5448142,3.913683,-0.25266303,1.0302089,1.2007814,0.7940469,-0.61728395,0.5,2.8611072,4.0513791,4.0767305,0.45521199,-0.048490647,-0.21322216,0.022064588,2.7019603,2.5267757,0.65623366,0.15,1.785343,0.5,0.036457426,13.714627,2.4800707,32.30635,-0.050177101,-0.28859654,-0.0075531234,0.14571706,-3.5623718,3.5321538
1615,2615000.0,5.503172,1.5447273,3.9584447,-0.24542548,1.0301509,1.1913698,0.80698296,-0.61728395,0.5,2.5711506,3.835433,3.8326006,0.045418021,-0.025218593,-0.26274502,-0.018442141,2.409411,2.2394396,0.65907265,0.15,1.7421811,0.5,0.036615147,13.655551,2.4627288,32.30635,-0.020355983,-0.22756039,-0.0020699067,0.25139486,-1.2645893,-8.5790562
1616,2616000.0,5.4441458,1.5541794,3.8899665,-0.26181949,1.0364543,1.2087322,0.79792816,-0.61728395,0.5,2.9379949,4.1551203,4.123447,0.53541735,-0.034360516,0.031387624,0.074319793,2.7780701,2.6014497,0.65483731,0.15,1.6828606,0.5,0.03637985,13.743872,2.477692,32.30635,-0.01029264,-0.19037302,-0.031027981,0.16344621,-0.98706334,0.031811396
1617,2617000.0,5.4371297,1.5252731,3.9118566,-0.24839097,1.0171773,1.1969991,0.76815619,-0.61728395,0.5,2.7220747,3.9586807,3.9821386,0.22540479,0.015607316,0.032405499,0.035671566,2.568117,2.3887963,0.65174176,0.15,1.6762365,0.5,0.036207876,13.80915,2.4870118,32.30635,0.01065928,-0.1552628,0.0033075263,0.21699976,2.7895186,0.2946394
1618,2618000.0,5.4877469,1.5775827,3.9101642,-0.27006832,1.0520616,1.2165366,0.82438713,-0.61728395,0.5,3.087548,4.2153252,4.216847,0.83047181,-0.082621026,0.052712025,0.014316968,2.9223202,2.7488299,0.64436146,0.15,1.6917636,0.5,0.035797859,13.967316,2.4821695,32.30635,0.030203082,-0.18940412,-0.02544529,0.21303758,-0.11721727,0.69637843
1619,2619000.0,5.4870679,1.5453882,3.9416797,-0.26094117,1.0305917,1.201336,0.7941913,-0.61728395,0.5,2.9520346,4.0411641,4.1897487,0.62519104,0.058638956,-0.22817535,-0.092677927,2.7928588,2.6175487,0.64094485,0.15,1.6749839,0.5,0.035608047,14.04177,2.464107,32.30635,0.0072536319,-0.16506815,-0.016386061,0.1966302,2.639074,3.5109574
1620,2620000.0,5.4822634,1.5221627,3.9601007,-0.23144945,1.015103,1.1714663,0.79866865,-0.61728395,0.5,2.8616988,3.9843274,4.0321303,0.5686387,-0.034362417,-0.16503916,-0.052203452,2.7016257,2.5355295,0.63878361,0.15,1.662904,0.5,0.035487979,14.089278,2.4919067,32.30635,0.011615462,-0.18115886,0.0045720693,0.19894298,1.1493023,3.5548086
1621,2621000.0,5.4869511,1.5381858,3.9487652,-0.26108852,1.0257885,1.1816186,0.81010324,-0.61728395,0.5,2.5889832,3.7401516,3.8402494,0.18654875,0.013452405,-0.16083544,0.0036602329,2.4266183,2.2599873,0.64089108,0.15,1.675477,0.5,0.03560506,14.042948,2.4858301,32.30635,0.031151641,-0.19110594,-0.017212018,0.19984468,-0.70105873,-2.7253843
1622,2622000.0,5.4871281,1.5447348,3.9423933,-0.2554259,1.0301559,1.1803454,0.82230981,-0.61728395,0.5,2.6996423,3.9283978,3.9697173,0.20081169,0.0093126789,0.063194593,0.17052866,2.5348308,2.3710008,0.64926389,0.15,1.6833818,0.5,0.036070216,13.861852,2.4935674,32.30635,-0.0094441483,-0.17903733,0.017732158,0.17337489,-0.27421473,3.8653323
1623,2623000.0,5.4793907,1.5392833,3.9401075,-0.24703323,1.0265204,1.1948551,0.79346439,-0.61728395,0.5,2.4957645,3.8060388,3.8451548,-0.16390014,-0.098018817,-0.1494804,-0.04020106,2.3367344,2.1630831,0.65126188,0.15,1.6327923,0.5,0.036181215,13.819326,2.4876059,32.30635,-0.0016687292,-0.14776448,0.0019008801,0.21521372,4.4741693,1.4402866
1624,2624000.0,5.4870727,1.5689367,3.918136,-0.2658932,1.0462958,1.2029327,0.82950535,-0.61728395,0.5,2.9210176,4.0657455,4.0874228,0.60988448,-0.047541605,0.29302959,0.0047268886,2.754764,2.5860872,0.65285646,0.15,1.6754928,0.5,0.036269803,13.785572,2.4751579,32.30635,-0.022804981,-0.21736169,0.0051166383,0.2296715,-0.28117973,4.9172903
1625,2625000.0,5.4439336,1.5568777,3.887056,-0.25022353,1.0382538,1.2215654,0.78440107,-0.61728395,0.5,2.8419587,4.0734501,4.0459161,0.40650983,0.009727531,-0.26599541,-0.03206139,2.6847451,2.5018404,0.64892383,0.15,1.6417496,0.5,0.036051324,13.869116,2.4688946,32.30635,-0.0054923463,-0.18111276,0.01420934,0.19543042,3.291128,0.37600827
1626,2626000.0,5.4309708,1.4964674,3.9345034,-0.24396846,0.99796727,1.1696102,0.76029344,-0.61728395,0.5,2.97705,4.1382004,4.1626977,0.63025196,-0.0053619743,-0.11404723,-0.061381375,2.8246682,2.6513975,0.64369929,0.15,1.5993049,0.5,0.035761072,13.981684,2.4838805,32.30635,-0.00085638191,-0.16915248,-0.019488815,0.26354051,1.4250858,4.8784197
1627,2627000.0,5.4480929,1.5472145,3.9008784,-0.27756374,1.0318096,1.2037574,0.79373831,-0.61728395,0.5,2.5244238,3.6988227,3.811865,0.062583825,0.016547223,-0.30951703,0.032221366,2.3653388,2.1892638,0.64463885,0.15,1.6171064,0.5,0.03581327,13.961306,2.5228816,32.30635,-0.0027635207,-0.1714698,0.010718692,0.18674427,3.7697015,2.0998022
1628,2628000.0,5.4343061,1.5452572,3.8890489,-0.24514523,1.0305043,1.2024995,0.79236632,-0.61728395,0.5,2.5128572,3.8413829,3.8365132,-0.13932449,-0.024935762,-0.24048287,-0.14536902,2.3540472,2.1780474,0.64454515,0.15,1.6491083,0.5,0.035808064,13.963335,2.4885179,32.30635,0.011268445,-0.15482497,0.0045823819,0.17317916,3.0079837,-1.1612751
1629,2629000.0,5.4894202,1.5387024,3.9507178,-0.25942648,1.026133,1.1812383,0.81145491,-0.61728395,0.5,2.5981622,3.8624126,3.8732366,0.058837432,0.026009461,-0.14139639,-0.056336301,2.4355264,2.2692721,0.644365,0.15,1.6524915,0.5,0.035798056,13.967239,2.483838,32.30635,0.002652241,-0.16947506,-0.0043016169,0.19083419,1.0197706,3.6588013
1630,2630000.0,5.4783914,1.5814822,3.8969092,-0.26230867,1.0546621,1.2094433,0.84045615,-0.61728395,0.5,2.7134242,3.9161899,3.9517729,0.27230971,0.015169128,-0.2458285,0.0058003214,2.5449758,2.376681,0.64519822,0.15,1.6458316,0.5,0.035844346,13.949202,2.4756853,32.30635,-0.013984053,-0.16643623,0.0043688851,0.13981805,3.0638481,-3.9386462
1631,2631000.0,5.4622202,1.5221317,3.9400885,-0.24882345,1.0150823,1.1873346,0.77657525,-0.61728395,0.5,2.844687,3.9834582,4.0580487,0.4925542,-0.016412243,0.072081571,0.11495531,2.6890419,2.5140996,0.65087306,0.15,1.6066016,0.5,0.036159614,13.827581,2.489101,32.30635,0.01097178,-0.13496675,0.009559087,0.22907199,1.7350075,2.820436
1632,2632000.0,5.4412807,1.5849146,3.856366,-0.24794396,1.0569511,1.2320906,0.81446549,-0.61728395,0.5,2.8778625,4.0921035,4.0921391,0.4493448,-0.057439745,-0.25263518,-0.01220846,2.7146232,2.5348137,0.6550672,0.15,1.5901593,0.5,0.036392622,13.739048,2.4707841,32.30635,-0.009024793,-0.19986289,-0.02229808,0.15944159,1.9078768,2.4622353
1633,2633000.0,5.4403202,1.5464448,3.8938754,-0.25974292,1.0312963,1.184216,0.81965833,-0.61728395,0.5,2.5132936,3.8350158,3.7501711,-0.045306229,-0.024705424,-0.33310948,0.040279841,2.3490135,2.1835744,0.65972384,0.15,1.5143921,0.5,0.036651324,13.642072,2.5102322,32.30635,0.0035790133,-0.18786733,0.0076446906,0.18469822,2.8212182,-5.8468696
1634,2634000.0,5.4382091,1.5289905,3.9092186,-0.25938592,1.0196563,1.1847392,0.79111231,-0.61728395,0.5,2.5632229,3.8599179,3.849558,-0.019807367,0.06617637,-0.21494217,0.012546966,2.4046642,2.233358,0.65803081,0.15,1.6101056,0.5,0.036557267,13.677171,2.4773856,32.30635,-0.015437046,-0.2028856,-0.029883764,0.17418184,1.6348387,1.7531052
1635,2635000.0,5.4602788,1.5185274,3.9417514,-0.24068495,1.0126787,1.1683287,0.79723336,-0.61728395,0.5,2.5129883,3.8235761,3.7842675,-0.068878547,0.020964513,0.05929105,0.017639307,2.3532028,2.1876926,0.65217594,0.15,1.6268271,0.5,0.036231996,13.799957,2.5034048,32.30635,-0.030706634,-0.20922347,0.0013742439,0.16338485,0.21560636,-3.1151628
1636,2636000.0,5.3958448,1.5328858,3.862959,-0.27398277,1.022254,1.1934027,0.7852856,-0.61728395,0.5,2.9228263,4.0835563,4.1014912,0.58343135,0.046082331,-0.53543429,0.068866231,2.7654354,2.5905493,0.64678882,0.15,1.7048397,0.5,0.035932712,13.914897,2.5000957,32.30635,0.00716611,-0.17544489,-0.023525258,0.16251831,5.8511776,6.7297205
1637,2637000.0,5.4706278,1.5641328,3.906495,-0.25599335,1.0430921,1.1884385,0.84198393,-0.61728395,0.5,2.9710671,4.1922579,4.0662769,0.65466641,0.039915165,-0.098988568,0.11689521,2.8023124,2.6401722,0.64249768,0.15,1.7327819,0.5,0.035694316,14.007833,2.4677753,32.30635,-0.0079035972,-0.18085197,0.016526257,0.17731968,0.42785191,2.7760369
1638,2638000.0,5.4421063,1.5684273,3.873679,-0.26036691,1.045956,1.2020045,0.82998288,-0.61728395,0.5,2.9587489,4.1726786,4.1689367,0.53463152,0.0078152087,-0.12240691,-0.035682046,2.7923996,2.6240769,0.63734383,0.15,1.7108949,0.5,0.035407991,14.121106,2.486228,32.30635,0.0051111873,-0.19219131,-0.010008028,0.13568433,-1.8958247,-1.0891964
1639,2639000.0,5.4515856,1.5641194,3.8874662,-0.26537748,1.0430832,1.190942,0.83848483,-0.61728395,0.5,2.4293807,3.7336378,3.712955,-0.15845064,0.018629033,-0.1811419,-0.11786933,2.2613274,2.0977888,0.63760792,0.15,1.6883438,0.5,0.035422662,14.115257,2.4914402,32.30635,-0.014780196,-0.21379192,-0.014678046,0.17487567,-2.0846251,-3.8088328
1640,2640000.0,5.4385198,1.4961482,3.9423715,-0.24066588,0.99775443,1.1685282,0.76128783,-0.61728395,0.5,2.682219,3.9485034,3.8979966,0.20015702,0.0087031062,-0.005922543,0.13021541,2.5296379,2.3568678,0.63723139,0.15,1.7304549,0.5,0.035401744,14.123598,2.4857559,32.30635,-0.0034548009,-0.15993719,0.017225333,0.19327521,-3.2386208,-4.0891532
1641,2641000.0,5.4435602,1.5274707,3.9160896,-0.24833724,1.0186428,1.1845805,0.78891049,-0.61728395,0.5,2.9458035,4.0923155,4.193338,0.55175695,-0.017036068,-0.10156064,-0.067673147,2.7876861,2.6159828,0.64256949,0.15,1.6953832,0.5,0.035698305,14.006267,2.4802332,32.30635,-0.01254345,-0.15473385,0.025818483,0.20204547,-3.3015213,1.6963921
1642,2642000.0,5.4481156,1.5526178,3.8954978,-0.26240779,1.035413,1.1753879,0.84176097,-0.61728395,0.5,2.9494702,4.129763,4.112815,0.6058325,-0.03992482,0.05589477,0.17969977,2.7807602,2.622209,0.64358546,0.15,1.6973485,0.5,0.035754748,13.984157,2.4828286,32.30635,0.0036628291,-0.19755455,0.017669169,0.18626017,-2.8688291,3.9680863
1643,2643000.0,5.4558543,1.5423173,3.913537,-0.26195836,1.0285438,1.1943116,0.79905519,-0.61728395,0.5,2.7227097,3.9362146,3.9368147,0.29509982,0.032731413,-0.16605897,-0.014737653,2.5625591,2.3901797,0.65006627,0.15,1.6749717,0.5,0.036114793,13.844742,2.4702737,32.30635,0.00526895,-0.2167092,0.0059515591,0.19601799,4.6308732,2.3741148
1644,2644000.0,5.4367992,1.526861,3.9099382,-0.24355739,1.0182362,1.1724228,0.80482807,-0.61728395,0.5,2.6749383,3.9590788,3.9181242,0.14761197,-0.012539801,-0.12381369,-0.0032334769,2.5136307,2.3485027,0.65532671,0.15,1.6803791,0.5,0.036407039,13.733608,2.4966461,32.30635,-0.041709812,-0.24122291,0.0091325077,0.14366119,4.1690972,0.77518269
1645,2645000.0,5.4497338,1.5186104,3.9311234,-0.25955857,1.012734,1.1778873,0.78408702,-0.61728395,0.5,2.9199418,4.0585072,4.1304026,0.57091572,-0.0016361593,0.008579287,-0.065488786,2.7627912,2.5919848,0.66026392,0.15,1.6296167,0.5,0.036681329,13.630913,2.4893812,32.30635,0.029336649,-0.17967059,-0.011921215,0.23175178,0.83001262,-2.0130523
1646,2646000.0,5.441542,1.5682536,3.8732885,-0.28067587,1.0458402,1.2342652,0.78488976,-0.61728395,0.5,2.782097,3.9835376,3.9374937,0.42525967,0.054441425,-0.17343916,-0.060270383,2.6247855,2.4384427,0.65937378,0.15,1.6832641,0.5,0.036631877,13.649314,2.4707274,32.30635,-0.0030633947,-0.20652597,0.038852354,0.19387372,0.30347699,-3.4341869
1647,2647000.0,5.4832717,1.5442386,3.9390331,-0.24972995,1.0298251,1.215413,0.77280359,-0.61728395,0.5,2.4391406,3.6358444,3.7939059,-0.11232839,-0.062561295,-0.33178234,0.0049672783,2.2842515,2.1007354,0.65764947,0.15,1.7219726,0.5,0.036536082,13.685102,2.4764147,32.30635,-0.00071986919,-0.15588077,0.025125226,0.18188728,-0.71897605,-0.58846932
1648,2648000.0,5.4759208,1.5298426,3.9460781,-0.24962269,1.0202246,1.1920305,0.78234153,-0.61728395,0.5,2.6492432,3.9389077,3.8685691,0.14025292,0.016541142,-0.13700399,0.043363836,2.4924424,2.3173483,0.64770915,0.15,1.7057386,0.5,0.035983842,13.895126,2.4790371,32.30635,-0.00024863832,-0.1762927,-0.011574116,0.16530562,2.8376622,1.1385972
1649,2649000.0,5.4490113,1.5707275,3.8782838,-0.25421238,1.04749,1.2242883,0.80269251,-0.61728395,0.5,2.9392012,4.0569903,4.1550587,0.60555442,0.020124916,-0.13140031,0.052752306,2.7783215,2.5983247,0.64069431,0.15,1.6947539,0.5,0.035594129,14.047261,2.4718964,32.30635,0.013378579,-0.24287711,-0.018722254,0.19097836,2.5499963,1.2184842
1650,2650000.0,5.461348,1.5364664,3.9248816,-0.25471195,1.0246419,1.1801439,0.80941136,-0.61728395,0.5,2.8930687,4.1011705,4.0835874,0.4944482,-0.0087431377,0.051899951,0.070743011,2.7308424,2.5644833,0.63580831,0.15,1.6352757,0.5,0.035322684,14.15521,2.5136076,32.30635,-0.018904885,-0.12227761,-0.0059344409,0.22069814,2.7780667,0.18267205
1651,2651000.0,5.4413878,1.5134804,3.9279074,-0.25235533,1.0093129,1.1692688,0.78788339,-0.61728395,0.5,2.5465144,3.7763198,3.818639,0.044584399,0.011745514,-0.17308069,-0.028515004,2.3886029,2.220957,0.62824716,0.15,1.6312815,0.5,0.03490262,14.325572,2.4870839,32.30635,0.00048952695,-0.19578121,0.0018376906,0.21298277,-3.7008386,1.436937
1652,2652000.0,5.451793,1.5079817,3.9438113,-0.23014579,1.0056459,1.150446,0.80526781,-0.61728395,0.5,2.8864943,4.1211697,4.0501729,0.48814018,0.039964983,-0.21513948,0.042718251,2.7250985,2.5661776,0.63041556,0.15,1.6554555,0.5,0.035023087,14.276297,2.4886823,32.30635,-0.010905524,-0.15339514,-0.00071110184,0.16287066,0.68911383,5.8630793
1653,2653000.0,5.4701386,1.5666103,3.9035283,-0.23994292,1.0447443,1.1894018,0.84459444,-0.61728395,0.5,2.8358392,4.0186328,4.0678976,0.42098724,0.045641633,-0.045282287,0.039599433,2.6665614,2.5046762,0.63356175,0.15,1.6931705,0.5,0.035197875,14.205403,2.4753854,32.30635,-0.0057791521,-0.12549731,-0.011587589,0.21765069,-2.0800899,-4.8823225
1654,2654000.0,5.4521558,1.5412446,3.9109112,-0.25388254,1.0278284,1.1904469,0.80271406,-0.61728395,0.5,2.6872376,3.8608873,3.928388,0.27243734,0.035915274,0.18697461,0.15704994,2.5263536,2.3557835,0.64161404,0.15,1.7161813,0.5,0.035645224,14.027125,2.4864945,32.30635,0.00077325632,-0.12040631,0.004531209,0.20872018,-0.91136897,-5.1730502
1655,2655000.0,5.5025292,1.5543741,3.9481551,-0.23971592,1.0365842,1.1920218,0.82145241,-0.61728395,0.5,2.9084365,4.1381204,4.095275,0.49191406,-0.054226533,0.012533031,0.1101139,2.7437969,2.576544,0.65255525,0.15,1.7781257,0.5,0.03625307,13.791936,2.4804775,32.30635,-0.040203448,-0.17462798,0.036554686,0.20750807,-2.645469,6.2729831
1656,2656000.0,5.4924962,1.567695,3.9248011,-0.25492856,1.0454677,1.2158776,0.80954341,-0.61728395,0.5,2.7329192,3.9762578,3.9477,0.27479979,0.0552251,-0.060271191,0.018006881,2.5706665,2.3943845,0.66010537,0.15,1.7728127,0.5,0.036672521,13.634187,2.4792453,32.30635,0.0080870956,-0.16999464,0.00071044487,0.25887348,-1.0207605,6.3453145
1657,2657000.0,5.4578616,1.5468195,3.9110421,-0.26755604,1.0315462,1.2151749,0.77724773,-0.61728395,0.5,2.8432033,4.0468943,4.0784136,0.40430201,-0.036943334,0.36695564,-0.083848753,2.6874234,2.5048643,0.66686172,0.15,1.7419258,0.5,0.037047874,13.496051,2.4868561,32.30635,0.017623535,-0.14141736,0.0032474954,0.27504369,-3.6875617,-2.6067815
1658,2658000.0,5.4776623,1.578625,3.8990372,-0.25959683,1.0527567,1.2166849,0.82584238,-0.61728395,0.5,2.7047371,4.0208804,3.8670321,0.22629886,0.00016900192,-0.042570173,0.055604016,2.5392177,2.3659777,0.66167133,0.15,1.7156443,0.5,0.036759518,13.601919,2.4782565,32.30635,-0.0084439271,-0.14933395,-0.038309025,0.18894767,4.1518187,-6.2496408
1659,2659000.0,5.4784903,1.5888806,3.8896097,-0.26397401,1.059596,1.2313644,0.82179539,-0.61728395,0.5,2.6348181,3.9389043,3.8412618,0.12428832,-0.054470638,-0.16162193,0.080374274,2.4701098,2.2919715,0.65770579,0.15,1.7706262,0.5,0.036539211,13.68393,2.4730914,32.30635,-0.03127449,-0.19149552,-0.0088791736,0.22069464,3.2241375,0.6494883
1660,2660000.0,5.4818981,1.5385312,3.9433669,-0.24688434,1.0260188,1.1940763,0.79334751,-0.61728395,0.5,2.5165031,3.7916364,3.858959,-0.10108601,-0.027875051,-0.37677944,0.0030393322,2.3574965,2.1840386,0.65249089,0.15,1.7665486,0.5,0.036249494,13.793296,2.5087137,32.30635,-0.023970029,-0.20477541,-0.027509812,0.20984749,2.6704011,0.31405385
1661,2661000.0,5.5148715,1.5709009,3.9439706,-0.25627284,1.0476056,1.192622,0.84695938,-0.61728395,0.5,3.0263409,4.2208161,4.1184253,0.73978134,-0.02690858,-0.13969704,0.042362729,2.8565891,2.6942813,0.64580276,0.15,1.7609792,0.5,0.035877931,13.936144,2.4819319,32.30635,-0.01096308,-0.21594582,-0.0074824431,0.26159668,-4.028315,3.6141721
1662,2662000.0,5.462039,1.5228138,3.9392252,-0.24994577,1.0155372,1.1920318,0.77113711,-0.61728395,0.5,2.6215733,3.8822351,3.8539235,0.12856143,-0.10090528,0.22413007,0.014029758,2.4670182,2.289678,0.64033057,0.15,1.7355481,0.5,0.035573921,14.05524,2.4968663,32.30635,0.021079924,-0.098228987,0.0012958432,0.22488168,1.4212014,-8.4168792
1663,2663000.0,5.4579619,1.5540018,3.90396,-0.25815656,1.036336,1.2240059,0.77642713,-0.61728395,0.5,2.5211459,3.7907978,3.8881909,-0.11555092,-0.015034215,-0.22141439,-0.062193952,2.3655305,2.1803481,0.64035682,0.15,1.6940031,0.5,0.035575379,14.054664,2.4716351,32.30635,0.010889488,-0.13400737,0.0065096368,0.19999339,3.1299702,-2.193626
1664,2664000.0,5.484482,1.5752109,3.9092711,-0.26459768,1.0504799,1.2120596,0.82682634,-0.61728395,0.5,2.9346541,4.0823736,4.1074398,0.61414887,-0.039410578,-0.024425261,-0.029502318,2.7689374,2.5971825,0.63939797,0.15,1.7109736,0.5,0.035522109,14.075741,2.497065,32.30635,-0.021879392,-0.21382116,-0.0050804659,0.16287372,-1.4706338,5.917478
1665,2665000.0,5.4877637,1.5447604,3.9430033,-0.23339772,1.030173,1.1931867,0.80451165,-0.61728395,0.5,2.9471788,4.0884616,4.163077,0.58999785,0.0063971669,0.344807,0.074832916,2.7859346,2.614962,0.63971221,0.15,1.7259039,0.5,0.035539567,14.068826,2.468766,32.30635,-0.0086629704,-0.22995507,-0.0024425,0.18372193,-6.7962055,-2.1574957
1666,2666000.0,5.4591636,1.5210183,3.9381453,-0.25658512,1.0143398,1.1829913,0.78083431,-0.61728395,0.5,2.5528903,3.8555434,3.8598568,-0.056729229,0.025779294,-0.33694964,0.042913752,2.3963916,2.2235121,0.64408941,0.15,1.7145882,0.5,0.035782745,13.973215,2.4792812,32.30635,0.026126733,-0.16989242,0.031142988,0.16722033,-1.3551608,2.0455182
1667,2667000.0,5.481102,1.53902,3.942082,-0.25783934,1.0263448,1.1937949,0.79451753,-0.61728395,0.5,2.3112314,3.6683467,3.6354698,-0.37012217,-0.033775113,-0.12228156,-0.12516307,2.1519903,1.9788452,0.65338534,0.15,1.7534709,0.5,0.036299186,13.774414,2.4999774,32.30635,0.0010882042,-0.23260481,-0.0032082149,0.130696,3.5251074,2.1220153
1668,2668000.0,5.4477757,1.5531398,3.8946359,-0.27368797,1.0357611,1.2122381,0.79140092,-0.61728395,0.5,3.0864908,4.1794856,4.2872232,0.79276352,-0.0013981963,-0.1636416,0.13824899,2.9278743,2.7489695,0.65461424,0.15,1.7095369,0.5,0.036367458,13.748555,2.4688066,32.30635,-0.00059395909,-0.18281533,0.018234806,0.16983646,4.6415849,3.2875834
1669,2669000.0,5.4428774,1.5153726,3.9275048,-0.25338874,1.0105748,1.1713928,0.78794852,-0.61728395,0.5,3.1786209,4.3019991,4.2889943,0.94486945,0.031625173,-0.056678218,-0.038396606,3.0206964,2.8524721,0.65531758,0.15,1.6643463,0.5,0.036406532,13.733799,2.4895492,32.30635,-0.002175872,-0.20174967,0.01037103,0.14452768,4.0523028,9.8632812
1670,2670000.0,5.4982495,1.5752178,3.9230317,-0.25585401,1.0504845,1.2279586,0.80475057,-0.61728395,0.5,2.6092678,3.8154286,3.8481233,0.16425167,0.0078349519,-0.1280764,-0.012124644,2.4479757,2.2673695,0.65342927,0.15,1.7023581,0.5,0.036301626,13.773488,2.4866071,32.30635,0.026423246,-0.16659215,0.011574982,0.25812155,4.3876991,-2.2139526
1671,2671000.0,5.4484227,1.5277529,3.9206698,-0.26497878,1.018831,1.1835457,0.79079784,-0.61728395,0.5,2.8188839,3.9967654,4.0270329,0.4328534,0.013880529,0.0088452027,-0.0601873,2.6603883,2.4893514,0.64570164,0.15,1.6801889,0.5,0.035872313,13.938326,2.4808357,32.30635,-0.010150345,-0.17901523,0.012453333,0.19462064,-1.1555324,0.92212073
1672,2672000.0,5.4877363,1.5747167,3.9130196,-0.25213797,1.0501503,1.226534,0.80593102,-0.61728395,0.5,2.4714283,3.7308037,3.7579553,-0.07447413,-0.0024584512,-0.10287237,0.038110491,2.3098996,2.1299266,0.64034906,0.15,1.6573028,0.5,0.035574948,14.054834,2.5133212,32.30635,-0.015579465,-0.21442539,0.001611901,0.14204555,-0.58672162,-4.5096678
1673,2673000.0,5.4761454,1.5516769,3.9244685,-0.23401401,1.0347855,1.1997915,0.80636009,-0.61728395,0.5,2.6323673,3.8406848,3.9043036,0.15211345,-0.10500324,-0.3267151,-0.041317117,2.4707526,2.2983115,0.63768233,0.15,1.6466699,0.5,0.035426796,14.11361,2.4783476,32.30635,-0.014513992,-0.19453453,-0.017012853,0.19412022,3.3577514,-2.4301764
1674,2674000.0,5.4765833,1.5663819,3.9102014,-0.2685598,1.044592,1.2013849,0.82758365,-0.61728395,0.5,2.9033773,4.0353485,4.1049138,0.56986955,-0.015909471,-0.50195075,-0.077910951,2.7375088,2.5688778,0.63333006,0.15,1.6685566,0.5,0.035185003,14.2106,2.4854424,32.30635,0.018420036,-0.17561959,-0.0043199889,0.097845184,3.1453377,8.2786054
1675,2675000.0,5.4640584,1.5423658,3.9216926,-0.24360561,1.0285761,1.1973257,0.79494512,-0.61728395,0.5,2.8183467,4.0144618,4.0198705,0.42070763,-0.0074796196,-0.26164915,0.06959112,2.6590198,2.4849774,0.63694979,0.15,1.6632852,0.5,0.035386099,14.129842,2.4679318,32.30635,-0.023153694,-0.26622446,-0.010091378,0.21262916,-0.87589909,-1.8726561
1676,2676000.0,5.4724818,1.5552536,3.9172282,-0.25679008,1.0371707,1.2161718,0.78930534,-0.61728395,0.5,2.6914942,3.9393797,3.9386097,0.1964931,0.011312316,-0.16652692,0.093577934,2.5332977,2.3528776,0.64225097,0.15,1.692554,0.5,0.03568061,14.013213,2.4629383,32.30635,-0.0059086299,-0.1929259,0.0027752266,0.17455361,0.24203606,4.5567667
1677,2677000.0,5.4753123,1.5487186,3.9265937,-0.22991806,1.0328127,1.2164406,0.77851626,-0.61728395,0.5,2.701793,3.9410718,3.909181,0.25512632,-0.033279661,0.15665981,0.046811808,2.5457589,2.3631016,0.64938623,0.15,1.7005124,0.5,0.036077013,13.85924,2.4923556,32.30635,0.032306734,-0.17464242,-0.019767187,0.21690583,-0.93453643,-3.0676622
1678,2678000.0,5.4818109,1.5237739,3.958037,-0.26193835,1.0161775,1.1628696,0.81317913,-0.61728395,0.5,2.8466821,4.0464893,4.065563,0.42799404,-0.034823474,0.11887909,0.012400007,2.6837007,2.5229064,0.6505549,0.15,1.7012704,0.5,0.036141939,13.834343,2.4667611,32.30635,0.0015525388,-0.1478864,0.0029118763,0.20344189,-0.47823125,-2.1746872
1679,2679000.0,5.4982952,1.573017,3.9252782,-0.24310135,1.0490168,1.2129911,0.82203553,-0.61728395,0.5,2.6750588,3.9190294,3.9648178,0.14132928,0.0113444,-0.11792358,-0.19207258,2.5103024,2.3373279,0.6535635,0.15,1.6609359,0.5,0.036309083,13.770659,2.4878056,32.30635,0.022640785,-0.19104298,-0.01980286,0.15736804,-0.55187942,1.3513447
1680,2680000.0,5.4916286,1.5528297,3.9387989,-0.22998409,1.0355543,1.2137903,0.78875039,-0.61728395,0.5,2.7000006,3.9294446,3.9299691,0.24058802,-0.02465999,-0.29325834,0.043723189,2.5419153,2.3620471,0.64824161,0.15,1.6688449,0.5,0.036013423,13.883712,2.4743724,32.30635,0.004465048,-0.23567965,-0.034188755,0.19323846,1.3375775,3.5269146
1681,2681000.0,5.5223493,1.591839,3.9305102,-0.23852426,1.0615689,1.239492,0.81521979,-0.61728395,0.5,2.718622,3.9957003,3.9748169,0.18534866,-0.037370502,-0.032093678,-0.085612125,2.5552315,2.3735124,0.64241696,0.15,1.6595097,0.5,0.035689831,14.009593,2.4794829,32.30635,0.0098127905,-0.18163814,-0.0092529814,0.17011437,-2.3924447,-0.70079091
1682,2682000.0,5.4952031,1.5312787,3.9639245,-0.25572552,1.0211823,1.2012543,0.77181676,-0.61728395,0.5,2.7469138,3.9523344,3.9597153,0.32869173,0.02830137,-0.36832165,0.0061481716,2.5922225,2.4124507,0.63521543,0.15,1.6403421,0.5,0.035289746,14.168422,2.4913505,32.30635,0.0031278645,-0.16425434,0.047963699,0.18588693,0.29803417,-3.2895164
1683,2683000.0,5.5237612,1.5718667,3.9518945,-0.23338949,1.0482497,1.2159152,0.81614006,-0.61728395,0.5,2.5089131,3.822958,3.8268377,-0.12305634,-0.050989706,-0.19584381,0.046542886,2.3453383,2.170368,0.6337275,0.15,1.6608473,0.5,0.035207083,14.201688,2.5051153,32.30635,0.0073175465,-0.14159307,-0.025553637,0.16097287,2.5168386,-1.5124533
1684,2684000.0,5.5195868,1.6146667,3.9049201,-0.24755873,1.0767923,1.2402145,0.85059931,-0.61728395,0.5,2.5804016,3.8918675,3.8682456,-0.018908305,0.051937573,-0.24523816,-0.0091662256,2.4099202,2.2350909,0.63567538,0.15,1.6567472,0.5,0.035315299,14.15817,2.492181,32.30635,0.0065044382,-0.19350774,0.013834575,0.16007501,2.5476791,0.60544361
1685,2685000.0,5.5077465,1.597441,3.9103056,-0.24312618,1.0653047,1.2443135,0.81745035,-0.61728395,0.5,2.9607817,4.1191837,4.1741921,0.58896918,-0.023040743,-0.1274055,0.042274478,2.7969442,2.6143297,0.63666303,0.15,1.6687556,0.5,0.035370169,14.136206,2.4795738,32.30635,0.0084445993,-0.15885772,-0.0202849,0.14931546,1.8724655,-1.2631171
1686,2686000.0,5.5370271,1.590041,3.9469862,-0.24383637,1.0603698,1.2461126,0.80315673,-0.61728395,0.5,2.8450651,4.0330629,4.0344607,0.46767187,0.0036528484,-0.15265456,0.076265564,2.6840925,2.4981122,0.64301755,0.15,1.7009633,0.5,0.035723197,13.996508,2.4819365,32.30635,-0.0046884239,-0.1917811,0.0056184287,0.15444276,1.968603,3.2197623
1687,2687000.0,5.5238571,1.5609048,3.9629523,-0.24345263,1.0409394,1.2004105,0.82020775,-0.61728395,0.5,2.8611335,4.1063419,4.0786508,0.39840767,0.013727223,0.013387073,0.015151847,2.6967433,2.5269053,0.6451442,0.15,1.6462369,0.5,0.035841344,13.95037,2.4878851,32.30635,0.01557818,-0.1430209,0.00028994183,0.17292232,1.6463835,8.3712307
1688,2688000.0,5.4775421,1.5643992,3.913143,-0.26422894,1.0432697,1.225957,0.79028813,-0.61728395,0.5,2.5256284,3.8303908,3.8392391,-0.092744684,-0.013530173,-0.032079365,0.11778583,2.3672349,2.1842874,0.64363706,0.15,1.6136372,0.5,0.035757615,13.983036,2.4882102,32.30635,0.021861216,-0.19242138,0.011787041,0.14635355,-1.1884248,-1.9782075
1689,2689000.0,5.5002672,1.603374,3.8968932,-0.26825162,1.0692614,1.2570048,0.80927587,-0.61728395,0.5,2.7351541,3.9029979,3.9917876,0.31067678,0.035187698,-0.047024665,0.0011203082,2.572955,2.3851685,0.64235846,0.15,1.6657889,0.5,0.035686581,14.010869,2.4900666,32.30635,-0.0090904329,-0.21264888,0.015997441,0.17698675,0.55323972,3.6601776
1690,2690000.0,5.4905462,1.5469905,3.9435557,-0.24249383,1.0316602,1.1997642,0.79892872,-0.61728395,0.5,2.8038978,3.9584745,4.0051798,0.44803904,0.019349722,-0.20476713,-0.0036150498,2.6437725,2.4698495,0.64238409,0.15,1.6461971,0.5,0.035688005,14.01031,2.4712308,32.30635,0.014329716,-0.20152853,-0.0045728314,0.17015744,2.2148184,0.8636854
1691,2691000.0,5.5141429,1.5496509,3.964492,-0.25312261,1.0334344,1.2147844,0.78230292,-0.61728395,0.5,2.7200921,3.9039619,3.9136354,0.34267896,0.0045443543,-0.30407814,-0.029797271,2.563299,2.3818618,0.64361658,0.15,1.6208513,0.5,0.035756477,13.983481,2.4803019,32.30635,0.0040609397,-0.16662169,0.0093500001,0.18104759,4.6342148,-4.1429859
1692,2692000.0,5.5049808,1.5806772,3.9243036,-0.24231605,1.0541253,1.2297467,0.81096782,-0.61728395,0.5,2.7114119,3.9787908,3.9786289,0.17681603,-0.038362835,-0.0070278706,0.038245491,2.5488737,2.3690157,0.64480637,0.15,1.5992742,0.5,0.035822576,13.957679,2.4794522,32.30635,-0.0029044919,-0.17304497,-0.023957998,0.15515452,-0.83462778,-0.90009107
1693,2693000.0,5.4916047,1.5444103,3.9471944,-0.2492722,1.0299395,1.217578,0.77006943,-0.61728395,0.5,2.7337246,3.9363759,3.984218,0.28057979,0.0029868823,-0.31078386,0.16329739,2.5793834,2.3947165,0.65144329,0.15,1.679667,0.5,0.036191294,13.815477,2.492027,32.30635,0.020246019,-0.13771761,-0.015509708,0.19421167,1.1400251,0.30798563
1694,2694000.0,5.4884315,1.5631759,3.9252557,-0.22864098,1.042454,1.2175752,0.79998248,-0.61728395,0.5,2.7442409,3.9855109,3.9305305,0.31668123,0.0055031971,0.30815788,-0.050973922,2.5839044,2.4052336,0.65127874,0.15,1.6226188,0.5,0.036182152,13.818968,2.507446,32.30635,-0.013175393,-0.25716111,-0.010620319,0.21022337,-1.5938458,2.0005678
1695,2695000.0,5.4851617,1.6032647,3.881897,-0.25525617,1.0691885,1.2631672,0.80054095,-0.61728395,0.5,2.9468886,4.0791769,4.2109069,0.55058207,-0.0085989742,0.10195976,0.09029394,2.7864402,2.5951872,0.65315135,0.15,1.6158778,0.5,0.036286186,13.779348,2.4770021,32.30635,-0.0016433415,-0.18366535,0.0025490843,0.1534952,0.028427042,-3.1537529
1696,2696000.0,5.5193428,1.534092,3.9852508,-0.25767527,1.0230584,1.1769867,0.81001291,-0.61728395,0.5,2.8318069,4.0011356,4.0237321,0.47055283,0.0017273936,0.15835925,0.081133764,2.66946,2.5041005,0.64655509,0.15,1.6064585,0.5,0.035919727,13.919928,2.4815265,32.30635,-0.00035655704,-0.15935601,0.0044221767,0.1992378,-2.9177247,3.2460692
1697,2697000.0,5.5101301,1.5513817,3.9587484,-0.25109417,1.0345886,1.1924372,0.81610598,-0.61728395,0.5,2.6352916,3.8698065,3.8859898,0.15007842,-0.01553563,-0.05552584,0.0043245376,2.4717235,2.3032834,0.64446256,0.15,1.6603901,0.5,0.035803476,13.965125,2.4861927,32.30635,0.0041191764,-0.27327391,0.011409826,0.18224577,-3.7380059,5.4160603
1698,2698000.0,5.5189262,1.5616458,3.9572804,-0.25700039,1.0414336,1.2044293,0.81580592,-0.61728395,0.5,2.8208765,4.0274362,4.0480952,0.38709791,-0.010428979,-0.25640643,-0.023309404,2.6573686,2.4855293,0.64300614,0.15,1.6685087,0.5,0.035722564,13.996756,2.4680667,32.30635,0.029228329,-0.23249362,-0.018004437,0.1568061,3.3864604,9.7258417
1699,2699000.0,5.5055557,1.5254134,3.9801423,-0.23445031,1.0172708,1.2118586,0.74773714,-0.61728395,0.5,2.6561622,3.8956841,3.9290531,0.14374938,-0.041584206,0.40948611,-0.024359823,2.506297,2.3187466,0.64242947,0.15,1.674174,0.5,0.035690526,14.00932,2.4817161,32.30635,0.013620835,-0.14926319,0.009245261,0.13427571,-1.1865459,-2.8689113
1700,2700000.0,5.5222613,1.5558799,3.9663814,-0.22403967,1.0375884,1.2071712,0.80280699,-0.61728395,0.5,2.9503225,4.1373945,4.1272532,0.58631969,-0.0079665955,-0.0080917888,-0.16939276,2.7894199,2.6142119,0.64409272,0.15,1.6655221,0.5,0.035782929,13.973144,2.4849442,32.30635,0.0072220488,-0.17782022,0.014268788,0.1955301,-4.1217765,-2.6093608
1701,2701000.0,5.4920499,1.5598548,3.9321951,-0.22512391,1.0402392,1.2024082,0.81575903,-0.61728395,0.5,2.8696198,4.0741904,4.0892233,0.44544563,0.016181497,0.1043499,0.14841834,2.7061213,2.5348354,0.64477227,0.15,1.6865549,0.5,0.035820682,13.958417,2.4786369,32.30635,-0.020125334,-0.22159871,0.017180583,0.19692449,-3.0805676,1.1115038
1702,2702000.0,5.5022447,1.5666831,3.9355617,-0.24073225,1.0447928,1.2237683,0.7969688,-0.61728395,0.5,2.7018171,3.8873045,3.987186,0.23096088,0.021615391,-0.21331245,0.049633066,2.5420847,2.3610855,0.64237686,0.15,1.6764728,0.5,0.035687603,14.010467,2.4824373,32.30635,-0.0015514905,-0.23145519,0.0080857229,0.23363941,-1.2319332,2.5949933
1703,2703000.0,5.4938986,1.5259058,3.9679927,-0.25250497,1.0175992,1.1831074,0.78846291,-0.61728395,0.5,2.6634023,3.867905,3.896251,0.22605093,0.021454271,-0.051469168,-0.029163987,2.5053746,2.3339918,0.64266759,0.15,1.6868248,0.5,0.035703755,14.004129,2.4695931,32.30635,0.035770716,-0.19981895,-0.0019967705,0.14153639,-3.9889662,2.7159079
1704,2704000.0,5.5032878,1.5224171,3.9808707,-0.22192485,1.0152727,1.1723033,0.79791144,-0.61728395,0.5,2.975749,4.1604382,4.1714414,0.59536751,-0.0055098222,0.38505266,-0.031557679,2.8158276,2.6493467,0.64493962,0.15,1.6604174,0.5,0.035829979,13.954795,2.4851194,32.30635,-0.013723433,-0.17472747,0.0019991999,0.20776215,-3.9213032,3.8487691
1705,2705000.0,5.5057675,1.5748623,3.9309052,-0.26749069,1.0502474,1.2175762,0.81860719,-0.61728395,0.5,2.7209006,3.8829095,4.0583655,0.2214268,-0.011359139,-0.1455596,-0.031709199,2.5568313,2.381893,0.64768845,0.15,1.6415497,0.5,0.035982692,13.89557,2.4838794,32.30635,0.01863931,-0.2392195,-0.013774512,0.19906123,0.46219568,-2.8315418
1706,2706000.0,5.4844765,1.5752001,3.9092764,-0.25873339,1.0504727,1.2109621,0.82833363,-0.61728395,0.5,2.547592,3.800556,3.7949062,0.047313948,-0.010042184,0.16813731,0.06588651,2.3815733,2.210426,0.64714414,0.15,1.6392499,0.5,0.035952452,13.907257,2.4787393,32.30635,-0.012563787,-0.18804774,-0.010049407,0.1662634,-2.3815422,-2.1499248
1707,2707000.0,5.4718249,1.5569361,3.9148888,-0.25590167,1.0382928,1.2175989,0.79000433,-0.61728395,0.5,2.5506841,3.8752903,3.7931583,-0.016396323,-0.062163181,0.10180996,0.089609816,2.3923474,2.2116701,0.64502403,0.15,1.6777292,0.5,0.035834668,13.952969,2.492398,32.30635,-0.0032502767,-0.17141907,-0.022454402,0.17947805,-2.1811771,-0.27981644
1708,2708000.0,5.4903167,1.5393037,3.951013,-0.2569623,1.026534,1.1887471,0.80198213,-0.61728395,0.5,2.7676087,3.9531938,3.9669294,0.38270277,-0.020176789,-0.081043307,-0.021131334,2.6068714,2.4366279,0.64297946,0.15,1.7679374,0.5,0.035721081,13.997337,2.493818,32.30635,-0.014008723,-0.23393564,-0.0033423019,0.21025008,-3.3340818,-1.8849846
1709,2709000.0,5.4806564,1.5755677,3.9050887,-0.27123428,1.0507178,1.2185993,0.81831004,-0.61728395,0.5,2.826422,4.0437655,4.0246245,0.41087587,-0.045573113,-0.12369434,-0.034043563,2.6624122,2.4871295,0.64059706,0.15,1.7760186,0.5,0.035588725,14.049393,2.5009699,32.30635,-0.0061139175,-0.20428527,-0.007045287,0.2140723,-3.1261318,-1.64256
1710,2710000.0,5.5133478,1.5722291,3.9411187,-0.25210918,1.0484914,1.2079892,0.8277284,-0.61728395,0.5,2.7827452,3.9758179,4.0437791,0.32863867,0.013254616,-0.088987679,0.12023502,2.6168478,2.4464069,0.64150005,0.15,1.843245,0.5,0.035638892,14.029617,2.4982357,32.30635,0.0045748027,-0.20287811,0.0066653297,0.16288323,4.3646636,0.81222406
1711,2711000.0,5.5512842,1.5789491,3.9723351,-0.25018549,1.0529728,1.2256217,0.81394395,-0.61728395,0.5,2.8084975,3.9755301,4.0349055,0.41505689,0.037613274,-0.067363059,-0.08304605,2.6453628,2.4672498,0.64188305,0.15,1.767041,0.5,0.035660169,14.021246,2.5051379,32.30635,0.026187827,-0.15247699,0.013297589,0.19586427,1.9566675,3.7691895
1712,2712000.0,5.4749504,1.5593303,3.9156201,-0.25501499,1.0398894,1.2335531,0.771657,-0.61728395,0.5,3.0374064,4.1804067,4.2313546,0.700458,-0.020159756,-0.13021286,-0.011962656,2.8827471,2.6939504,0.6470917,0.15,1.7946318,0.5,0.035949539,13.908384,2.4735862,32.30635,-0.008024065,-0.16989789,-0.0026297709,0.20193679,3.4141187,9.4695224
1713,2713000.0,5.5569863,1.6275063,3.9294799,-0.24901132,1.0853548,1.268269,0.83209048,-0.61728395,0.5,2.5809298,3.8409381,3.8821734,0.019677875,-0.012317566,-0.21408909,-0.093234701,2.4141581,2.2278079,0.64547086,0.15,1.8233905,0.5,0.035859492,13.943309,2.4816576,32.30635,0.0021267216,-0.15476421,-0.013083118,0.17443346,6.0132757,-5.4497069
1714,2714000.0,5.5818697,1.611663,3.9702067,-0.21324087,1.0747892,1.2248165,0.86720273,-0.61728395,0.5,2.8564257,4.0705257,4.031185,0.46756645,0.016384548,-0.067194286,0.030143233,2.6826166,2.5154022,0.64514412,0.15,1.764778,0.5,0.03584134,13.950371,2.4574333,32.30635,-0.00073880662,-0.23351502,0.0092360249,0.17060247,3.158699,-2.829343
1715,2715000.0,5.5227748,1.5896609,3.9331139,-0.27075153,1.0601163,1.2420937,0.80813394,-0.61728395,0.5,2.5488691,3.7177371,3.9010738,0.027796305,-0.033602765,-0.273453,-0.016494391,2.3868988,2.2030351,0.64540238,0.15,1.7383389,0.5,0.035855688,13.944789,2.4817967,32.30635,-0.0021768551,-0.21987794,-0.0178732,0.15941743,-0.11675577,0.46297386
1716,2716000.0,5.5310614,1.6129658,3.9180956,-0.2627958,1.075658,1.2603921,0.81985799,-0.61728395,0.5,2.773952,3.9889945,4.0005723,0.33228909,-0.044046481,-0.080355141,-0.0013138149,2.6096319,2.4230232,0.64248467,0.15,1.7009337,0.5,0.035693593,14.008116,2.4941481,32.30635,-0.006754602,-0.16663381,-0.0052618073,0.17553047,-1.1886132,-0.16381039
1717,2717000.0,5.5002046,1.5832405,3.9169641,-0.24880368,1.0558347,1.2294636,0.81544659,-0.61728395,0.5,2.725488,3.9733519,3.9513115,0.25180056,0.031003227,-0.27177857,0.013409453,2.5620521,2.3831706,0.63791513,0.15,1.7172646,0.5,0.035439729,14.10846,2.5028242,32.30635,-0.021501591,-0.22974407,-0.0077402038,0.14382959,1.5951311,4.7853598
1718,2718000.0,5.5226056,1.5668241,3.9557815,-0.24531397,1.0448869,1.2079094,0.81922472,-0.61728395,0.5,2.6483624,3.9831271,3.896642,0.065318173,0.055170671,-0.076884604,0.09400253,2.4841693,2.3120464,0.6403753,0.15,1.6834787,0.5,0.035576405,14.054259,2.5099197,32.30635,-0.0068483333,-0.19030994,0.032776403,0.17603127,2.2264857,0.1122585
1719,2719000.0,5.5270295,1.596822,3.9302075,-0.24496251,1.064892,1.2441477,0.81669413,-0.61728395,0.5,2.6628572,3.938345,3.9257018,0.12452493,0.008133913,-0.15448782,-0.0097913477,2.4991713,2.3164514,0.63787173,0.15,1.6428155,0.5,0.035437319,14.10942,2.4775908,32.30635,0.005448993,-0.20181693,-0.01490719,0.14641665,-2.31458,-4.6521115
1720,2720000.0,5.494001,1.5704138,3.9235872,-0.23809626,1.0472808,1.2214301,0.80616316,-0.61728395,0.5,3.0178603,4.2843126,4.1686144,0.60065388,-0.0022489038,0.013456908,0.10312019,2.8562851,2.6777797,0.63826545,0.15,1.6644256,0.5,0.035459192,14.100716,2.4658702,32.30635,-0.011186779,-0.16376427,0.0049268247,0.13381729,-2.6928309,7.4762465
1721,2721000.0,5.4949077,1.5489206,3.9459871,-0.25033257,1.0329474,1.1844693,0.82325238,-0.61728395,0.5,2.7009361,3.9183811,4.0041183,0.18030901,-0.0023558718,0.011181387,0.012873531,2.5359358,2.3711464,0.63673263,0.15,1.6585996,0.5,0.035374035,14.134661,2.4999701,32.30635,-0.019696494,-0.17334565,-0.0034752097,0.16756756,-0.3484931,-4.6863318
1722,2722000.0,5.4990529,1.5357329,3.96332,-0.23249484,1.0241527,1.1744562,0.81614364,-0.61728395,0.5,2.5740213,3.8521128,3.8182419,0.051709097,-0.023853389,-0.12011875,0.02814436,2.4104457,2.2470195,0.64110383,0.15,1.7173429,0.5,0.035616879,14.038288,2.4813725,32.30635,0.0091647681,-0.15572713,-0.0012822416,0.16436523,0.31465461,5.3411897
1723,2723000.0,5.4619607,1.5670784,3.8948823,-0.24549589,1.0450565,1.2170244,0.80696746,-0.61728395,0.5,2.8255634,3.955967,4.0905794,0.43014381,-0.022244138,0.10224026,0.01606947,2.663827,2.4867095,0.64789458,0.15,1.6698294,0.5,0.035994144,13.891149,2.4876779,32.30635,-0.0075138996,-0.17633841,0.011302425,0.30357471,-1.9773103,0.57222911
1724,2724000.0,5.4621511,1.5486179,3.9135332,-0.24618407,1.0327455,1.195964,0.80680159,-0.61728395,0.5,2.8787894,4.0817285,4.1224722,0.43216754,-0.031782665,-0.079102695,0.017643011,2.7170862,2.5457993,0.64792229,0.15,1.6463464,0.5,0.035995683,13.890555,2.4882414,32.30635,0.020592204,-0.1841764,0.016035982,0.2205416,-0.91117828,-0.84653179
1725,2725000.0,5.4670683,1.5704398,3.8966284,-0.25504064,1.0472982,1.2271351,0.79827934,-0.61728395,0.5,2.6239646,3.9204296,3.8405751,0.11088902,0.002361504,0.096059879,-0.078281348,2.4639694,2.2822955,0.65253629,0.15,1.5701065,0.5,0.036252016,13.792336,2.4815871,32.30635,0.036118194,-0.15917129,-0.0039658349,0.19268645,-4.2877556,-7.169478
1726,2726000.0,5.4641532,1.540964,3.9231892,-0.25669448,1.0276413,1.195208,0.79565286,-0.61728395,0.5,2.8795576,4.0533793,4.0904015,0.4948919,-0.0042312817,0.10014264,0.080394305,2.7200888,2.5467779,0.65401759,0.15,1.5509188,0.5,0.03633431,13.761098,2.4878544,32.30635,0.020773114,-0.21542208,-0.012267229,0.19251908,-3.4512987,2.9237158
1727,2727000.0,5.4647487,1.5686365,3.8961123,-0.28082552,1.0460955,1.209354,0.82010645,-0.61728395,0.5,2.7360005,3.8757023,4.0522237,0.28007545,0.046608303,0.15401344,0.090449863,2.5716306,2.3992822,0.6566831,0.15,1.5953563,0.5,0.036482394,13.705241,2.5115925,32.30635,0.022522676,-0.20382493,-0.0029779322,0.16936125,1.7511392,-2.4336683
1728,2728000.0,5.4942827,1.5618851,3.9323976,-0.25082198,1.0415931,1.2280074,0.78343273,-0.61728395,0.5,2.5441714,3.8392251,3.8028063,-0.0095171538,-0.088691978,-0.19659215,0.031438184,2.3871519,2.2022595,0.64892915,0.15,1.6282495,0.5,0.036051619,13.869003,2.4946375,32.30635,0.0078267749,-0.1893177,-0.011860377,0.23283639,2.1925388,0.77746894
1729,2729000.0,5.4627392,1.5359284,3.9268108,-0.24187602,1.0242831,1.1875782,0.79822628,-0.61728395,0.5,2.7035911,3.9480277,3.9116793,0.25106627,-0.0017272175,0.12109078,-0.012348588,2.5436066,2.3729358,0.64192883,0.15,1.6594401,0.5,0.035662713,14.020246,2.4944417,32.30635,0.020884574,-0.14967851,0.015555708,0.18862737,1.2794479,-3.2738488
1730,2730000.0,5.463073,1.5285002,3.9345728,-0.23416166,1.0193293,1.1819379,0.79422248,-0.61728395,0.5,2.7633155,4.053969,3.9504208,0.2855568,-0.020520413,-0.077768743,0.0095892988,2.6041335,2.4342307,0.63538134,0.15,1.7220478,0.5,0.035298964,14.164722,2.4950741,32.30635,-0.0099958067,-0.20301552,-0.0088925898,0.13829955,-2.9907836,-0.36808053
1731,2731000.0,5.4320462,1.5070611,3.924985,-0.25262143,1.005032,1.1563168,0.79564498,-0.61728395,0.5,2.657526,3.931229,3.8783218,0.16302728,-0.012129303,-0.050481029,0.053392558,2.4980589,2.3355748,0.62993114,0.15,1.6752092,0.5,0.034996174,14.287276,2.4905728,32.30635,-0.014629678,-0.19267149,-0.00085959086,0.22746141,-0.96962739,-3.4511732
1732,2732000.0,5.453337,1.5144737,3.9388634,-0.23692822,1.0099753,1.1790303,0.77590584,-0.61728395,0.5,2.9169085,4.091645,4.1223959,0.53668464,-0.068428612,-0.0050124532,-0.00035998227,2.7613976,2.5886332,0.63391407,0.15,1.680429,0.5,0.035217449,14.197508,2.4839801,32.30635,0.0023605423,-0.18717812,0.015932003,0.19977064,3.2011908,8.5591486
1733,2733000.0,5.4505794,1.5206807,3.9298988,-0.25307152,1.0141147,1.1767883,0.78891339,-0.61728395,0.5,2.9099526,4.0851934,4.0980317,0.54663268,0.0067546889,-0.083113617,-0.10545293,2.7518346,2.5823015,0.64296843,0.15,1.6537782,0.5,0.035720468,13.997577,2.469372,32.30635,-0.021572025,-0.21964086,-0.0086168819,0.1603893,-0.16048573,6.2087579
1734,2734000.0,5.4154884,1.551788,3.8637003,-0.25219102,1.0348596,1.1977362,0.80939224,-0.61728395,0.5,2.7395764,3.9109784,4.0540431,0.25370789,0.048548404,-0.19953956,0.010881019,2.577354,2.4060929,0.6492448,0.15,1.6329054,0.5,0.036069156,13.86226,2.475857,32.30635,-0.006015382,-0.17709059,0.018174057,0.20507012,-1.5534321,3.6946063
1735,2735000.0,5.416338,1.5115886,3.9047494,-0.26819122,1.0080513,1.1729396,0.77976876,-0.61728395,0.5,2.348647,3.6414847,3.716433,-0.31197674,-0.047192318,0.11809728,0.0097696829,2.1923618,2.0220675,0.65554741,0.15,1.7023008,0.5,0.0364193,13.728984,2.4797651,32.30635,0.0035235591,-0.20745468,0.0135997,0.22249832,-1.7092583,-8.9994656
1736,2736000.0,5.455723,1.5244179,3.9313051,-0.26196979,1.016607,1.1764573,0.79532965,-0.61728395,0.5,2.6593548,3.9276219,3.9025282,0.14791419,-0.089213962,-0.05824566,0.065187271,2.4999508,2.3317958,0.65575279,0.15,1.7217445,0.5,0.036430711,13.724684,2.4712351,32.30635,0.0053675447,-0.17043835,0.00010483328,0.18427794,0.77048803,0.91291049
1737,2737000.0,5.4224944,1.5049638,3.9175306,-0.2540351,1.0036334,1.1741735,0.76749584,-0.61728395,0.5,2.5655922,3.8675224,3.8192204,0.010033854,0.0010851792,0.27149725,-0.083769732,2.4117669,2.2386692,0.65528088,0.15,1.7139756,0.5,0.036404493,13.734568,2.4951501,32.30635,-0.012888631,-0.12340365,-0.015151713,0.20472007,3.2659756,0.12570558
1738,2738000.0,5.4209652,1.5496633,3.8713019,-0.25488758,1.0334426,1.1948906,0.80995894,-0.61728395,0.5,2.6754568,3.8967385,3.9590547,0.17057728,0.011820654,-0.1047048,0.0060335606,2.5131208,2.3427655,0.65131089,0.15,1.6384624,0.5,0.036183938,13.818286,2.4721905,32.30635,-0.0034962294,-0.22496845,-0.001274435,0.22897468,1.69577,-3.8140526
1739,2739000.0,5.4529273,1.508935,3.9439922,-0.2451641,1.0062817,1.1638642,0.78814687,-0.61728395,0.5,2.8577048,4.0341474,3.984498,0.55446886,0.035637035,0.002270649,0.041959058,2.6997404,2.5336521,0.64954739,0.15,1.6854751,0.5,0.036085966,13.855802,2.4788986,32.30635,-0.016361866,-0.28053593,0.020184772,0.12113606,-0.1286742,2.7956873
1740,2740000.0,5.3896063,1.5099139,3.8796924,-0.24558624,1.0069345,1.1801854,0.76703372,-0.61728395,0.5,2.9014853,4.193988,4.0767071,0.43376084,-0.015855654,-0.1314962,-0.089073763,2.7477526,2.5728884,0.6450792,0.15,1.6663011,0.5,0.035837733,13.951775,2.4894384,32.30635,-0.0047973174,-0.14728126,-0.017801623,0.20547128,-1.7957914,-6.0155672
1741,2741000.0,5.4503419,1.5543651,3.8959768,-0.2554591,1.0365782,1.1781183,0.84075277,-0.61728395,0.5,2.9258664,4.1079069,4.0984624,0.57122995,0.0094961046,0.17388959,-0.054739112,2.7573586,2.597845,0.63837411,0.15,1.6546275,0.5,0.035465228,14.098316,2.4792738,32.30635,-0.035525829,-0.227724,-0.0040255579,0.17681811,-7.2135466,1.9790937
1742,2742000.0,5.4347667,1.4917657,3.943001,-0.24068113,0.9948318,1.1577351,0.76929653,-0.61728395,0.5,2.7123771,3.9337519,3.9518493,0.25153023,0.0073203827,-0.050629788,-0.010517679,2.5581909,2.390031,0.64241183,0.15,1.6540176,0.5,0.035689546,14.009705,2.4987522,32.30635,-0.0059399416,-0.24014925,-0.014111033,0.12713681,-0.73294817,4.9390028
1743,2743000.0,5.4473961,1.5500304,3.8973657,-0.2640275,1.0336875,1.189547,0.81796737,-0.61728395,0.5,2.555417,3.7404441,3.8335118,0.092295142,-0.014500606,-0.097500833,-0.1346723,2.3914759,2.2242136,0.64088407,0.15,1.6800028,0.5,0.03560467,14.043101,2.4743073,32.30635,-0.014005176,-0.15958433,-0.018883555,0.17321782,4.0334832,2.5122327
1744,2744000.0,5.4178244,1.5180687,3.8997557,-0.2633931,1.0123728,1.1806098,0.77944151,-0.61728395,0.5,2.7190112,3.9460346,3.9374327,0.27356631,0.023518975,-0.12338353,-0.067937107,2.5627916,2.3902961,0.64838384,0.15,1.660426,0.5,0.036021324,13.880667,2.4901093,32.30635,0.01773119,-0.15628969,0.014493176,0.19420095,3.0142775,1.303031
1745,2745000.0,5.4471737,1.5281085,3.9190652,-0.25579407,1.0190682,1.1905069,0.78169427,-0.61728395,0.5,2.671997,3.9230878,3.9334463,0.15945701,0.015167481,0.05272058,0.092475936,2.515326,2.3405263,0.65611427,0.15,1.7185765,0.5,0.036450793,13.717123,2.5057458,32.30635,-0.04218556,-0.19235188,0.0039320089,0.16159318,-0.61508874,5.4595038
1746,2746000.0,5.4893076,1.543045,3.9462627,-0.24976274,1.029029,1.1942683,0.80027509,-0.61728395,0.5,2.9057738,4.0358764,4.1114161,0.57002889,-0.013949333,-0.42544525,0.051425151,2.7453787,2.5732558,0.65486381,0.15,1.6682901,0.5,0.036381323,13.743316,2.4849771,32.30635,0.033530471,-0.16500037,-0.012620187,0.2445897,1.9976052,2.786732
1747,2747000.0,5.4585231,1.5422109,3.9163123,-0.2396506,1.0284728,1.2060462,0.78258391,-0.61728395,0.5,3.0078435,4.1431209,4.2113184,0.66909113,-0.0073276026,-0.18074227,0.10818488,2.8509941,2.6720462,0.6559529,0.15,1.6960587,0.5,0.036441828,13.720497,2.4971877,32.30635,0.0041769985,-0.17504598,-0.014447305,0.19772398,-0.6232307,-1.3149651
1748,2748000.0,5.4633292,1.5604503,3.9028789,-0.26044882,1.0406364,1.2303623,0.77787465,-0.61728395,0.5,2.7140411,3.9200255,4.0027795,0.21931827,0.0087566967,-0.16085942,0.047208178,2.5581356,2.3714735,0.64586318,0.15,1.6451365,0.5,0.035881288,13.93484,2.4876025,32.30635,0.0080202115,-0.21694891,-0.042360613,0.18088226,-0.76513865,-0.93463866
1749,2749000.0,5.4619198,1.5491112,3.9128086,-0.27443791,1.0330745,1.1922437,0.81275594,-0.61728395,0.5,2.6077445,3.9465336,3.8524474,0.024252619,0.015934817,-0.051331079,0.19003255,2.4448479,2.2757902,0.6418377,0.15,1.6329137,0.5,0.03565765,14.022236,2.4951331,32.30635,-0.021836709,-0.20590082,-0.01971695,0.24044202,0.71062744,2.9494673
1750,2750000.0,5.5019321,1.5842498,3.9176824,-0.24023682,1.0565078,1.1958554,0.86374333,-0.61728395,0.5,2.5457512,3.8850207,3.8524298,-0.10019694,-0.028241176,-0.19710676,0.038748979,2.3726354,2.2127913,0.6345048,0.15,1.6476759,0.5,0.035250266,14.18429,2.4915722,32.30635,0.0034821763,-0.19165964,-0.010906842,0.18643073,-0.11592162,-2.9204123
1751,2751000.0,5.4311348,1.5016354,3.9294994,-0.23754788,1.0014137,1.1610855,0.78037276,-0.61728395,0.5,2.660999,3.9416409,3.9329035,0.10845247,-0.028204604,-0.16419277,0.095465583,2.5045928,2.33772,0.63696359,0.15,1.6988967,0.5,0.035386866,14.129536,2.5110571,32.30635,0.001770999,-0.18058476,0.014909191,0.21294042,0.092153589,-4.0010796
1752,2752000.0,5.4788064,1.5596079,3.9191986,-0.26144689,1.0400745,1.1982562,0.82113337,-0.61728395,0.5,2.6426485,3.8135042,3.9050052,0.20943613,0.0037377444,-0.096979651,0.00090239235,2.4780729,2.3090202,0.63617567,0.15,1.7273769,0.5,0.035343093,14.147036,2.4716898,32.30635,0.0038040849,-0.13898779,-0.013135564,0.19664811,1.9073621,1.1512924
1753,2753000.0,5.4651207,1.5069162,3.9582045,-0.21914313,1.0049354,1.1641826,0.78448688,-0.61728395,0.5,2.6561929,3.9303182,3.9178023,0.12045829,-0.019613522,-0.098622498,0.016362306,2.4989621,2.3320516,0.63910491,0.15,1.6924425,0.5,0.035505828,14.082195,2.4699013,32.30635,0.020795579,-0.16474842,-0.0088255034,0.14435084,-1.5823478,0.31411467
1754,2754000.0,5.4558349,1.5065652,3.9492697,-0.22588249,1.0047013,1.179463,0.76270013,-0.61728395,0.5,3.0672536,4.2880683,4.2655064,0.64818613,0.063223719,-0.14408114,-0.11145743,2.9143894,2.7388578,0.64767212,0.15,1.6804724,0.5,0.035981784,13.89592,2.4627854,32.30635,0.022111761,-0.16076718,0.00092906459,0.17384176,-0.2962605,8.6580009
1755,2755000.0,5.4627807,1.5428514,3.9199293,-0.26577264,1.0288999,1.2108186,0.77697495,-0.61728395,0.5,2.9353231,4.0887873,4.0597144,0.65746769,-0.012971501,-0.30728133,-0.031119646,2.7795979,2.598197,0.65752111,0.15,1.6482184,0.5,0.03652895,13.687774,2.4943932,32.30635,-0.013143819,-0.18863705,-0.013969079,0.19936963,-1.1938986,5.3177632
1756,2756000.0,5.4926328,1.5809811,3.9116517,-0.24658978,1.054328,1.2144656,0.83268066,-0.61728395,0.5,2.9293676,4.1698633,4.0885657,0.52967374,-0.034693329,0.14907136,-0.055095179,2.7624776,2.5912261,0.65550318,0.15,1.6429656,0.5,0.036416843,13.729911,2.4694394,32.30635,0.0082562143,-0.17631906,-0.005736485,0.15863633,-4.2066022,2.6850851
1757,2757000.0,5.483855,1.5607938,3.9230611,-0.23722578,1.0408654,1.2022358,0.81749512,-0.61728395,0.5,2.7242879,4.0551895,3.9583585,0.1593155,0.050723613,0.081454668,-0.00032057834,2.5604414,2.3895515,0.65428072,0.15,1.6246156,0.5,0.036348929,13.755563,2.4993784,32.30635,-0.015515931,-0.22445119,-0.017326082,0.20264964,-0.16827597,-8.4988423
1758,2758000.0,5.4483104,1.5212932,3.9270172,-0.26089557,1.0145231,1.1909793,0.77017557,-0.61728395,0.5,2.8015593,4.0687148,3.9664414,0.36952171,-0.0010895876,-0.17583196,0.058003725,2.6471969,2.469957,0.64706056,0.15,1.5990866,0.5,0.035947809,13.909054,2.466593,32.30635,0.013402827,-0.1649244,0.014564719,0.18607394,1.7873392,-1.1282975
1759,2759000.0,5.4363416,1.53121,3.9051316,-0.26700343,1.0211365,1.1983348,0.77576305,-0.61728395,0.5,2.6711862,3.9171851,3.9453608,0.15101286,0.011522906,-0.12948113,-0.069639632,2.5157039,2.337536,0.63980576,0.15,1.5991569,0.5,0.035544764,14.066769,2.4896953,32.30635,-0.0085611134,-0.15233824,-0.0070402348,0.20547067,2.8511779,-0.90496208
1760,2760000.0,5.4315446,1.5501641,3.8813805,-0.26718153,1.0337766,1.1945886,0.81117677,-0.61728395,0.5,2.6438563,3.8780387,3.8860228,0.1675072,0.035404356,0.061516584,-0.027691793,2.4812762,2.3112491,0.63340831,0.15,1.6325974,0.5,0.035189351,14.208844,2.4836147,32.30635,-0.045438206,-0.19675475,-0.018875792,0.20737618,-0.27033056,-1.4846791
1761,2761000.0,5.4610892,1.5508903,3.9101989,-0.25632368,1.0342609,1.1675065,0.84995623,-0.61728395,0.5,2.82597,4.0199002,3.9943122,0.46369752,-0.0038835222,0.12083329,0.1143824,2.6556175,2.5009032,0.63235815,0.15,1.6583381,0.5,0.035131008,14.232441,2.4779845,32.30635,0.012805046,-0.18169165,-0.011930699,0.21284295,-1.9483099,3.2510928
1762,2762000.0,5.4210655,1.5431683,3.8778971,-0.27396603,1.0291113,1.2005695,0.79171812,-0.61728395,0.5,2.623644,3.8628507,3.8746596,0.13342174,0.025712217,-0.067612697,-0.0096181637,2.4649639,2.2893716,0.63633553,0.15,1.6152001,0.5,0.035351974,14.143482,2.5019522,32.30635,0.019286604,-0.17673371,0.011437904,0.27670781,-2.598833,0.38647372
1763,2763000.0,5.4370527,1.5118923,3.9251603,-0.24074671,1.0082539,1.1851712,0.76326081,-0.61728395,0.5,2.5625779,3.87096,3.8440058,-0.027232057,-0.014064651,-0.30903613,-0.0043288781,2.4096014,2.2325928,0.64380853,0.15,1.6775048,0.5,0.03576714,13.979312,2.4718996,32.30635,0.0076522906,-0.2222996,-0.0093080628,0.17001337,2.1238403,-0.71029245
1764,2764000.0,5.4425846,1.5400772,3.9025075,-0.26051339,1.0270498,1.1893729,0.80234542,-0.61728395,0.5,2.6364935,3.8268907,3.9060159,0.17657394,0.030318439,-0.13786431,0.053045071,2.4756834,2.3053385,0.65377262,0.15,1.6794017,0.5,0.036320701,13.766254,2.4788103,32.30635,-0.019020471,-0.15662508,-0.0088791605,0.17539803,1.834982,-4.2156383
1765,2765000.0,5.3951125,1.5329019,3.8622105,-0.26318849,1.0222648,1.1986448,0.77802898,-0.61728395,0.5,2.67195,3.904664,3.928849,0.18233715,-0.033587852,-0.25123057,-0.009617309,2.5160136,2.3382135,0.66162349,0.15,1.6568355,0.5,0.03675686,13.602903,2.4729163,32.30635,0.043812918,-0.19373069,0.029267146,0.23368932,-0.046042713,-0.48282885
1766,2766000.0,5.4239153,1.537424,3.8864913,-0.26699827,1.0252805,1.1906361,0.796362,-0.61728395,0.5,2.6996628,4.0179561,3.9232484,0.15778401,0.029186947,0.062660839,-0.00020317198,2.540052,2.3681561,0.66440958,0.15,1.6331688,0.5,0.036911643,13.545861,2.4916538,32.30635,-0.0252792,-0.19389366,-0.024604151,0.22620214,0.37020681,-0.53212635
1767,2767000.0,5.4706948,1.5395737,3.931121,-0.25540622,1.0267141,1.1906531,0.79976473,-0.61728395,0.5,2.8583473,4.0650884,4.0468128,0.46314059,-0.010020162,-0.091845173,0.0084599197,2.6980544,2.5268358,0.65999686,0.15,1.7041319,0.5,0.036666492,13.636428,2.4876587,32.30635,-0.0032670499,-0.18740631,-0.015572986,0.15978606,3.2797697,5.3925623
1768,2768000.0,5.481126,1.5656183,3.9155077,-0.26250692,1.0440828,1.2186035,0.8024468,-0.61728395,0.5,2.6543719,3.9333411,3.9069552,0.12281949,0.025123382,-0.072556109,-0.029705936,2.4935415,2.3150783,0.64662178,0.15,1.7053365,0.5,0.035923432,13.918492,2.4838663,32.30635,0.010800544,-0.18274655,0.033853254,0.17769572,1.3160663,-2.6217595
1769,2769000.0,5.4645132,1.5459616,3.9185516,-0.240366,1.0309741,1.1988847,0.79851054,-0.61728395,0.5,2.5271431,3.7304639,3.8883644,-0.037399082,0.0091739067,-0.053103615,-0.063577441,2.3671016,2.1933397,0.63467076,0.15,1.7145047,0.5,0.035259487,14.180581,2.4758336,32.30635,0.022734222,-0.22235778,0.022857521,0.12837771,0.70653114,-5.4969977
1770,2770000.0,5.4827402,1.5831702,3.8995701,-0.24528611,1.0557878,1.2486403,0.78869442,-0.61728395,0.5,2.9648593,4.1645588,4.1081194,0.62189965,0.022969091,0.034556556,-0.053214899,2.8067852,2.6172026,0.63302325,0.15,1.7024005,0.5,0.035167959,14.217487,2.4785051,32.30635,0.013439115,-0.19255592,0.0061882023,0.15733563,-3.1943926,4.8014693
1771,2771000.0,5.489061,1.5482206,3.9408404,-0.24628726,1.0324806,1.1915338,0.81232286,-0.61728395,0.5,2.7231864,3.9563698,4.0491507,0.16403861,0.018191197,-0.16455255,-0.10341179,2.5603766,2.3914297,0.62959285,0.15,1.700088,0.5,0.034977381,14.294953,2.4755226,32.30635,0.016227139,-0.18066098,0.016180605,0.17996447,5.6787937,-5.9352859
1772,2772000.0,5.4897725,1.5463783,3.9433942,-0.25196733,1.031252,1.2025705,0.79405444,-0.61728395,0.5,2.7598852,3.9895181,3.9708886,0.31924888,0.027172751,-0.12470898,0.079274021,2.6007368,2.4250556,0.63702144,0.15,1.7266541,0.5,0.03539008,14.128253,2.4859791,32.30635,0.029421901,-0.15368031,0.00051918549,0.19302471,1.2431161,-0.95386713
1773,2773000.0,5.4714024,1.544125,3.9272774,-0.22734237,1.0297493,1.182386,0.81850314,-0.61728395,0.5,2.942473,4.2185071,4.1402402,0.46867168,0.0016468718,0.13510222,0.0050705353,2.7784245,2.6132634,0.64176757,0.15,1.665788,0.5,0.035653754,14.023769,2.472665,32.30635,0.027636651,-0.1801191,-0.035536054,0.17325181,-2.3203344,3.200447
1774,2774000.0,5.4684382,1.5400508,3.9283873,-0.25850053,1.0270323,1.2065942,0.77837988,-0.61728395,0.5,2.7092727,3.9216968,4.0039852,0.20213614,-0.056791643,0.19820387,-0.018277317,2.5532659,2.3733228,0.64924784,0.15,1.6745615,0.5,0.036069325,13.862195,2.4756478,32.30635,0.0054473805,-0.19809449,0.027929854,0.17695127,-0.67682227,1.4646881
1775,2775000.0,5.502668,1.5460711,3.9565969,-0.25984859,1.0310471,1.1899552,0.81108982,-0.61728395,0.5,2.8057249,4.0379533,4.016598,0.36262328,-0.0151939,-0.069243679,0.0205587,2.6431622,2.4744077,0.65351447,0.15,1.6134753,0.5,0.036306359,13.771692,2.5056527,32.30635,-0.021857282,-0.17642258,-0.064858174,0.17018817,2.7420312,-1.9759949
1776,2776000.0,5.4492443,1.5435216,3.9057227,-0.26011977,1.0293469,1.2141322,0.77344,-0.61728395,0.5,2.5806203,3.8847655,3.8693747,-0.012279195,0.014638944,0.028859314,-0.13412762,2.4256036,2.2425717,0.66026008,0.15,1.6767,0.5,0.036681116,13.630992,2.5110229,32.30635,-0.013246663,-0.14467957,-0.016800285,0.19004644,0.33501482,-2.226774
1777,2777000.0,5.4615681,1.5717526,3.8898155,-0.2514107,1.0481736,1.2318354,0.79384199,-0.61728395,0.5,2.7750191,4.0046865,4.0565787,0.26379221,0.023850051,-0.13870282,0.0014471783,2.6159133,2.4320413,0.65678821,0.15,1.665508,0.5,0.036488234,13.703048,2.5017403,32.30635,-2.609953e-05,-0.24545002,-0.02176953,0.20554323,2.1267247,11.173709
1778,2778000.0,5.4707575,1.5381476,3.9326098,-0.24925873,1.0257631,1.1865703,0.80316348,-0.61728395,0.5,3.0113023,4.1986934,4.1663479,0.66886571,0.020868897,0.094920171,-0.014809498,2.8503283,2.6809277,0.65750661,0.15,1.7099538,0.5,0.036528145,13.688075,2.5010353,32.30635,0.0050936886,-0.17752357,0.0018441759,0.12571537,-1.4114933,5.6268149
1779,2779000.0,5.4212954,1.5444579,3.8768375,-0.26773263,1.0299713,1.2061123,0.78607347,-0.61728395,0.5,2.6945909,3.9313842,3.8888955,0.26349291,-0.0065817116,-0.073698491,-0.064045905,2.5370421,2.3587752,0.65024751,0.15,1.6668168,0.5,0.036124862,13.840883,2.4711253,32.30635,0.0083306191,-0.17879054,0.0085259435,0.15725847,-0.19054052,-11.001655
1780,2780000.0,5.4164225,1.519369,3.8970535,-0.24746268,1.01324,1.1623298,0.80690839,-0.61728395,0.5,2.9442701,4.1939283,4.0718171,0.56706482,0.058698181,-0.22726146,-0.043477808,2.7825455,2.6206447,0.6468521,0.15,1.6041677,0.5,0.035936228,13.913536,2.4773328,32.30635,-0.011156909,-0.28822912,-0.0036640165,0.18595751,4.909652,-0.74991885
1781,2781000.0,5.440181,1.5404723,3.8997088,-0.2659423,1.0273133,1.1848079,0.80931691,-0.61728395,0.5,2.5153911,3.7568271,3.8218816,-0.032535356,-0.0232592,0.011233473,0.13194502,2.3531838,2.1855072,0.64173405,0.15,1.6476289,0.5,0.035651892,14.024501,2.4936346,32.30635,-0.0076140141,-0.15864088,-0.034473166,0.2116837,-0.17722924,-7.4907329
1782,2782000.0,5.4160249,1.5025023,3.9135226,-0.25699379,1.0019918,1.1639948,0.77771284,-0.61728395,0.5,2.495719,3.8507092,3.803878,-0.16743029,0.022049862,-0.030503807,-0.00057927896,2.3398459,2.17163,0.63728953,0.15,1.608055,0.5,0.035404974,14.122309,2.5007576,32.30635,0.023209355,-0.18538239,-0.013195338,0.18396943,-2.4935983,-2.2543085
1783,2783000.0,5.4599204,1.519073,3.9408473,-0.26148467,1.0130426,1.1574127,0.81326736,-0.61728395,0.5,2.828973,4.0074986,3.9985323,0.4808882,0.06554992,-0.1515707,-0.022113902,2.6659739,2.5067166,0.63782602,0.15,1.6399118,0.5,0.035434779,14.110431,2.4923445,32.30635,0.012089307,-0.16148022,-0.02763624,0.22984292,0.79423368,4.4231734
1784,2784000.0,5.4707379,1.5297412,3.9409967,-0.25556098,1.020157,1.1724857,0.80933132,-0.61728395,0.5,2.843783,4.0519806,4.0093193,0.47004915,-0.0048454605,-0.099097802,-0.15221458,2.6815728,2.5173299,0.64146517,0.15,1.608155,0.5,0.035636954,14.03038,2.4742372,32.30635,0.010969867,-0.1689613,0.0011021695,0.25455162,2.0251139,2.6610659
1785,2785000.0,5.4268617,1.5381616,3.8887002,-0.27932143,1.0257724,1.1928298,0.79449011,-0.61728395,0.5,2.4890725,3.7664426,3.7833171,-0.082542231,-0.0031516941,-0.084433702,-0.014123179,2.3298368,2.156955,0.64695885,0.15,1.6063453,0.5,0.035942158,13.91124,2.4871681,32.30635,-0.010383306,-0.19757255,-0.0025915467,0.14915259,-1.2688993,-6.8448102
1786,2786000.0,5.4539501,1.5335007,3.9204494,-0.25054697,1.0226641,1.1808594,0.80369062,-0.61728395,0.5,2.8071512,3.9427697,4.0704737,0.40821032,-0.013858281,-0.24119083,-0.14249661,2.6460715,2.4783666,0.64638824,0.15,1.6295239,0.5,0.035910458,13.923521,2.4693224,32.30635,-0.00089614686,-0.23085485,-0.023048734,0.12604517,0.83370328,1.0097306
1787,2787000.0,5.4621379,1.5348986,3.9272393,-0.25462614,1.0235963,1.176413,0.81209553,-0.61728395,0.5,2.5995889,3.8162344,3.9077622,0.074769928,-0.0045086242,-0.46715594,-0.15757037,2.4368246,2.2720423,0.65261949,0.15,1.6213948,0.5,0.036256638,13.790578,2.4911225,32.30635,-0.0072949149,-0.16279163,0.011663747,0.15838157,2.4257486,0.6466766
1788,2788000.0,5.4188598,1.5405339,3.8783258,-0.24807745,1.0273545,1.1919456,0.79949957,-0.61728395,0.5,2.8954254,4.0436166,4.1210405,0.52161905,0.0025156989,-0.080676236,-0.12544518,2.7351857,2.5635541,0.65747625,0.15,1.6298799,0.5,0.036526458,13.688707,2.525469,32.30635,-0.013377119,-0.18774535,-0.013605644,0.22126577,-0.37068844,10.345066
1789,2789000.0,5.448204,1.5310792,3.9171248,-0.24228694,1.0210492,1.1768939,0.8053399,-0.61728395,0.5,2.7968994,3.9708709,4.0785101,0.34131722,0.037632736,0.21537352,-0.017175399,2.6354892,2.4692189,0.66002744,0.15,1.6324007,0.5,0.036668191,13.635797,2.4821294,32.30635,-0.021895846,-0.20689027,-0.021141454,0.22414273,-2.224923,-2.9234817
1790,2790000.0,5.4052054,1.5205648,3.8846406,-0.25505115,1.0140374,1.1808932,0.78302611,-0.61728395,0.5,2.6596203,3.9522897,3.865805,0.1607661,-0.013929875,-0.018630082,-0.042517683,2.5026822,2.3308262,0.66271385,0.15,1.6590092,0.5,0.036817436,13.580522,2.4866553,32.30635,0.023673327,-0.25495383,-0.0015787688,0.16999543,-0.3341417,-6.1693036
1791,2791000.0,5.4017589,1.5085774,3.8931816,-0.27519324,1.0060432,1.1627805,0.78908222,-0.61728395,0.5,2.8004668,3.9728947,4.075485,0.35302076,0.014308534,-0.16891915,-0.04674713,2.642315,2.4767159,0.66305931,0.15,1.6795983,0.5,0.036836628,13.573446,2.5003655,32.30635,0.012952155,-0.154297,-0.0067349978,0.22354674,3.3238029,-2.3036942
1792,2792000.0,5.4298997,1.5489289,3.8809709,-0.25287769,1.0329529,1.2015179,0.79958189,-0.61728395,0.5,2.5102284,3.8362813,3.7780206,-0.083616674,-0.009998332,-0.25830877,0.050632232,2.3499722,2.1756919,0.65261368,0.15,1.6771441,0.5,0.036256316,13.790701,2.4752825,32.30635,0.0029619135,-0.21097756,0.031999177,0.21779772,2.4170121,2.0084135
1793,2793000.0,5.4142404,1.519484,3.8947564,-0.2355631,1.0133166,1.1699915,0.796448,-0.61728395,0.5,2.8877637,4.1122912,4.0791207,0.47187922,0.00081522945,0.073413833,-0.013352145,2.7281356,2.562005,0.64299463,0.15,1.6671671,0.5,0.035721924,13.997006,2.4557287,32.30635,-0.0066520509,-0.15858581,0.022047166,0.17576486,-0.31419399,3.7767314
1794,2794000.0,5.4134214,1.5214887,3.8919327,-0.26183802,1.0146536,1.1515432,0.82527141,-0.61728395,0.5,2.7622713,4.0318468,3.9891163,0.26585094,0.023257568,-0.021469528,-0.09415902,2.5968663,2.4416492,0.6420381,0.15,1.6763429,0.5,0.035668783,14.01786,2.5081629,32.30635,0.014864063,-0.14824556,-0.0077639807,0.16323582,-0.86860572,-4.3818772
1795,2795000.0,5.3695256,1.4660015,3.9035241,-0.25356293,0.9776501,1.1482662,0.74138704,-0.61728395,0.5,2.8823949,4.0951584,4.0064524,0.54557391,0.022929219,0.17366217,-0.055237996,2.7338024,2.5626852,0.64220838,0.15,1.6476689,0.5,0.035678243,14.014143,2.4972082,32.30635,-0.0035420873,-0.20242718,-0.0094845173,0.15429267,-4.1171346,-2.4560121
1796,2796000.0,5.4205591,1.5496209,3.8709382,-0.2882333,1.0334144,1.1823959,0.82724893,-0.61728395,0.5,2.5653586,3.7836162,3.8923079,0.020151593,0.0071690063,-0.38889541,0.046508574,2.3995572,2.2361462,0.64408936,0.15,1.6313883,0.5,0.035782742,13.973216,2.4697948,32.30635,0.0014677432,-0.18802755,-0.017682301,0.20968995,0.026739691,3.568951
1797,2797000.0,5.4325965,1.5333375,3.899259,-0.25146282,1.0225553,1.1785706,0.8066101,-0.61728395,0.5,2.653173,3.9703422,3.8980945,0.091082162,-0.021844558,-0.26831117,-0.032287566,2.4915082,2.3250256,0.65062487,0.15,1.6041094,0.5,0.036145826,13.832856,2.4853325,32.30635,0.04122933,-0.18073143,0.0056900091,0.17807181,2.5137183,-5.1691905
1798,2798000.0,5.4358929,1.5266238,3.9092691,-0.25948976,1.018078,1.1643252,0.81569924,-0.61728395,0.5,2.6968045,3.9711806,3.9660746,0.15315828,0.0010692495,0.056080669,-0.0070429081,2.533318,2.3726235,0.65779496,0.15,1.6643876,0.5,0.036544164,13.682075,2.4805611,32.30635,0.0040218622,-0.18660136,-0.015223473,0.23682623,2.0826753,-1.9600183
1799,2799000.0,5.4616161,1.5284049,3.9332112,-0.26269045,1.0192658,1.1506595,0.8375221,-0.61728395,0.5,2.6860906,3.9282765,3.9206034,0.20939182,-0.031168458,0.086545689,-0.11022202,2.5182302,2.3657145,0.66033705,0.15,1.7146029,0.5,0.036685392,13.629403,2.5002658,32.30635,0.027638043,-0.19580642,-0.013903931,0.17822656,-2.1474404,1.1563676
1800,2800000.0,5.4597489,1.5292251,3.9305238,-0.23819769,1.0198128,1.1583897,0.82809089,-0.61728395,0.5,2.6621659,3.8813003,3.8869138,0.21828377,0.029252817,0.067660719,-0.008562525,2.4961958,2.3396375,0.66632306,0.15,1.7033114,0.5,0.037017948,13.506962,2.4865604,32.30635,0.0039762263,-0.14071624,0.0297452,0.22765006,-0.0091779342,0.78624364
1801,2801000.0,5.4867834,1.5398765,3.9469069,-0.25509376,1.026916,1.1836023,0.81004211,-0.61728395,0.5,2.9758627,4.0726241,4.1512208,0.70374331,-0.0068094715,-0.19627125,0.057588728,2.81351,2.6463144,0.66205234,0.15,1.6718374,0.5,0.036780686,13.594091,2.4854244,32.30635,-0.010762475,-0.21683492,0.0087315965,0.24240003,-2.5649033,3.505186
1802,2802000.0,5.4310933,1.5225264,3.9085669,-0.23631399,1.0153455,1.1788692,0.78896437,-0.61728395,0.5,2.705771,3.9608751,3.9649741,0.19146373,0.018620726,0.12257022,0.043085037,2.5476428,2.3775405,0.65399606,0.15,1.6351448,0.5,0.036333115,13.761551,2.4697622,32.30635,0.018899877,-0.15263,0.0055793459,0.17021724,-1.9778812,-3.8222912
1803,2803000.0,5.4439438,1.5433957,3.9005482,-0.25215641,1.0292629,1.2147871,0.77232951,-0.61728395,0.5,2.9012763,4.0694395,4.1241403,0.51024906,-0.022025072,0.0069634706,-0.020233266,2.7464821,2.5630453,0.64616632,0.15,1.6125627,0.5,0.035898129,13.928302,2.4948908,32.30635,-0.013798869,-0.17642129,0.0083319419,0.22829834,-1.0057738,6.2131182
1804,2804000.0,5.4734083,1.5294131,3.9439952,-0.25186127,1.0199382,1.1802123,0.79807474,-0.61728395,0.5,2.7382205,3.9658354,3.9518162,0.29700987,-0.023507403,0.033947857,-0.09011779,2.5782664,2.4096161,0.63738955,0.15,1.605645,0.5,0.03541053,14.120093,2.4750097,32.30635,-0.02571753,-0.1696883,-0.0082535072,0.17737912,2.5074,5.0573565
1805,2805000.0,5.4422185,1.5430625,3.899156,-0.25037863,1.0290407,1.1940418,0.80061769,-0.61728395,0.5,2.6031057,3.8220297,3.8951356,0.092151663,-0.024519931,0.067755416,-0.12440759,2.4426419,2.2706507,0.63743096,0.15,1.6239196,0.5,0.035412831,14.119176,2.4930865,32.30635,-0.00071411404,-0.16769344,-0.028599222,0.2156002,-3.8783295,-2.0099195
1806,2806000.0,5.4696943,1.5092628,3.9604316,-0.27155175,1.0065003,1.1500277,0.8078907,-0.61728395,0.5,2.5642114,3.7976348,3.877984,0.017015388,0.038089185,-0.41591613,-0.010864108,2.4022899,2.2440112,0.63889409,0.15,1.6357343,0.5,0.035494116,14.086842,2.502385,32.30635,-0.011796018,-0.15578698,-0.0087962654,0.14467465,-3.9897595,-6.7994877
1807,2807000.0,5.4634921,1.560199,3.9032931,-0.27119982,1.0404688,1.1901203,0.83337786,-0.61728395,0.5,2.7609907,3.936613,4.0128965,0.33346269,-0.027226369,-0.18906439,0.073047871,2.593961,2.4296276,0.65100785,0.15,1.6298836,0.5,0.036167103,13.824718,2.4907676,32.30635,0.021639538,-0.19529912,0.014772455,0.19960897,-2.709821,-2.8105636
1808,2808000.0,5.4652798,1.556901,3.9083788,-0.24365806,1.0382694,1.209334,0.80143004,-0.61728395,0.5,2.7229124,4.0185941,3.9334667,0.21667641,-0.00694264,0.27661356,-0.027478773,2.5622858,2.3861997,0.65842803,0.15,1.6574034,0.5,0.036579335,13.66892,2.4932304,32.30635,-0.0057365184,-0.23629369,-0.0094602913,0.16725603,-1.6409917,0.86680876
1809,2809000.0,5.4550437,1.563465,3.8915786,-0.2548896,1.0426468,1.2100256,0.81093107,-0.61728395,0.5,2.8606152,4.0483644,4.0825683,0.45091277,-0.00095474348,-0.13672356,0.016615793,2.6980843,2.5237099,0.66324866,0.15,1.6395597,0.5,0.036847148,13.569571,2.4790568,32.30635,-0.0083704255,-0.21821732,-0.013167808,0.15436666,5.3259502,8.54719
1810,2810000.0,5.4806375,1.538497,3.9421405,-0.26572226,1.0259961,1.1902485,0.7986107,-0.61728395,0.5,2.8208293,3.9910725,3.9886036,0.48281167,0.0052728643,-0.16170324,-0.11090236,2.6607677,2.4894305,0.65981768,0.15,1.6522284,0.5,0.036656538,13.640132,2.4983129,32.30635,0.0042901972,-0.19834455,0.006295604,0.20565573,1.684779,-3.6009667
1811,2811000.0,5.4623969,1.5655641,3.8968329,-0.24400865,1.0440466,1.2142556,0.8084003,-0.61728395,0.5,2.8675637,4.0992103,4.0659732,0.43750774,-0.0030383648,0.025299029,0.045113553,2.7055401,2.5294807,0.65173911,0.15,1.6467498,0.5,0.036207728,13.809207,2.4729049,32.30635,0.034408123,-0.2245246,-0.033198549,0.2172997,-1.2638073,0.51589902
1812,2812000.0,5.4184329,1.5147448,3.903688,-0.25737685,1.0101562,1.1728287,0.78495326,-0.61728395,0.5,2.9003983,4.0426887,4.1227769,0.5357291,0.036597763,-0.10547262,0.097283634,2.743074,2.5738496,0.64560311,0.15,1.6295272,0.5,0.035866839,13.940453,2.5006681,32.30635,-0.00029299995,-0.21186793,-0.014335933,0.18694849,2.76367,11.268535
1813,2813000.0,5.4194743,1.5035958,3.9158785,-0.26528587,1.0027211,1.1633392,0.78036641,-0.61728395,0.5,2.7022561,3.9443406,3.9196556,0.24277209,0.010242375,-0.035754564,0.080578989,2.5458512,2.3783496,0.64268263,0.15,1.6201004,0.5,0.035704591,14.003801,2.4876278,32.30635,0.013179237,-0.20535369,0.010827158,0.20485531,0.86205813,1.863955
1814,2814000.0,5.4236363,1.5514046,3.8722317,-0.2685105,1.0346039,1.2152815,0.78440745,-0.61728395,0.5,2.6900327,3.8456148,3.9931647,0.23131859,-0.053711936,0.055488099,0.12396281,2.5328178,2.351664,0.63730763,0.15,1.6324433,0.5,0.035405979,14.121909,2.4575582,32.30635,0.0095422257,-0.18568258,0.022986564,0.15215987,-3.1394466,2.264006
1815,2815000.0,5.4617355,1.5220647,3.9396708,-0.25383975,1.0150376,1.1722323,0.79744824,-0.61728395,0.5,2.5975866,3.814155,3.8361794,0.14242524,0.0061031319,0.1989801,0.035834326,2.437758,2.271204,0.63819826,0.15,1.6724325,0.5,0.035455459,14.102201,2.4935028,32.30635,-0.024707161,-0.21115904,0.0044733514,0.1480039,-3.9418949,-2.8707776
1816,2816000.0,5.4367706,1.5653032,3.8714674,-0.26103763,1.0438726,1.2393305,0.77315077,-0.61728395,0.5,2.7585712,3.9836934,3.9867704,0.30524969,-0.06311496,0.1074816,-0.078222959,2.6036124,2.4135066,0.64364479,0.15,1.69813,0.5,0.035758044,13.982868,2.4861116,32.30635,-0.010973526,-0.15080615,-0.00074665885,0.18003484,-0.36605022,-1.4818048
1817,2817000.0,5.4589396,1.5556774,3.9032621,-0.2636769,1.0374534,1.2031452,0.80807729,-0.61728395,0.5,2.6212607,3.9114823,3.864716,0.087583863,-0.064216401,-0.11216269,-0.079494676,2.4593019,2.2862712,0.64466344,0.15,1.6801069,0.5,0.035814635,13.960773,2.4752635,32.30635,0.0075602704,-0.28436048,0.0043746906,0.1735992,0.43577006,-1.2363795
1818,2818000.0,5.4359794,1.5386661,3.8973133,-0.26227135,1.0261088,1.1966898,0.78993192,-0.61728395,0.5,2.4829939,3.7258825,3.8097132,-0.086613982,-0.0074589302,0.11834167,0.023879953,2.3246718,2.1498017,0.65262749,0.15,1.6247285,0.5,0.036257083,13.790409,2.4943034,32.30635,-0.022775211,-0.1822503,0.0093978213,0.16521984,-0.46868928,-4.5572468
1819,2819000.0,5.43074,1.522357,3.908383,-0.24738369,1.0152326,1.1691645,0.802176,-0.61728395,0.5,2.8519851,4.1168974,4.0247178,0.41434025,0.046200442,0.080864876,-0.021995986,2.691209,2.5264567,0.65600154,0.15,1.6243436,0.5,0.03644453,13.71948,2.5022751,32.30635,-0.021675414,-0.22458679,-0.0066002459,0.2197432,2.4394914,1.9600369
1820,2820000.0,5.4308372,1.4936108,3.9372264,-0.25791614,0.99606228,1.1364542,0.80180047,-0.61728395,0.5,3.1754051,4.2124781,4.2726207,1.0411163,-0.021774319,0.0023605309,0.010691488,3.0147042,2.8589841,0.65576073,0.15,1.6182322,0.5,0.036431152,13.724518,2.4785213,32.30635,-0.017179715,-0.17272795,0.023896385,0.18660185,4.2464985,3.8839196
1821,2821000.0,5.4194619,1.5207333,3.8987286,-0.24284946,1.0141498,1.1646098,0.80591557,-0.61728395,0.5,2.586237,3.9132199,3.7632299,0.082261206,-0.011185873,-0.15069856,0.0041149119,2.4247114,2.2619768,0.64963362,0.15,1.6519272,0.5,0.036090756,13.853963,2.4832879,32.30635,0.022116668,-0.19874672,0.0096431849,0.22687268,2.0066301,-4.3241783
1822,2822000.0,5.4503745,1.525567,3.9248075,-0.24130428,1.0173733,1.1807116,0.79125108,-0.61728395,0.5,2.4362207,3.7808459,3.6800704,-0.15225432,-0.034447527,-0.3100072,0.034356284,2.2776342,2.1074772,0.64540441,0.15,1.6668835,0.5,0.035855801,13.944745,2.4794666,32.30635,0.024297504,-0.19093492,-0.0011612568,0.18988664,0.15195794,2.4358327
1823,2823000.0,5.4056555,1.5272428,3.8784127,-0.2536399,1.0184908,1.1797443,0.7952657,-0.61728395,0.5,2.5623232,3.9195128,3.8069562,-0.039499336,0.054228891,-0.10178388,0.15610091,2.4029321,2.2338491,0.64694708,0.15,1.6273367,0.5,0.035941504,13.911493,2.5183294,32.30635,-0.016899446,-0.15385062,-0.0040053192,0.15656031,5.8931867,-0.7699352
1824,2824000.0,5.4474362,1.529416,3.9180201,-0.24156245,1.0199401,1.1744152,0.80613262,-0.61728395,0.5,2.9918502,4.2090068,4.1213969,0.64514698,0.0069459064,-0.15997439,-0.033036441,2.8302811,2.6648599,0.64836387,0.15,1.6260199,0.5,0.036020215,13.881094,2.4793219,32.30635,-0.046918492,-0.18549629,-0.0076623848,0.16757704,0.29806389,2.6562783
1825,2825000.0,5.4042569,1.5247449,3.879512,-0.25183665,1.016825,1.179258,0.79196013,-0.61728395,0.5,2.6577107,4.0086158,3.8970202,0.067496145,0.078389716,0.12635471,0.03680487,2.4989821,2.329372,0.64762171,0.15,1.6313967,0.5,0.035978984,13.897002,2.4887295,32.30635,0.014674785,-0.16685269,-0.028141615,0.16647097,-3.6927183,-7.198108
1826,2826000.0,5.4282381,1.5448479,3.8833901,-0.24342235,1.0302314,1.1770736,0.82703528,-0.61728395,0.5,2.5330575,3.7960912,3.8468133,-0.043731987,-0.017664003,-0.038493314,-0.11380249,2.367299,2.205327,0.65164024,0.15,1.6513237,0.5,0.036202236,13.811302,2.5058666,32.30635,-0.012140343,-0.20808821,0.021117489,0.22710104,-1.1428513,-4.8636653
1827,2827000.0,5.4341443,1.5474851,3.8866592,-0.26722851,1.0319901,1.1844464,0.8209963,-0.61728395,0.5,2.6744842,3.9165756,4.0003037,0.10657327,-0.0068714145,-0.11938373,-0.039112135,2.509936,2.3447009,0.64640811,0.15,1.6359545,0.5,0.035911562,13.923093,2.4841165,32.30635,0.026174936,-0.17934772,-0.026119837,0.18652193,-2.7218373,1.7347586
1828,2828000.0,5.4031979,1.5241565,3.8790414,-0.24620085,1.0164326,1.1626088,0.81415121,-0.61728395,0.5,2.7233495,4.0327615,3.9648483,0.17243864,-0.054017121,-0.16176053,0.043974211,2.5601732,2.3996464,0.65196267,0.15,1.6429075,0.5,0.036220148,13.804471,2.4788553,32.30635,0.0078359172,-0.19185069,0.02316913,0.15708997,0.60166691,-0.15780919
1829,2829000.0,5.4488046,1.5272039,3.9216007,-0.25557585,1.0184649,1.1773715,0.79849994,-0.61728395,0.5,2.8193816,4.0757041,4.0533015,0.32913922,-0.062945551,0.010096112,0.16861863,2.6593423,2.4915681,0.64345772,0.15,1.617691,0.5,0.035747651,13.986933,2.4671561,32.30635,0.0030574566,-0.17170586,0.0023936016,0.17360386,2.6650267,5.9305537
1830,2830000.0,5.4346716,1.5390278,3.8956438,-0.26819199,1.0263501,1.1763323,0.81878887,-0.61728395,0.5,2.8525889,4.0453374,4.0170399,0.49538929,0.0051686888,0.068316501,-0.055775587,2.6884831,2.5250648,0.64087306,0.15,1.6713547,0.5,0.035604059,14.043343,2.5010016,32.30635,-0.017428042,-0.18133897,-0.0078241438,0.18262274,3.7045555,-0.58967156
1831,2831000.0,5.4078694,1.5032034,3.904666,-0.26000752,1.0024594,1.1525161,0.79477642,-0.61728395,0.5,2.7703095,4.0012541,3.9682726,0.34140183,-0.022002617,-0.12449124,-0.085088103,2.6110165,2.4494165,0.63764973,0.15,1.6453142,0.5,0.035424985,14.114332,2.5006342,32.30635,0.014081364,-0.19181741,-0.012872517,0.17970218,3.3472557,-0.74138923
1832,2832000.0,5.3850134,1.4960783,3.8889351,-0.24770132,0.99770778,1.1564796,0.77791407,-0.61728395,0.5,2.8074359,3.9344453,4.030101,0.45776141,-0.00091327986,-0.2319421,0.017167019,2.6515225,2.4854393,0.63628823,0.15,1.6910036,0.5,0.035349346,14.144533,2.4854643,32.30635,-0.0031941331,-0.15733742,-0.0014473973,0.20735847,0.61682166,1.4772
1833,2833000.0,5.393845,1.5073622,3.8864828,-0.25636931,1.0052328,1.1546072,0.7984998,-0.61728395,0.5,2.4036766,3.6778262,3.7268881,-0.1936845,0.00026912952,-0.23094031,0.033725826,2.2436373,2.0822013,0.64012757,0.15,1.7140825,0.5,0.035562643,14.059697,2.4861756,32.30635,-0.034804202,-0.19157169,0.037320403,0.16523802,0.92645621,-0.21056439
1834,2834000.0,5.3712866,1.5176518,3.8536348,-0.26493057,1.0120948,1.1626333,0.80374985,-0.61728395,0.5,2.585067,3.8939902,3.8549041,0.0063066772,0.005423151,-0.15647073,-0.019538861,2.4239754,2.2613571,0.64982506,0.15,1.6296569,0.5,0.036101392,13.849881,2.4905263,32.30635,-0.00018562638,-0.16425397,0.0062296903,0.16842911,0.75552916,-6.1153504
1835,2835000.0,5.382496,1.5346518,3.8478442,-0.2682049,1.0234318,1.1877668,0.79592966,-0.61728395,0.5,2.8106216,4.0179053,4.0715703,0.3423892,0.0081305268,-0.11962817,-0.054849721,2.6510974,2.4799138,0.65684452,0.15,1.6730802,0.5,0.036491362,13.701873,2.4828399,32.30635,-0.0020944545,-0.1106636,-0.0054797262,0.15121125,-1.679205,1.4194213
1836,2836000.0,5.3894672,1.5093485,3.8801187,-0.26468157,1.0065575,1.1570652,0.79825102,-0.61728395,0.5,2.6735126,3.8965919,3.9818109,0.14213499,-0.039542884,-0.20443456,0.029510801,2.5135232,2.351353,0.66324314,0.15,1.7146822,0.5,0.036846841,13.569684,2.4820505,32.30635,-0.013706069,-0.17871304,0.020442984,0.16490962,2.2000405,1.8495125
1837,2837000.0,5.4345715,1.5266924,3.9078791,-0.26480509,1.0181238,1.1599171,0.82193221,-0.61728395,0.5,2.4504906,3.7315554,3.7640139,-0.1440975,0.035339618,-0.17675178,0.0066694037,2.2857548,2.1275369,0.66897271,0.15,1.7454766,0.5,0.037165151,13.453464,2.4958074,32.30635,-0.00010812031,-0.17585236,-0.018409596,0.21346311,1.0503459,-3.9302176
1838,2838000.0,5.4075139,1.5134739,3.8940399,-0.25684592,1.0093086,1.1600355,0.80069992,-0.61728395,0.5,2.7630211,4.0513689,3.9473696,0.29032475,0.015243366,0.3669006,-0.060191767,2.6025408,2.4400345,0.66218293,0.15,1.715633,0.5,0.036787941,13.59141,2.4887913,32.30635,0.0080979316,-0.23990039,0.0096584276,0.18390024,-0.050369158,-3.6922504
1839,2839000.0,5.4063838,1.5302719,3.8761119,-0.2705078,1.0205109,1.1780855,0.80239791,-0.61728395,0.5,2.6510026,3.8837334,3.8803617,0.18891284,-0.010715813,-0.10010876,0.12279034,2.490182,2.3229903,0.65416763,0.15,1.6998488,0.5,0.036342646,13.757942,2.4810055,32.30635,0.0053303653,-0.1518423,0.012869099,0.18676273,3.3962047,-4.4718713
1840,2840000.0,5.4146777,1.5341815,3.8804962,-0.26022374,1.0231182,1.1688583,0.82144751,-0.61728395,0.5,2.6359478,3.8419657,3.8776073,0.18827032,0.043555795,-0.27049076,0.061684616,2.4713092,2.3105046,0.64229176,0.15,1.6415427,0.5,0.035682875,14.012324,2.4904117,32.30635,0.028132564,-0.1932264,-0.0098019901,0.20119658,4.7059184,-2.9781825
1841,2841000.0,5.3471111,1.4773723,3.8697388,-0.28210838,0.98523311,1.158286,0.74559065,-0.61728395,0.5,2.6260859,3.8879499,3.8216711,0.16863679,0.050860135,-0.083861366,-0.014988716,2.4766509,2.3035864,0.63408398,0.15,1.6467525,0.5,0.035226888,14.193704,2.4866842,32.30635,0.0097290131,-0.16469423,-0.016336335,0.20655484,-0.95045118,1.9553447
1842,2842000.0,5.3398455,1.4951419,3.8447036,-0.26310317,0.99708332,1.152733,0.78162638,-0.61728395,0.5,2.8736204,4.0717285,4.1010507,0.44808195,0.0075415343,0.015249901,-0.021466525,2.7169629,2.552667,0.6336079,0.15,1.6643238,0.5,0.035200439,14.204368,2.4889072,32.30635,-0.0041528035,-0.17971059,-0.0030997597,0.17336359,-4.1834353,-4.261793
1843,2843000.0,5.4025206,1.5191798,3.8833407,-0.26055217,1.0131138,1.1427302,0.83383438,-0.61728395,0.5,2.742175,3.9909377,3.9302751,0.30531231,-0.032360556,-0.14274341,0.0097349915,2.5750538,2.4240067,0.63091717,0.15,1.6557544,0.5,0.035050954,14.264947,2.4765751,32.30635,0.0062568039,-0.15370037,0.0044881075,0.2128538,-2.1427658,2.1091522
1844,2844000.0,5.4038916,1.5095185,3.8943731,-0.25533394,1.0066708,1.1626716,0.79073362,-0.61728395,0.5,2.6382778,3.8937221,3.8641243,0.15698712,0.044497086,0.23155015,0.010615312,2.4797951,2.3145572,0.64174984,0.15,1.7127799,0.5,0.035652769,14.024156,2.4967189,32.30635,-0.01403723,-0.1402431,0.01072856,0.18628515,-0.84236626,-1.7355192
1845,2845000.0,5.3943423,1.529393,3.8649493,-0.23953214,1.0199248,1.1616666,0.82380619,-0.61728395,0.5,2.7635415,4.0727547,3.9545945,0.26327528,-0.013424199,-0.068572242,0.095389198,2.5984302,2.4401007,0.65117202,0.15,1.6962197,0.5,0.036176223,13.821233,2.4788862,32.30635,0.03887694,-0.15582209,-0.0087660734,0.21098969,6.907145,0.066477333
1846,2846000.0,5.438421,1.573226,3.865195,-0.26448628,1.0491562,1.1975407,0.8438323,-0.61728395,0.5,2.8183356,4.0477079,4.0096115,0.39768746,0.037743473,0.049313195,0.083389402,2.6492105,2.4849065,0.66239338,0.15,1.6904565,0.5,0.036799632,13.587092,2.4898947,32.30635,-0.00032845725,-0.21816209,0.01474476,0.20992201,1.1266127,1.0093805
1847,2847000.0,5.4400313,1.526582,3.9134493,-0.26363132,1.0180501,1.1627923,0.81776206,-0.61728395,0.5,2.8645711,3.9793733,4.0439478,0.57039211,-0.00060058532,0.034570027,-0.064419068,2.7006711,2.5408169,0.66856625,0.15,1.754788,0.5,0.03714257,13.461643,2.4789428,32.30635,0.0070105757,-0.22233273,0.0061527828,0.20182285,-2.3221647,2.6664919
1848,2848000.0,5.4799409,1.5559926,3.9239483,-0.24415893,1.0376636,1.1775829,0.84409043,-0.61728395,0.5,2.8718263,4.0322615,4.0943434,0.48887401,0.0054804639,0.1237673,0.17860886,2.7026495,2.543954,0.66449079,0.15,1.6902711,0.5,0.036916155,13.544206,2.4753135,32.30635,0.0083724659,-0.17574232,0.019994887,0.14375768,-5.4398571,3.8792011
1849,2849000.0,5.4381156,1.5807043,3.8574114,-0.25209679,1.0541433,1.1870685,0.8702991,-0.61728395,0.5,2.8832355,4.1740832,4.0803652,0.39525816,-0.056149017,-0.27401735,0.0017229178,2.7088058,2.5527221,0.66521548,0.15,1.6615284,0.5,0.036956415,13.529451,2.4743467,32.30635,-0.018748225,-0.18682396,-0.0025488226,0.17793118,-0.07241583,-0.8943305
1850,2850000.0,5.4176964,1.5180621,3.8996343,-0.27618333,1.0123684,1.1633292,0.80343707,-0.61728395,0.5,2.3890276,3.6546386,3.7030079,-0.19056371,-0.012308778,-0.092210569,0.089847976,2.2279987,2.0651239,0.65267605,0.15,1.6492504,0.5,0.03625978,13.789383,2.4774039,32.30635,0.030402303,-0.19324085,0.001954515,0.23085299,2.2130007,1.3432052
1851,2851000.0,5.3946845,1.4992301,3.8954544,-0.23682134,0.99980964,1.1498296,0.79217563,-0.61728395,0.5,2.8574442,4.120259,4.0564268,0.3956468,-0.024795225,-0.038283631,-0.11259695,2.6986724,2.5372992,0.64476242,0.15,1.6387178,0.5,0.035820134,13.95863,2.4962619,32.30635,0.00054073574,-0.22258524,-0.030572417,0.25650614,2.1087917,7.3749687
1852,2852000.0,5.4184197,1.5004924,3.9179273,-0.24306216,1.0006515,1.1383217,0.81017426,-0.61728395,0.5,2.7938577,4.057988,3.9875485,0.33603665,-0.0073190365,-0.099484919,0.060604379,2.6314785,2.4769168,0.63912835,0.15,1.680122,0.5,0.035507131,14.081679,2.514792,32.30635,0.012297528,-0.15133443,-0.0049031292,0.22031904,3.648284,2.7111419
1853,2853000.0,5.4275579,1.4984408,3.9291171,-0.25521978,0.9992833,1.1474898,0.79416816,-0.61728395,0.5,2.6355727,3.924051,3.8642156,0.1184516,-0.0010551154,-0.08511992,-0.093434789,2.4764016,2.3160792,0.63553538,0.15,1.6412324,0.5,0.035307521,14.161289,2.4874235,32.30635,0.0086111682,-0.17885194,-0.022841597,0.16668784,-2.0337788,-2.9765808
1854,2854000.0,5.4201647,1.5437173,3.8764475,-0.27563397,1.0294774,1.1851237,0.81405015,-0.61728395,0.5,2.47797,3.7476038,3.8341889,-0.14788249,-0.028282783,-0.087766501,-0.039474395,2.3148141,2.1479982,0.63815463,0.15,1.6421988,0.5,0.035453035,14.103165,2.5076187,32.30635,0.014711234,-0.21148458,-0.0013698323,0.13012206,-5.3687229,-5.9713505
1855,2855000.0,5.4051521,1.5416144,3.8635377,-0.26551367,1.028075,1.1849869,0.81088865,-0.61728395,0.5,3.0577634,4.157732,4.1936668,0.82189138,-0.0012949393,-0.11929684,0.030500646,2.895241,2.7278296,0.64483895,0.15,1.6507846,0.5,0.035824386,13.956973,2.4726079,32.30635,0.0048390238,-0.1948051,-0.0081872205,0.18492173,-0.18363434,5.5288864
1856,2856000.0,5.3846121,1.5083506,3.8762615,-0.25138694,1.005892,1.1570106,0.79673636,-0.61728395,0.5,2.817733,4.0573117,4.045982,0.34990531,0.025871824,0.022051227,-0.031486387,2.6580471,2.4955886,0.65352637,0.15,1.6370159,0.5,0.03630702,13.771441,2.4870109,32.30635,0.0027718746,-0.17192927,-0.0035606848,0.19924333,3.8540018,4.1900319
1857,2857000.0,5.3544986,1.4703991,3.8840995,-0.24956844,0.98058277,1.1536141,0.74096671,-0.61728395,0.5,2.8193653,4.0348858,4.0262357,0.39697448,-0.025668644,-0.032806188,0.13732578,2.6708571,2.4981666,0.65525414,0.15,1.6227913,0.5,0.036403008,13.735129,2.4718216,32.30635,0.0044569801,-0.18517957,-0.017152922,0.24000762,-0.62815158,3.4861594
1858,2858000.0,5.3646218,1.5162488,3.848373,-0.27694218,1.0111591,1.1872442,0.76732449,-0.61728395,0.5,2.624716,3.9069072,3.9070146,0.060226279,0.017588169,0.088538273,0.068751425,2.470925,2.2941537,0.65907107,0.15,1.6604325,0.5,0.036615059,13.655583,2.4858427,32.30635,-0.0020005957,-0.20506311,-0.0095132535,0.14931306,-1.7364316,-3.9473992
1859,2859000.0,5.3927882,1.5222364,3.8705518,-0.27895742,1.0151521,1.163347,0.81006532,-0.61728395,0.5,2.6563189,3.9017614,3.8563641,0.21083116,-0.041625592,-0.068202725,-0.019644048,2.4939616,2.3324103,0.65623746,0.15,1.6155872,0.5,0.036457637,13.714548,2.4712424,32.30635,0.0068684949,-0.21869619,0.0063117632,0.16582256,0.35045173,-0.46512961
1860,2860000.0,5.3984764,1.51366,3.8848164,-0.2693996,1.0094327,1.1673333,0.7908583,-0.61728395,0.5,2.9113471,4.0756572,4.0472333,0.61115083,-0.030828389,-0.13683102,-0.039744475,2.7528394,2.5863286,0.65539215,0.15,1.6496066,0.5,0.036410675,13.732236,2.4718946,32.30635,-0.015813078,-0.18696412,-0.014085617,0.23860735,1.1029582,6.5587262
1861,2861000.0,5.362201,1.5017656,3.8604353,-0.28072371,1.0015006,1.1584618,0.78422512,-0.61728395,0.5,2.7152275,3.9360644,3.9406676,0.26895047,-0.022897296,-0.16001347,0.036442569,2.5580492,2.392679,0.65111995,0.15,1.6621577,0.5,0.036173331,13.822338,2.4832277,32.30635,0.0036792923,-0.18052189,-0.0074295541,0.15596077,-1.8106211,1.6281872
1862,2862000.0,5.3643941,1.4830609,3.8813332,-0.25785006,0.98902673,1.1414537,0.77804059,-0.61728395,0.5,2.5772082,3.8563764,3.8223774,0.052870964,-0.065319845,-0.15237901,-0.031134603,2.4212694,2.2593953,0.65178633,0.15,1.6603823,0.5,0.036210352,13.808206,2.4689733,32.30635,-0.01880858,-0.225885,-0.00049854357,0.1200597,-1.5987945,-4.4507632
1863,2863000.0,5.348023,1.4831372,3.8648858,-0.27263973,0.9890776,1.1285673,0.79606374,-0.61728395,0.5,2.7357795,3.9839271,3.9311107,0.29230074,0.042840437,-0.05509788,-0.034221464,2.5762284,2.4215545,0.64524327,0.15,1.6497584,0.5,0.035846848,13.948228,2.474908,32.30635,0.010086891,-0.17933434,-0.034551353,0.2103891,1.105356,5.8658417
1864,2864000.0,5.3611949,1.4802248,3.8809701,-0.26875192,0.98713538,1.1126513,0.8135323,-0.61728395,0.5,2.6321555,3.8900246,3.8419788,0.16446316,0.039705732,0.014312003,0.10558079,2.4691033,2.322362,0.64429756,0.15,1.6676266,0.5,0.035794309,13.968701,2.4750483,32.30635,0.0044411417,-0.22515829,0.001984747,0.25353443,0.26225249,-1.3600177
1865,2865000.0,5.3695134,1.4782235,3.8912899,-0.25909748,0.98580077,1.1142505,0.80812097,-0.61728395,0.5,2.9361375,4.0836854,4.0957919,0.62893533,0.039586653,-0.34114856,0.018811955,2.7741699,2.6258987,0.64592615,0.15,1.710005,0.5,0.035884786,13.933481,2.4822397,32.30635,0.0040568395,-0.17548958,-0.024468101,0.24551125,1.6363519,7.2518264
1866,2866000.0,5.3955437,1.4969748,3.8985689,-0.26383301,0.99830567,1.1388018,0.80390084,-0.61728395,0.5,2.6041738,3.8401665,3.8889959,0.083358945,0.023011054,-0.44736214,-0.027011001,2.443052,2.2870992,0.64945804,0.15,1.6882667,0.5,0.036081002,13.857708,2.4803593,32.30635,-0.0068442671,-0.18430903,0.014932188,0.13846084,4.3549612,-2.6249783
1867,2867000.0,5.3861399,1.5263647,3.8597752,-0.24710837,1.0179053,1.1500636,0.83509843,-0.61728395,0.5,2.8464284,4.0586198,4.0859821,0.39468337,-0.075810025,0.026557472,-0.070881067,2.6790538,2.5262183,0.65338456,0.15,1.6610554,0.5,0.036299142,13.77443,2.4908569,32.30635,-0.003476002,-0.21021606,-0.010507291,0.17229138,0.5792612,-1.7929574
1868,2868000.0,5.3915218,1.5362675,3.8552543,-0.28024318,1.0245093,1.1875192,0.79884875,-0.61728395,0.5,2.6590654,3.8415312,3.8861812,0.24948385,0.0059919019,0.19749377,-0.082378297,2.4989562,2.3284265,0.66352076,0.15,1.6675122,0.5,0.036862264,13.564007,2.4827135,32.30635,0.020175018,-0.19846851,-0.0046024445,0.17708323,-4.472965,3.2846198
1869,2869000.0,5.3951845,1.4995247,3.8956598,-0.26759033,1.0000061,1.170788,0.76352991,-0.61728395,0.5,2.7405449,3.9018691,3.9379359,0.38182972,0.018178405,0.23443717,0.1077533,2.5875144,2.4145645,0.66333949,0.15,1.6900404,0.5,0.036852194,13.567713,2.4887634,32.30635,-0.031490369,-0.20595457,0.014932187,0.19295395,-0.79703202,3.5014678
1870,2870000.0,5.3850047,1.5027361,3.8822685,-0.26569618,1.0021478,1.1679982,0.77252406,-0.61728395,0.5,2.5840162,3.859359,3.835598,0.057091591,-0.039444135,-0.052867888,0.018767146,2.4291831,2.2588125,0.66009569,0.15,1.6605858,0.5,0.036671983,13.634387,2.4929925,32.30635,-0.025473088,-0.19896917,-0.020101082,0.18951491,2.930208,-4.5008626
1871,2871000.0,5.4000598,1.5093513,3.8907086,-0.26569792,1.0065593,1.1534366,0.80329612,-0.61728395,0.5,2.599886,3.946512,3.8330869,0.020059126,-0.023830649,0.17312242,-0.059420209,2.4388854,2.2787367,0.65858996,0.15,1.6655244,0.5,0.036588331,13.665559,2.4682251,32.30635,-0.00079563028,-0.14154698,-0.0059734703,0.15848975,-0.50939581,-3.0412478
1872,2872000.0,5.3993284,1.5408634,3.858465,-0.26950335,1.0275742,1.197113,0.79284627,-0.61728395,0.5,2.2168164,3.5447755,3.5959353,-0.4902615,0.02095847,-0.035282207,0.0234901,2.0579102,1.8835064,0.64965171,0.15,1.6701891,0.5,0.036091762,13.853577,2.4814473,32.30635,-0.013883007,-0.16089014,0.0042059806,0.13407688,0.22375094,-5.1336424
1873,2873000.0,5.420892,1.5118904,3.9090016,-0.26224292,1.0082526,1.1473091,0.81585537,-0.61728395,0.5,2.7630539,3.9094004,3.9935675,0.38619377,0.01129554,0.017985081,0.051829416,2.5995361,2.4436107,0.6488221,0.15,1.6743179,0.5,0.036045672,13.871291,2.4747797,32.30635,-0.0091728583,-0.2279504,0.046482763,0.22600172,-2.7214768,1.0867468
1874,2874000.0,5.3992156,1.4987543,3.9004612,-0.26739276,0.99949239,1.1615419,0.77514681,-0.61728395,0.5,3.145778,4.2135751,4.3143476,0.90941119,-0.0012111882,-0.058479364,0.022144496,2.9904192,2.8223719,0.63949919,0.15,1.645284,0.5,0.035527733,14.073513,2.4967584,32.30635,-0.0113577,-0.222851,-0.063345596,0.20104704,-1.9494065,7.1874737
1875,2875000.0,5.3882688,1.5145291,3.8737397,-0.2679843,1.0100123,1.1884644,0.76288857,-0.61728395,0.5,2.9434059,4.0533582,4.1391321,0.6377275,-0.0055773156,0.0074800643,0.048027583,2.790504,2.6125039,0.63849124,0.15,1.6510655,0.5,0.035471735,14.09573,2.4900859,32.30635,0.00021723641,-0.20285125,-0.0035194949,0.16945561,-1.8642618,-1.2755674
1876,2876000.0,5.4193683,1.5323258,3.8870425,-0.27112871,1.0218806,1.1667163,0.82146557,-0.61728395,0.5,2.4637119,3.7592487,3.784941,-0.1530539,-0.015335832,-0.088124947,-0.087459298,2.2990697,2.1388652,0.64062147,0.15,1.6781406,0.5,0.035590081,14.048858,2.4850576,32.30635,0.036016045,-0.16383007,-0.029776101,0.16947882,-1.9617937,-1.5627419
1877,2877000.0,5.4168401,1.4888841,3.927956,-0.24661991,0.99291012,1.1311487,0.80163736,-0.61728395,0.5,2.9158161,4.1114231,4.0619617,0.57406351,-0.033752415,0.087379865,0.047753625,2.7551479,2.6008724,0.64422373,0.15,1.6945294,0.5,0.035790207,13.970302,2.4860828,32.30635,-0.025430639,-0.25370747,-0.018346293,0.21553822,0.73737314,6.2624633
1878,2878000.0,5.4365699,1.5614605,3.8751094,-0.25046669,1.04131,1.1787051,0.85124634,-0.61728395,0.5,2.8109932,4.0480775,4.0123667,0.37253538,-0.0085054226,0.20510136,0.095643829,2.6403822,2.4828084,0.65704441,0.15,1.682893,0.5,0.036502467,13.697704,2.4794167,32.30635,0.010425494,-0.2360899,-0.032109074,0.2126228,1.4656317,-0.25643791
1879,2879000.0,5.4226229,1.5393716,3.8832512,-0.25357294,1.0265793,1.1761856,0.81954067,-0.61728395,0.5,2.7682269,4.0402061,4.056354,0.2081208,-0.0070808817,0.084231263,0.047646489,2.6039705,2.4407437,0.66060679,0.15,1.6566551,0.5,0.036700377,13.623838,2.4637494,32.30635,-0.023328696,-0.15614587,-0.01423997,0.20345088,-0.34871334,0.78335275
1880,2880000.0,5.4012651,1.5307136,3.8705516,-0.26558656,1.0208054,1.1885924,0.78850579,-0.61728395,0.5,2.7968371,4.0009459,4.0436448,0.34592057,-0.028774234,0.003948206,0.031885809,2.6388008,2.4658994,0.66474733,0.15,1.6877873,0.5,0.036930407,13.538979,2.4770551,32.30635,0.00092032624,-0.16784352,0.0066069278,0.19432283,-0.37189206,0.35078366
1881,2881000.0,5.4174446,1.5115215,3.9059231,-0.26228665,1.0080066,1.1712825,0.78196376,-0.61728395,0.5,2.9583419,4.0983224,4.1412471,0.63545607,-0.034380047,-0.20488322,0.0060641172,2.8016168,2.6322237,0.65828195,0.15,1.7146556,0.5,0.036571219,13.671953,2.4642412,32.30635,0.015802986,-0.18506624,-0.0027323918,0.21520283,0.28345396,4.847596
1882,2882000.0,5.4159719,1.5272549,3.888717,-0.26702941,1.0184989,1.1732739,0.80427373,-0.61728395,0.5,2.5827682,3.7776131,3.8657249,0.10496643,0.0049666005,-0.30346222,-0.11449987,2.4215716,2.2560956,0.65125049,0.15,1.7790829,0.5,0.036180583,13.819567,2.5070857,32.30635,0.0094539504,-0.11494119,0.018398258,0.18772698,2.5495293,-5.9993145
1883,2883000.0,5.3950503,1.5425322,3.8525181,-0.25497076,1.0286871,1.2004094,0.79092659,-0.61728395,0.5,2.9157973,4.0825983,4.1066074,0.55818627,-0.010298037,0.053030559,-0.086326722,2.7572759,2.5815694,0.63940902,0.15,1.7076382,0.5,0.035522723,14.075497,2.4756016,32.30635,0.018982053,-0.16742306,-0.023681309,0.18517827,-0.88788856,8.0198335
1884,2884000.0,5.4156119,1.4942693,3.9213427,-0.26271594,0.99650139,1.1389174,0.79942805,-0.61728395,0.5,2.9155799,4.0867341,4.0967359,0.56326962,-0.021366162,0.081120192,-0.13744362,2.7553545,2.5984731,0.64034704,0.15,1.6628618,0.5,0.035574836,14.054879,2.4652469,32.30635,0.014015625,-0.22547731,0.0085498366,0.1773036,-3.8414194,1.1897549
1885,2885000.0,5.4010081,1.5174464,3.8835617,-0.26667829,1.0119578,1.1818582,0.77671546,-0.61728395,0.5,2.758637,3.9704055,4.0289846,0.27652092,0.064090145,0.2325445,0.045708378,2.6029638,2.4295743,0.63963203,0.15,1.6516343,0.5,0.035535113,14.07059,2.4904762,32.30635,-0.01312301,-0.21351728,-0.011273818,0.15999062,-1.1785234,-0.68613938
1886,2886000.0,5.3626978,1.5185866,3.8441112,-0.2792801,1.0127182,1.1821601,0.77811322,-0.61728395,0.5,2.554412,3.7943668,3.9057364,-0.036867085,-0.0033925599,-0.17212749,-0.05623597,2.3984587,2.2252653,0.64732151,0.15,1.6890884,0.5,0.035962306,13.903447,2.4674003,32.30635,0.0011253443,-0.18861594,-0.02623545,0.15805777,-0.99845598,-0.19491285
1887,2887000.0,5.3892293,1.5026544,3.8865749,-0.26734584,1.0020933,1.1803284,0.7552648,-0.61728395,0.5,2.6247013,3.9126957,3.8589472,0.10246109,-0.0147215,-0.25006284,0.013742484,2.4733274,2.2960646,0.65224644,0.15,1.7425151,0.5,0.036235913,13.798465,2.4898747,32.30635,-0.0021678293,-0.202644,-0.055972093,0.22333404,0.27729807,3.0981126
1888,2888000.0,5.4211648,1.4988804,3.9222844,-0.2469191,0.99957648,1.1390394,0.80660799,-0.61728395,0.5,2.7209313,4.0048364,3.9487136,0.20924381,0.0010638322,-0.42008088,0.091824493,2.5592669,2.4037906,0.65996243,0.15,1.7559774,0.5,0.036664579,13.63714,2.4926427,32.30635,-0.0071820315,-0.17197482,-0.0092637164,0.21921198,6.6948724,-2.4422777
1889,2889000.0,5.4287605,1.5177433,3.9110172,-0.24946798,1.0121558,1.1907165,0.76488272,-0.61728395,0.5,2.834243,3.9861247,4.0211663,0.49543791,-0.035692285,-0.15487964,-0.0026811241,2.6809414,2.5027139,0.66262137,0.15,1.7701802,0.5,0.036812298,13.582417,2.4907198,32.30635,0.010629358,-0.25234998,-0.0053255001,0.17842792,3.6591735,-0.48245178
1890,2890000.0,5.402062,1.5345708,3.8674913,-0.28005912,1.0233777,1.1945111,0.7864313,-0.61728395,0.5,2.8666279,4.0959368,4.0810953,0.42285162,0.026110104,-0.24656453,-0.025270432,2.7090074,2.5340423,0.6640034,0.15,1.7425802,0.5,0.036889078,13.554147,2.4797161,32.30635,0.018678454,-0.16385894,-0.017267269,0.18200385,0.7135137,4.4824632
1891,2891000.0,5.4225862,1.5484169,3.8741694,-0.25114054,1.0326115,1.1879388,0.81762971,-0.61728395,0.5,2.5671555,3.8114854,3.8064883,0.083492637,-0.089528087,-0.20465716,0.017555279,2.403282,2.2363997,0.65817976,0.15,1.7706095,0.5,0.036565542,13.674076,2.5043339,32.30635,0.0052669329,-0.24500532,-0.0017870279,0.21462488,-0.79970857,-1.5182925
1892,2892000.0,5.4077119,1.5185743,3.8891377,-0.23600097,1.0127099,1.1792582,0.78212492,-0.61728395,0.5,2.9476982,4.1768511,4.1729709,0.49327267,0.049006661,-0.031373269,0.074295791,2.7909408,2.6193595,0.64900344,0.15,1.7319658,0.5,0.036055746,13.867415,2.4853263,32.30635,0.03219845,-0.18064473,-0.0049652573,0.24336535,-2.2567471,5.4707385
1893,2893000.0,5.3960712,1.5082547,3.8878166,-0.27113591,1.005828,1.1772798,0.76842564,-0.61728395,0.5,2.8490549,4.0461843,4.0259099,0.47507038,0.032476976,-0.21626317,0.1126715,2.6950432,2.5212669,0.63658877,0.15,1.7045171,0.5,0.035366043,14.137855,2.462785,32.30635,0.0066226941,-0.23405452,0.024786509,0.16361456,2.1998999,2.984165
1894,2894000.0,5.4333911,1.5148321,3.918559,-0.24156317,1.0102144,1.1650831,0.7958525,-0.61728395,0.5,2.6478357,3.9689392,3.8973336,0.077234396,-0.028586189,-0.15966652,-0.050856068,2.488327,2.3234437,0.63317037,0.15,1.6886951,0.5,0.035176132,14.214184,2.4848154,32.30635,0.0083839719,-0.18631743,0.011307294,0.21121228,0.26711905,-1.9343277
1895,2895000.0,5.4168769,1.5303484,3.8865284,-0.24260985,1.0205619,1.184182,0.79405077,-0.61728395,0.5,2.8212853,4.0344145,4.0288557,0.40058551,0.02717657,-0.28197902,0.041129581,2.6621376,2.4915756,0.63286766,0.15,1.6237953,0.5,0.035159314,14.220983,2.4668413,32.30635,-0.008290491,-0.26519172,0.014732494,0.17183193,0.11523236,6.6629166
1896,2896000.0,5.4061004,1.5245894,3.881511,-0.25526984,1.0167214,1.1866066,0.78150371,-0.61728395,0.5,2.8836689,4.0724123,4.0485497,0.53004473,-0.017923356,-0.080780294,-0.0370101,2.727036,2.5532841,0.63987385,0.15,1.6499542,0.5,0.035548547,14.065272,2.4894356,32.30635,0.012919709,-0.18533986,-0.025656654,0.14784726,-0.12284883,0.90159495
1897,2897000.0,5.4313622,1.4949012,3.9364609,-0.24334697,0.99692282,1.1361607,0.80426485,-0.61728395,0.5,2.8925654,4.0086998,4.1042401,0.56475626,-0.018926168,-0.17616619,-0.054037068,2.7313706,2.5762262,0.64664879,0.15,1.5998564,0.5,0.035924933,13.917911,2.467913,32.30635,0.017334517,-0.18333449,-0.015511336,0.11408331,-1.001737,0.81794359
1898,2898000.0,5.4125371,1.5152852,3.8972519,-0.26870551,1.0105165,1.1513233,0.81568953,-0.61728395,0.5,2.7425335,3.9385034,3.9582252,0.33087204,0.027907397,0.26393472,-0.026737849,2.579049,2.4219726,0.6626053,0.15,1.6116585,0.5,0.036811405,13.582747,2.5008501,32.30635,-0.00050201144,-0.16453205,-0.0018118761,0.16694316,-3.9792385,-1.4286878
1899,2899000.0,5.4229442,1.519758,3.9031862,-0.24755049,1.0134994,1.1737272,0.79169521,-0.61728395,0.5,2.8603975,4.0070366,4.0880382,0.48611774,0.012679097,0.031209739,-0.048920424,2.701722,2.5335987,0.6630303,0.15,1.6339566,0.5,0.036835017,13.57404,2.4730716,32.30635,-0.021197456,-0.20180929,0.0037956018,0.18807331,0.042349279,0.5973362
1900,2900000.0,5.414417,1.5165739,3.8978431,-0.24710761,1.011376,1.165118,0.79858021,-0.61728395,0.5,2.8905727,4.0560936,4.0928964,0.52272824,0.034594417,-0.10047676,0.090386984,2.7305173,2.566171,0.66605462,0.15,1.6757845,0.5,0.037003034,13.512405,2.4831216,32.30635,-0.0025555014,-0.16734548,-0.014387288,0.19428374,3.7836577,0.51909338
1901,2901000.0,5.4472301,1.5282481,3.918982,-0.24098357,1.0191612,1.1593932,0.82513957,-0.61728395,0.5,2.9063976,4.0037826,4.1054362,0.60997392,0.0084505895,0.24809213,-0.067266434,2.741019,2.5835898,0.6662482,0.15,1.6679545,0.5,0.037013789,13.508479,2.4797748,32.30635,0.012062356,-0.16653065,-0.0080238175,0.25220548,1.2029205,0.54047372
1902,2902000.0,5.4032563,1.5383727,3.8648836,-0.28091139,1.0259131,1.1764374,0.81759865,-0.61728395,0.5,2.5988778,3.8659019,3.8769814,0.053750172,0.042793273,-0.30523582,0.19878407,2.4350106,2.2713244,0.65457532,0.15,1.659332,0.5,0.036365296,13.749373,2.4921108,32.30635,0.017991354,-0.15823634,-0.021937704,0.18779071,0.079016803,-4.7726733
1903,2903000.0,5.4257934,1.5193441,3.9064493,-0.2706568,1.0132233,1.1760435,0.78781769,-0.61728395,0.5,2.7338933,3.9001481,3.8989301,0.40260181,-0.021124916,0.062026629,-0.039673474,2.575995,2.4064496,0.65005032,0.15,1.6998139,0.5,0.036113907,13.845082,2.4971477,32.30635,-0.041594402,-0.21521101,0.020667802,0.17824437,-2.1158045,2.4504375
1904,2904000.0,5.4352612,1.5227377,3.9125235,-0.27697611,1.0154865,1.1793062,0.78869406,-0.61728395,0.5,2.5034865,3.7169457,3.7898033,0.0037105172,-0.0069959026,-0.018078684,0.028486265,2.3454125,2.1751344,0.64324854,0.15,1.7157067,0.5,0.03573603,13.991481,2.4976467,32.30635,0.016300868,-0.18714824,-0.012658405,0.18534293,-0.61073501,-5.1008585
1905,2905000.0,5.4155236,1.503403,3.9121206,-0.2512056,1.0025925,1.1507135,0.79759857,-0.61728395,0.5,2.8139531,4.0270816,4.0177476,0.39703008,-0.022078122,-0.15659804,-0.011106822,2.6540944,2.4935619,0.63615412,0.15,1.7046173,0.5,0.035341895,14.147515,2.4695222,32.30635,-0.016851069,-0.18277695,0.0019690864,0.1523726,3.430517,2.5559721
1906,2906000.0,5.4086293,1.5034604,3.9051689,-0.26159645,1.0026308,1.1400757,0.81246803,-0.61728395,0.5,2.8266852,4.0113714,4.0107232,0.45796093,0.01283149,-0.27799806,-0.11290209,2.6638463,2.5092559,0.63887,0.15,1.7088794,0.5,0.035492778,14.087373,2.4906581,32.30635,0.023137286,-0.15580764,-0.0034826821,0.15268836,3.3162917,4.4263125
1907,2907000.0,5.4246277,1.5262547,3.898373,-0.26455456,1.0178319,1.1731405,0.80286482,-0.61728395,0.5,2.5150642,3.7897799,3.7291969,0.026215771,0.01183122,0.084270172,0.068830699,2.35415,2.1884287,0.64745655,0.15,1.7099029,0.5,0.035969808,13.900547,2.4781806,32.30635,0.017848832,-0.17553507,-0.012600752,0.16413643,0.09774905,0.81526941
1908,2908000.0,5.4251281,1.5490448,3.8760833,-0.25975273,1.0330302,1.1906285,0.81489404,-0.61728395,0.5,2.7201257,3.9523583,3.9620236,0.24599524,-0.081936157,-0.047801282,0.10326436,2.5568006,2.3886211,0.65354908,0.15,1.7041164,0.5,0.036308282,13.770963,2.4925501,32.30635,-0.0071547309,-0.15787507,-0.03925784,0.19009878,0.84246173,0.023177916
1909,2909000.0,5.4255281,1.540646,3.8848821,-0.25129248,1.0274292,1.2039619,0.78298516,-0.61728395,0.5,2.74984,3.8758641,4.0027746,0.37088134,-0.044902215,-0.20041575,-0.14927106,2.5929102,2.414623,0.65894136,0.15,1.7385742,0.5,0.036607853,13.658272,2.4737874,32.30635,0.0021211134,-0.23778784,-0.00071030195,0.17018187,1.1492072,4.2296732
1910,2910000.0,5.4361512,1.5292378,3.9069134,-0.25759169,1.0198213,1.2024945,0.76684111,-0.61728395,0.5,2.797761,3.9911493,3.9949256,0.40720813,-0.019658887,-0.26663772,0.027411168,2.6440669,2.4629526,0.66053301,0.15,1.6853734,0.5,0.036696278,13.62536,2.4834269,32.30635,0.012543071,-0.20207846,0.016061774,0.16860849,-0.81449705,0.51800753
1911,2911000.0,5.4171109,1.5195697,3.8975412,-0.26672703,1.0133738,1.1855596,0.77495752,-0.61728395,0.5,2.7056954,3.9043287,3.9934309,0.2193265,0.039283863,0.015793585,0.031504473,2.5503745,2.3756021,0.66423301,0.15,1.6896456,0.5,0.036901834,13.549462,2.4980715,32.30635,-0.014931613,-0.18378931,0.025829833,0.19433618,-1.7107836,-3.331747
1912,2912000.0,5.4358428,1.5195743,3.9162685,-0.25999959,1.0133768,1.158586,0.81243635,-0.61728395,0.5,3.0233474,4.1704182,4.1983114,0.70131254,0.0022774284,0.03121518,-0.046439225,2.8605148,2.7007643,0.65672225,0.15,1.6961012,0.5,0.036484569,13.704424,2.4933244,32.30635,-0.023526211,-0.19745132,-0.010945881,0.19537606,-0.6554773,5.5499196
1913,2913000.0,5.4035629,1.5210985,3.8824644,-0.26383853,1.0143933,1.1765077,0.78996903,-0.61728395,0.5,2.3830989,3.60548,3.692191,-0.14837441,0.0070541798,0.10596088,0.05760412,2.2247693,2.0555259,0.64075366,0.15,1.6831488,0.5,0.035597425,14.04596,2.4909648,32.30635,-0.016879932,-0.21692902,0.01287714,0.23631042,0.58767109,-2.9107257
1914,2914000.0,5.422179,1.5115841,3.9105949,-0.2607474,1.0080483,1.1614098,0.79577861,-0.61728395,0.5,2.6274771,3.7976309,3.977582,0.10721843,0.0036383173,-0.064327831,-0.072829678,2.4679832,2.3041078,0.6285284,0.15,1.7363873,0.5,0.034918244,14.319162,2.5250988,32.30635,-0.024279603,-0.17049349,0.006150459,0.12612305,-1.177533,0.59392692
1915,2915000.0,5.4230903,1.5130419,3.9100484,-0.25820981,1.0090205,1.1637864,0.79480051,-0.61728395,0.5,2.9321355,4.0437528,4.1204593,0.63219446,0.0561256,0.075274485,-0.048311818,2.7728376,2.6081045,0.62170645,0.15,1.7507266,0.5,0.034539247,14.476285,2.4687121,32.30635,0.001278039,-0.1921676,0.0011079094,0.18513942,-0.95688219,0.97889761
1916,2916000.0,5.4355413,1.5214619,3.9140794,-0.26112046,1.0146356,1.1857163,0.7777557,-0.61728395,0.5,2.8782556,4.1096022,4.0326302,0.49253447,-0.064101429,0.24628995,0.0074586375,2.7223739,2.5481187,0.62628468,0.15,1.703425,0.5,0.034793593,14.370462,2.4880986,32.30635,-0.0056915454,-0.18457744,-0.0025054849,0.18078339,-2.5174104,-2.5025191
1917,2917000.0,5.4640014,1.5414149,3.9225865,-0.22891897,1.0279419,1.1911698,0.80198131,-0.61728395,0.5,2.6382833,3.9213394,3.9019358,0.091574671,-0.036557539,-0.1446531,-0.06089543,2.4775462,2.306628,0.6366061,0.15,1.7015669,0.5,0.035367005,14.137471,2.5137518,32.30635,-0.05303012,-0.21194152,0.0085803566,0.18422715,2.7889331,-6.6288372
1918,2918000.0,5.4604632,1.5696624,3.8908007,-0.25689376,1.0467797,1.2294058,0.79388586,-0.61728395,0.5,2.8435454,4.0898677,4.0048799,0.43588857,-0.010641952,0.14654766,0.11978257,2.6844308,2.5012441,0.64948819,0.15,1.6753354,0.5,0.036082677,13.857065,2.4807937,32.30635,0.010976328,-0.14940562,-0.0016905821,0.18581473,-3.0644545,2.1323172
1919,2919000.0,5.4765877,1.537452,3.9391357,-0.22939434,1.0252991,1.2067308,0.77404792,-0.61728395,0.5,2.7207894,3.9642883,3.9557908,0.24228912,-0.033827168,0.14401436,-0.035447792,2.5656509,2.3848015,0.65692902,0.15,1.6820178,0.5,0.036496057,13.70011,2.4815602,32.30635,-0.0086015795,-0.21788345,-0.024110855,0.16881604,-2.1389788,-2.023163
1920,2920000.0,5.4679265,1.5512266,3.9166999,-0.25500401,1.0344852,1.20954,0.79209977,-0.61728395,0.5,2.8439919,4.0436039,4.0717918,0.41658009,-0.0089178347,0.010398594,-0.086468259,2.6852353,2.5072218,0.66116815,0.15,1.7070162,0.5,0.036731564,13.612271,2.4790822,32.30635,0.0044591223,-0.23667666,-9.960594e-06,0.13869818,0.85902949,6.3482775
1921,2921000.0,5.4761612,1.5558724,3.9202888,-0.25502914,1.0375834,1.2261746,0.77639572,-0.61728395,0.5,2.9739201,4.0831977,4.1834593,0.65510326,-0.044151728,-0.12205728,0.061350827,2.818311,2.6325185,0.6541094,0.15,1.7222974,0.5,0.036339411,13.759166,2.4963565,32.30635,0.0035346124,-0.20759373,0.010490442,0.20490864,2.9033201,4.4252216
1922,2922000.0,5.4744195,1.5402879,3.9341316,-0.25320874,1.0271904,1.1803542,0.81521012,-0.61728395,0.5,2.7113595,3.8540624,3.9489774,0.33103859,-0.020775199,0.080481363,-0.0055079463,2.547971,2.3827155,0.64535656,0.15,1.7164395,0.5,0.035853142,13.945779,2.5068124,32.30635,0.0013147582,-0.19238546,-0.016399821,0.26239347,-1.6999727,-2.6762289
1923,2923000.0,5.4563692,1.5498672,3.906502,-0.26440948,1.0335786,1.2269234,0.7657843,-0.61728395,0.5,2.8696817,4.0313691,4.0957698,0.48190622,0.014830334,-0.251792,-0.0096876797,2.7161994,2.5280716,0.63743404,0.15,1.7166397,0.5,0.035413002,14.119108,2.4881431,32.30635,0.0054503953,-0.18230571,-0.026220181,0.20834236,3.9178382,-2.325544
1924,2924000.0,5.4743302,1.5596535,3.9146767,-0.23836702,1.040105,1.1986912,0.82060182,-0.61728395,0.5,2.867246,4.0720393,4.0238033,0.50589545,-0.044361423,-0.074836848,0.0050214648,2.7027769,2.5334966,0.62676934,0.15,1.6728512,0.5,0.034820519,14.35935,2.4720125,32.30635,-0.016966559,-0.22544677,-0.010498335,0.17777168,-0.27250491,3.7270945
1925,2925000.0,5.4644841,1.5748955,3.8895887,-0.27010861,1.0502695,1.2198354,0.81552155,-0.61728395,0.5,2.8231803,4.1243339,3.9651591,0.38004788,-0.0060107839,-0.081263232,0.14835761,2.6597294,2.4835437,0.62517007,0.15,1.6723098,0.5,0.034731671,14.396083,2.471592,32.30635,-0.0052932099,-0.20894423,0.0012327813,0.18576768,1.4305206,4.7431093
1926,2926000.0,5.4864791,1.5553045,3.9311746,-0.27172625,1.0372047,1.1894165,0.82655456,-0.61728395,0.5,2.7328059,3.887319,3.9882399,0.32285882,-0.020362973,-0.15715438,-0.061839084,2.5671437,2.4016388,0.63057198,0.15,1.644319,0.5,0.035031777,14.272756,2.4864538,32.30635,-0.018527045,-0.22958687,0.030560292,0.17925472,4.87005,2.5331242
1927,2927000.0,5.4898426,1.5616724,3.9281703,-0.2523268,1.0414513,1.1961981,0.82728295,-0.61728395,0.5,2.7242002,4.0006695,3.9472227,0.22470832,0.0058085394,0.20149102,0.047971516,2.558392,2.3911449,0.63807814,0.15,1.6547302,0.5,0.035448786,14.104856,2.4746174,32.30635,-0.0052737122,-0.17039983,0.0091012754,0.14349146,-3.3488081,2.3616368
1928,2928000.0,5.4865701,1.544347,3.942223,-0.25070423,1.0298973,1.2138695,0.77512049,-0.61728395,0.5,2.9741204,4.0809219,4.1175599,0.72387939,0.032219975,-0.10879613,0.0080601,2.8187669,2.6361449,0.64734782,0.15,1.5925913,0.5,0.035963768,13.902882,2.466725,32.30635,0.01997412,-0.16336772,0.028947199,0.21241988,-0.4256073,9.3065269
1929,2929000.0,5.4992048,1.5621646,3.9370403,-0.26339863,1.0417795,1.2010875,0.82127508,-0.61728395,0.5,2.7227442,3.9411018,3.9627657,0.26436497,0.010445752,-0.23725574,0.05437521,2.5581401,2.3883275,0.66190903,0.15,1.5916086,0.5,0.036772724,13.597035,2.4852771,32.30635,-0.017602436,-0.16030226,-0.014550566,0.15145249,6.4164798,-0.78471471
1930,2930000.0,5.4552329,1.5582447,3.8969882,-0.2753593,1.0391654,1.2005457,0.81578017,-0.61728395,0.5,2.6699153,3.9289245,3.8971071,0.18371416,0.0062330742,-0.11187377,-0.060995212,2.5064125,2.3356494,0.66635702,0.15,1.6061303,0.5,0.037019835,13.506273,2.5008948,32.30635,-0.012001608,-0.13484327,0.014316416,0.22092209,2.8958191,-1.2372174
1931,2931000.0,5.439303,1.5405179,3.8987852,-0.26676706,1.0273437,1.1948922,0.79538055,-0.61728395,0.5,2.3154888,3.6460928,3.7046299,-0.40425623,-0.0018376572,-0.24401537,-0.0017567363,2.1560747,1.9827971,0.66065941,0.15,1.6168467,0.5,0.036703301,13.622753,2.4829111,32.30635,-0.0061290012,-0.18654658,0.002498893,0.17536888,0.81010055,0.113509
1932,2932000.0,5.4627853,1.5606542,3.9021311,-0.24964678,1.0407723,1.1972562,0.82419027,-0.61728395,0.5,2.7985458,3.9438791,4.0537966,0.3979618,0.014356844,0.21683096,-0.031783274,2.6333575,2.4651959,0.65447471,0.15,1.6810727,0.5,0.036359706,13.751486,2.4825782,32.30635,0.049049551,-0.23617787,-0.0041198754,0.20070795,-6.1779097,-5.0777074
1933,2933000.0,5.4615416,1.5478658,3.9136758,-0.27149711,1.032244,1.193078,0.80961215,-0.61728395,0.5,2.5059385,3.7713615,3.7918059,-0.045351851,-0.024634958,-0.27059545,-0.009433427,2.343672,2.1737519,0.64478917,0.15,1.6907091,0.5,0.035821621,13.958051,2.4844428,32.30635,0.013004018,-0.139745,0.0050447138,0.2439124,5.2636913,-3.9667563
1934,2934000.0,5.4491924,1.5278278,3.9213646,-0.25897795,1.018881,1.1903098,0.78152063,-0.61728395,0.5,2.7954815,3.9870073,3.9856094,0.41382795,-0.0084668328,-0.040731087,0.088730388,2.6388453,2.4640657,0.63847866,0.15,1.6706115,0.5,0.035471036,14.096008,2.4621162,32.30635,0.0087216441,-0.22909324,0.026009557,0.18400099,1.4107044,3.5222114
1935,2935000.0,5.4766798,1.536421,3.9402588,-0.26271739,1.0246116,1.1879254,0.79852899,-0.61728395,0.5,2.5983342,3.8406313,3.8810666,0.073304677,0.036750316,-0.14647838,-0.14778247,2.438289,2.2675822,0.63679759,0.15,1.611621,0.5,0.035377644,14.133219,2.4875441,32.30635,0.010317697,-0.19218494,-0.019680118,0.16136709,-0.9886071,-1.9127446
1936,2936000.0,5.4996982,1.5611211,3.9385771,-0.24834966,1.0410837,1.195645,0.82717266,-0.61728395,0.5,2.7607403,3.9970025,3.9478163,0.33740219,0.0083511845,-0.26714979,0.0064911496,2.5949542,2.427839,0.63557413,0.15,1.639262,0.5,0.035309674,14.160425,2.4851618,32.30635,-0.012292173,-0.19201337,-0.0035936538,0.14678981,3.1055709,-0.89262223
1937,2937000.0,5.4425125,1.561063,3.8814494,-0.2567381,1.041045,1.2032753,0.81648018,-0.61728395,0.5,2.8181147,4.0478299,4.0090706,0.39744355,0.01964286,0.27671874,-0.045420927,2.6544716,2.4830888,0.63629764,0.15,1.6461314,0.5,0.035349869,14.144324,2.4743901,32.30635,0.01049336,-0.18143081,-0.0093969281,0.14522317,-3.6018445,6.2993543
1938,2938000.0,5.4379517,1.4909918,3.9469599,-0.25443982,0.99431567,1.1315408,0.80445177,-0.61728395,0.5,2.7929186,4.0024835,4.0149882,0.36128401,-0.030730097,0.017958742,-0.012749344,2.6316863,2.4778657,0.63875016,0.15,1.7334573,0.5,0.03548612,14.090016,2.4970492,32.30635,0.0061256529,-0.13465665,0.014999366,0.23297464,-1.7670474,-1.8532755
1939,2939000.0,5.4407975,1.54284,3.8979575,-0.25641222,1.0288923,1.1633691,0.84287314,-0.61728395,0.5,3.0413564,4.1987197,4.2499864,0.67536314,0.013911236,0.17675744,0.012830099,2.8724236,2.7174416,0.6426739,0.15,1.7132828,0.5,0.035704106,14.003992,2.4831977,32.30635,0.052099815,-0.22950855,-2.9633875e-05,0.14968786,-6.0663455,4.3067556
1940,2940000.0,5.4225437,1.4980627,3.924481,-0.23424797,0.99903116,1.1449853,0.79704465,-0.61728395,0.5,2.7262275,3.9526652,3.9940563,0.23196114,-0.0027136051,-0.021546801,0.026029349,2.5664799,2.4074313,0.65072311,0.15,1.7652367,0.5,0.036151284,13.830767,2.4890052,32.30635,-0.013109108,-0.22930653,-0.0001659332,0.19528947,1.1936351,1.5612574
1941,2941000.0,5.4088984,1.5324773,3.8764212,-0.28862142,1.0219816,1.1850789,0.79619778,-0.61728395,0.5,2.8948937,4.0713188,4.0791841,0.53417834,-0.054254249,-0.12880741,-0.024362122,2.7353158,2.5649343,0.65162508,0.15,1.7677609,0.5,0.036201394,13.811623,2.4806765,32.30635,-0.014497911,-0.1770054,0.027838642,0.14726689,4.2734275,3.5714514
1942,2942000.0,5.4088083,1.5388072,3.8700011,-0.27274311,1.0262029,1.1858683,0.80518994,-0.61728395,0.5,2.8941584,4.0767673,4.1469413,0.45876655,0.063171544,0.068821422,0.022084131,2.7327782,2.5639792,0.65693701,0.15,1.730696,0.5,0.0364965,13.699944,2.4744592,32.30635,0.0055788448,-0.10539757,0.0027063636,0.20595804,-1.4592766,0.67421943
1943,2943000.0,5.4119934,1.5452525,3.8667409,-0.26808519,1.0305012,1.183689,0.81849009,-0.61728395,0.5,2.9111038,4.1170911,4.1368275,0.47939269,-0.064714941,-0.027974387,0.036337131,2.7470579,2.5815313,0.65242842,0.15,1.7487661,0.5,0.036246023,13.794617,2.4668456,32.30635,-0.0062090478,-0.13714997,0.012866217,0.23158201,-1.0721074,4.3524232
1944,2944000.0,5.431243,1.5297056,3.9015374,-0.26327123,1.0201332,1.1757333,0.80476304,-0.61728395,0.5,2.415647,3.7221762,3.718523,-0.19375801,0.028912566,0.1566518,0.058709173,2.2543524,2.0882897,0.65357944,0.15,1.7317113,0.5,0.036309969,13.770323,2.4784624,32.30635,0.025951265,-0.12766801,-0.014663929,0.16996584,-1.542398,1.5448309
1945,2945000.0,5.4595595,1.524198,3.9353616,-0.23768316,1.0164603,1.1534239,0.8269769,-0.61728395,0.5,2.3733973,3.7705208,3.6531645,-0.3034933,-0.0031200803,0.13340464,-0.015516646,2.2076505,2.0522516,0.64316966,0.15,1.7021756,0.5,0.035731648,13.993197,2.4768392,32.30635,-0.0072242782,-0.14977284,-0.0091266417,0.14040914,1.4152444,-4.6985336
1946,2946000.0,5.3775389,1.4957242,3.8818147,-0.26142828,0.99747167,1.1617077,0.77008699,-0.61728395,0.5,2.9601597,4.1777689,4.1143066,0.58840369,-0.0062288787,0.1052489,0.044077666,2.8058151,2.6367075,0.64100611,0.15,1.6558852,0.5,0.035611451,14.040428,2.4790936,32.30635,0.018295192,-0.1931557,-0.022376848,0.20616913,-2.6988878,0.33511005
1947,2947000.0,5.3827149,1.5069869,3.8757279,-0.25805439,1.0049826,1.1511007,0.80277292,-0.61728395,0.5,2.7581563,3.9495947,4.0251941,0.29968001,-0.029650529,0.022656127,0.069788107,2.5972605,2.4376573,0.63997574,0.15,1.6758318,0.5,0.035554208,14.063033,2.4691069,32.30635,0.0040758303,-0.20740854,0.0047439267,0.18643265,-2.6290201,-0.81269598
1948,2948000.0,5.4250903,1.5421853,3.882905,-0.27179839,1.0284557,1.1989439,0.79240958,-0.61728395,0.5,2.5684583,3.8747019,3.8151381,0.015534736,-0.043420472,0.002320706,0.00728699,2.4096396,2.2346384,0.64258174,0.15,1.6531537,0.5,0.035698986,14.006,2.488275,32.30635,-0.02110819,-0.20920078,0.014503914,0.21086322,3.3766849,-0.07321735
1949,2949000.0,5.3945832,1.5046053,3.8899779,-0.25256451,1.0033943,1.1539593,0.79500586,-0.61728395,0.5,3.1087026,4.3077536,4.2033163,0.81503795,-0.012076954,-0.02531921,0.095811379,2.9493636,2.7874078,0.64883085,0.15,1.6445784,0.5,0.036046159,13.871104,2.4864004,32.30635,0.0096506173,-0.18243128,-0.0055447518,0.2023933,0.56729169,5.6828438
1950,2950000.0,5.3992721,1.5358543,3.8634177,-0.26616251,1.0242337,1.1622021,0.83336044,-0.61728395,0.5,2.7005389,3.970824,3.9208578,0.20993496,0.018406107,0.000399175,0.205307,2.5335127,2.3769491,0.65126068,0.15,1.6407784,0.5,0.036181149,13.819351,2.4847606,32.30635,-0.0068107869,-0.21154664,0.012020613,0.20999461,-1.4775035,1.0607137
1951,2951000.0,5.4393559,1.5326277,3.9067282,-0.26329381,1.022082,1.1682937,0.81975545,-0.61728395,0.5,2.4317167,3.7133902,3.7572819,-0.17552189,0.021643046,0.15058049,0.19750641,2.2674173,2.1064308,0.65440932,0.15,1.6845667,0.5,0.036356073,13.75286,2.4782397,32.30635,0.0019480532,-0.18888611,-0.034097679,0.15026353,2.1393606,-0.58880445
1952,2952000.0,5.4098105,1.5270699,3.8827407,-0.26148895,1.0183755,1.1773565,0.7983072,-0.61728395,0.5,2.459285,3.7203602,3.796024,-0.13852937,0.009269017,-0.12464772,0.032789867,2.2992842,2.1314757,0.65373286,0.15,1.6714317,0.5,0.036318492,13.767091,2.48014,32.30635,-0.0042304834,-0.2241858,-0.014910216,0.22281199,2.2922314,-6.1310793
1953,2953000.0,5.4081083,1.5001876,3.9079208,-0.2365983,1.0004482,1.1579616,0.78240475,-0.61728395,0.5,2.9474722,4.1580621,4.0350838,0.64927063,0.013603862,0.25769892,0.0043050773,2.7906587,2.625063,0.65622021,0.15,1.717493,0.5,0.036456678,13.714908,2.4870142,32.30635,-0.019896468,-0.26486313,-0.042363157,0.19988137,-1.9756505,-1.8540962
1954,2954000.0,5.3985818,1.4956678,3.902914,-0.2571773,0.99743401,1.1598841,0.77253036,-0.61728395,0.5,2.7461803,3.9285361,4.0030316,0.30697337,-0.006136006,-0.29022913,-0.011854844,2.591346,2.4232359,0.65510365,0.15,1.7157574,0.5,0.036394647,13.738284,2.4913464,32.30635,0.0013484803,-0.19858804,0.010850854,0.18208634,0.93171004,2.4623896
1955,2955000.0,5.4611099,1.5706402,3.8904697,-0.26963004,1.0474318,1.2143228,0.81639749,-0.61728395,0.5,2.8477117,4.0481194,3.9844572,0.51055844,-0.004025649,-0.231594,0.02017891,2.6840852,2.5096099,0.64989451,0.15,1.734187,0.5,0.036105251,13.848401,2.4633591,32.30635,-0.0082267676,-0.15236522,-0.03159186,0.18442614,2.2191631,5.104908
1956,2956000.0,5.4803434,1.5533956,3.9269478,-0.23538638,1.0359317,1.2020013,0.80602938,-0.61728395,0.5,2.6270098,3.9078915,3.8754299,0.097708079,0.050693651,0.030430366,0.1099727,2.4654614,2.2923387,0.64649948,0.15,1.7649528,0.5,0.035916638,13.921125,2.4728938,32.30635,-0.00032330669,-0.17101911,0.022347834,0.15384956,-2.1763262,0.13808874
1957,2957000.0,5.4762588,1.532366,3.9438928,-0.2421252,1.0219074,1.1834697,0.79825586,-0.61728395,0.5,2.7847453,4.0353256,3.9736048,0.34530556,-0.05703155,0.1750408,0.14131378,2.6247549,2.4552339,0.6475638,0.15,1.7713603,0.5,0.035975767,13.898245,2.4941407,32.30635,-0.017892806,-0.17805299,-0.0030506922,0.23144164,-1.0837939,-0.66093492
1958,2958000.0,5.4812547,1.5393984,3.9418563,-0.27280039,1.0265972,1.2146597,0.76613554,-0.61728395,0.5,2.9136911,4.0462132,4.0790661,0.61579402,-0.014628911,-0.081207622,-0.14025315,2.7601384,2.5754956,0.65381526,0.15,1.7683691,0.5,0.03632307,13.765356,2.4892908,32.30635,-0.017883004,-0.17171046,-0.016188236,0.17024918,2.6657242,0.49999404
1959,2959000.0,5.4359012,1.5232396,3.9126615,-0.26007483,1.0158212,1.1761417,0.79389007,-0.61728395,0.5,2.8241605,3.9787965,4.037276,0.45640893,0.083532139,-0.12216385,0.076631234,2.6650451,2.4966894,0.65138813,0.15,1.7052869,0.5,0.036188229,13.816647,2.4763912,32.30635,-0.016465569,-0.24638725,-0.00064732265,0.13730646,1.2362579,8.3951326
1960,2960000.0,5.4453988,1.5384407,3.9069581,-0.24063614,1.0259585,1.2185809,0.75916176,-0.61728395,0.5,2.2596519,3.5231014,3.7256157,-0.46976142,-0.00089602328,0.32771818,-0.020986089,2.1074969,1.9203645,0.65518094,0.15,1.7107936,0.5,0.036398941,13.736663,2.5112903,32.30635,0.020501136,-0.13554521,-0.0091213924,0.20540363,-4.2789733,0.58875271
1961,2961000.0,5.4345258,1.5175383,3.9169874,-0.24539649,1.0120191,1.1799824,0.77946782,-0.61728395,0.5,2.6663895,3.8502332,3.933042,0.21589342,0.045930731,-0.085347671,0.13141363,2.5101647,2.3378491,0.65319075,0.15,1.7234635,0.5,0.036288375,13.778517,2.4771613,32.30635,-0.014146273,-0.18686959,0.0063678449,0.2270312,0.63540505,-5.9781456
1962,2962000.0,5.4523973,1.5506957,3.9017016,-0.25184976,1.0341312,1.19159,0.81618966,-0.61728395,0.5,2.9241297,4.1286676,4.1309137,0.51280791,-0.025705427,0.00087448413,-0.12321306,2.7605449,2.5923574,0.64894425,0.15,1.7147498,0.5,0.036052458,13.86868,2.4744264,32.30635,0.0074136775,-0.15399726,0.024030365,0.16175631,0.11922783,-5.5942271
1963,2963000.0,5.4297662,1.5143839,3.9153823,-0.25019676,1.0099155,1.1519958,0.81331896,-0.61728395,0.5,2.7581066,3.9264585,3.9952255,0.35263574,0.030628598,-0.057894498,0.20176115,2.5950971,2.4373584,0.6445199,0.15,1.7227553,0.5,0.035806661,13.963882,2.5171142,32.30635,-0.029789224,-0.27771216,-0.0076814587,0.18323178,-4.4442735,0.57163778
1964,2964000.0,5.4262578,1.4974762,3.9287816,-0.25929151,0.99864002,1.1611182,0.7736983,-0.61728395,0.5,2.7713252,3.948152,3.9544404,0.41138325,-0.016052802,-0.032591575,-0.061746492,2.6162568,2.4480371,0.63972588,0.15,1.7115627,0.5,0.035540327,14.068526,2.4846835,32.30635,-0.026088054,-0.20201086,0.026106047,0.2267339,1.2757473,6.6204366
1965,2965000.0,5.3946337,1.5293869,3.8652468,-0.2495886,1.0199207,1.1807815,0.79724215,-0.61728395,0.5,2.7553335,3.985898,3.9650087,0.31509391,0.035385522,0.0063187037,-0.038706022,2.5955463,2.4265706,0.64249331,0.15,1.7174936,0.5,0.035694073,14.007928,2.4935028,32.30635,-0.021168944,-0.18139912,-0.017096805,0.18674245,-1.5443517,-3.768376
1966,2966000.0,5.4384136,1.5371913,3.9012223,-0.25632076,1.0251253,1.178659,0.8126295,-0.61728395,0.5,2.8497319,4.1110184,4.0199352,0.41824215,0.0035889977,0.07600062,-0.023697083,2.6868606,2.5215599,0.64285229,0.15,1.6361904,0.5,0.035714016,14.000106,2.4831547,32.30635,-0.0026761643,-0.18937393,0.017414306,0.11857882,-0.71929434,-1.2750152
1967,2967000.0,5.3933319,1.5081439,3.8851879,-0.24745647,1.0057541,1.1675986,0.78169824,-0.61728395,0.5,2.6320028,4.0064138,3.8787268,0.010868019,-0.011548869,0.036181686,0.06831466,2.475331,2.3069104,0.64726444,0.15,1.6714918,0.5,0.035959136,13.904672,2.503662,32.30635,0.0077632193,-0.22924789,0.019278557,0.1658228,2.5797064,0.22850465
1968,2968000.0,5.4429708,1.5143199,3.9286509,-0.25740157,1.0098728,1.1483771,0.81824382,-0.61728395,0.5,2.7420535,3.9222971,4.0040254,0.29983807,0.039399278,-0.16099651,0.044999817,2.578057,2.4223129,0.64998341,0.15,1.6778571,0.5,0.03611019,13.846507,2.4857139,32.30635,-0.0041637904,-0.2014461,-0.00417864,0.16725236,5.3619221,0.6627821
1969,2969000.0,5.4244362,1.4950268,3.9294094,-0.22527209,0.99700655,1.1685636,0.7594513,-0.61728395,0.5,2.7246867,3.9652352,4.0354869,0.17333807,-0.053957123,-0.0569424,-0.046061721,2.5724737,2.3993256,0.65575283,0.15,1.6809769,0.5,0.036430713,13.724683,2.4747555,32.30635,-0.0030132336,-0.16945702,-0.0071733188,0.25523468,0.91373681,1.6252184
1970,2970000.0,5.401164,1.5451138,3.8560502,-0.27629657,1.0304087,1.2008209,0.79446954,-0.61728395,0.5,2.5329722,3.7885632,3.8300748,-0.019721501,0.033042881,-0.22648159,-0.014623311,2.3737406,2.1986297,0.65880725,0.15,1.727155,0.5,0.036600403,13.661052,2.5113042,32.30635,0.0057794631,-0.1678591,0.001204652,0.18944902,-2.0856883,-3.0858575
1971,2971000.0,5.4315641,1.5367731,3.894791,-0.27905425,1.0248464,1.1697362,0.82435849,-0.61728395,0.5,2.68836,3.963962,3.8800122,0.22110583,-0.013606234,0.22117116,-0.021743858,2.523138,2.3626724,0.65772725,0.15,1.7254078,0.5,0.036540403,13.683484,2.4759984,32.30635,0.01486008,-0.22087005,0.020377174,0.1627522,-5.411113,-0.20130272
1972,2972000.0,5.4715629,1.5694142,3.9021487,-0.2670803,1.0466142,1.2057419,0.82636388,-0.61728395,0.5,2.5832512,3.793292,3.8489507,0.10751092,-0.048549996,0.15058312,0.07878799,2.4176272,2.2475386,0.65371276,0.15,1.7343125,0.5,0.036317376,13.767515,2.4992738,32.30635,-0.0073620974,-0.21342862,0.0023415588,0.14877123,-2.8292446,5.3207074
1973,2973000.0,5.4707447,1.5442394,3.9265053,-0.23982186,1.0298255,1.181628,0.81973841,-0.61728395,0.5,2.6026472,3.7746556,3.8831735,0.15011262,-0.0055662572,-0.3208372,-0.11206544,2.4383512,2.2736486,0.64475275,0.15,1.6982691,0.5,0.035819597,13.958839,2.4818982,32.30635,0.040407252,-0.24544357,0.0058726837,0.16137773,2.9153877,-1.9701245
1974,2974000.0,5.4889283,1.5781514,3.9107769,-0.25457861,1.0524409,1.1991921,0.84938838,-0.61728395,0.5,2.6681317,3.9033207,3.9300474,0.17102706,0.0012374164,0.0058882704,-0.14349972,2.4978931,2.3342428,0.63730178,0.15,1.727348,0.5,0.035405655,14.122038,2.4798481,32.30635,0.019272827,-0.20329058,0.034499136,0.25305567,2.9470688,-4.1001763
1975,2975000.0,5.4444539,1.542731,3.9017229,-0.24180026,1.0288197,1.1960887,0.79724571,-0.61728395,0.5,2.8412481,4.0622824,4.0901145,0.37134751,-0.021058898,-0.37242829,-0.060231961,2.6814602,2.5082232,0.63354393,0.15,1.7018101,0.5,0.035196885,14.205803,2.475017,32.30635,0.063545936,-0.23705527,-0.017207776,0.19339868,4.9611799,-4.0587986
1976,2976000.0,5.4522958,1.5226937,3.9296021,-0.25198157,1.0154571,1.1684112,0.80375921,-0.61728395,0.5,2.6656406,3.9306702,3.89169,0.17456166,-0.027747932,-0.51700587,0.034201311,2.5045472,2.340322,0.63158929,0.15,1.7602957,0.5,0.035088294,14.249767,2.472885,32.30635,-0.0082003738,-0.16811183,0.0073046359,0.14968762,5.3656011,1.9679108
1977,2977000.0,5.460171,1.5464965,3.9136745,-0.26364385,1.0313308,1.195368,0.80424844,-0.61728395,0.5,2.4669214,3.7515243,3.7527976,-0.10355783,0.027863699,-0.16049776,0.068951349,2.3057299,2.1340971,0.63706,0.15,1.735176,0.5,0.035392222,14.127398,2.4848877,32.30635,0.0011914773,-0.14180771,-0.0093823205,0.14477785,-3.1884828,-2.4164163
1978,2978000.0,5.4534402,1.5478168,3.9056233,-0.28167355,1.0322113,1.1958274,0.80571463,-0.61728395,0.5,2.6137371,3.8523539,3.8734882,0.11536903,0.043797443,-0.028138145,0.0075562235,2.4522517,2.2807849,0.6466065,0.15,1.7155052,0.5,0.035922584,13.918821,2.4841294,32.30635,-0.0019276546,-0.18661394,-0.016157081,0.1891831,-1.584557,-3.043059
1979,2979000.0,5.5105799,1.5619093,3.9486706,-0.24489953,1.0416093,1.1948637,0.82951431,-0.61728395,0.5,2.8394155,4.0460123,4.028269,0.44396525,0.021330306,0.16303884,0.0026910765,2.6731601,2.5067317,0.65691476,0.15,1.7100678,0.5,0.036495264,13.700408,2.4919463,32.30635,-0.034498653,-0.21879926,0.0088613123,0.17166843,-1.9695821,-0.38749731
1980,2980000.0,5.4264233,1.5438274,3.8825959,-0.26017127,1.0295508,1.2047012,0.78702878,-0.61728395,0.5,2.7847357,4.0403349,4.0434892,0.27038315,-0.0027449769,0.004550797,0.050847207,2.6269955,2.4493129,0.66076391,0.15,1.6626104,0.5,0.036709106,13.620599,2.4871748,32.30635,-0.0076062228,-0.1923118,0.0077450461,0.17058789,-0.088657317,-0.58998536
1981,2981000.0,5.4599047,1.5281754,3.9317293,-0.25219871,1.0191128,1.1803485,0.79591278,-0.61728395,0.5,2.7560896,3.9708977,4.0128154,0.28455586,0.079634143,-0.12994146,0.015956563,2.5965688,2.4274473,0.66049011,0.15,1.6678812,0.5,0.036693895,13.626245,2.4949014,32.30635,0.03971809,-0.22341524,0.021640244,0.16560889,-5.583678,2.9944202
1982,2982000.0,5.4817368,1.5592953,3.9224415,-0.24251956,1.0398661,1.1964342,0.82316633,-0.61728395,0.5,2.6526339,3.9198989,3.9201982,0.11780469,-0.021322781,-0.42669674,0.087697913,2.4876508,2.3195129,0.65531442,0.15,1.6524146,0.5,0.036406357,13.733865,2.4904912,32.30635,-0.034670715,-0.17018391,-0.0047189909,0.190376,4.7139979,2.7957669
1983,2983000.0,5.4330145,1.5708387,3.8621758,-0.25436856,1.0475642,1.217618,0.81213612,-0.61728395,0.5,2.9107256,4.1360261,4.1681426,0.42800819,0.033449618,-0.047747361,-0.039301245,2.7479533,2.5717064,0.64749463,0.15,1.677632,0.5,0.035971924,13.899729,2.4865274,32.30635,0.021284396,-0.17195488,-0.0010741037,0.13432377,-2.5994365,0.37772789
1984,2984000.0,5.429571,1.5233879,3.9061831,-0.26175619,1.0159201,1.1803256,0.7883142,-0.61728395,0.5,3.2012165,4.3060895,4.2903464,1.0072134,-0.0037710548,-0.022674568,0.12214421,3.0432186,2.8725805,0.6408849,0.15,1.6828771,0.5,0.035604717,14.043083,2.4631124,32.30635,-0.039393031,-0.22506846,-0.032974914,0.20878667,-1.7333153,5.0186207
1985,2985000.0,5.4530036,1.5400826,3.912921,-0.24893086,1.0270535,1.1789145,0.81688276,-0.61728395,0.5,2.5744499,3.8045594,3.9129703,0.0058201212,0.035707319,-0.052110582,-0.032663933,2.4107262,2.2462068,0.64163504,0.15,1.697432,0.5,0.035646391,14.026665,2.5102898,32.30635,0.0058430502,-0.15255344,-0.011217362,0.17886484,-2.2270146,-0.23931443
1986,2986000.0,5.4107715,1.5248691,3.8859024,-0.2817842,1.0169078,1.1762553,0.79632937,-0.61728395,0.5,2.5516903,3.8504623,3.8372993,-0.032690785,-0.066540112,-0.13545374,0.021819037,2.392086,2.2241876,0.64030524,0.15,1.6378543,0.5,0.035572513,14.055796,2.4807827,32.30635,-0.0074589573,-0.13619164,-0.017462009,0.22472029,4.7624955,-0.54753649
1987,2987000.0,5.3942316,1.4955397,3.8986919,-0.23995943,0.9973486,1.1669382,0.76252674,-0.61728395,0.5,2.8050443,3.9908681,4.0411563,0.38310855,-0.0037405731,0.030095092,0.18560855,2.6522149,2.4801358,0.63518621,0.15,1.6166914,0.5,0.035288123,14.169073,2.4945196,32.30635,0.0020373968,-0.17732057,0.023117139,0.18442266,0.34849494,-3.1589215
1988,2988000.0,5.4657299,1.5270444,3.9386855,-0.25447414,1.0183586,1.1850531,0.78757468,-0.61728395,0.5,2.6416375,3.897349,3.8967745,0.13078912,0.015267112,0.23575208,0.088254044,2.4837879,2.3116853,0.63831804,0.15,1.6398358,0.5,0.035462113,14.099555,2.5032765,32.30635,0.0049388847,-0.18320328,-0.0041969422,0.15639976,-3.6860523,-1.2635695
1989,2989000.0,5.4633639,1.5487023,3.9146616,-0.2451564,1.0328018,1.2200023,0.77354233,-0.61728395,0.5,2.4620076,3.7524089,3.760219,-0.12660514,0.062870251,0.13726267,-0.01707585,2.3069704,2.1223245,0.64085813,0.15,1.6488634,0.5,0.035603229,14.04367,2.521004,32.30635,0.0071402235,-0.19279912,0.017996783,0.14088397,-3.033721,-3.387339
1990,2990000.0,5.4160952,1.5548965,3.8611988,-0.25734696,1.0369326,1.2109812,0.79594679,-0.61728395,0.5,2.6561988,3.9487227,3.8896526,0.13022109,0.031219984,-0.095274656,0.044059587,2.4966712,2.3190274,0.63942257,0.15,1.6562183,0.5,0.035523476,14.075199,2.4708002,32.30635,-0.0043792954,-0.16611517,-0.017134213,0.19336791,1.0315355,2.022919
1991,2991000.0,5.4442522,1.5735072,3.870745,-0.25783402,1.0493437,1.2041672,0.83507496,-0.61728395,0.5,2.9273663,4.1344712,4.1050038,0.54262393,-0.052409327,-0.049099361,-0.028378345,2.7599964,2.5920922,0.64389929,0.15,1.6296807,0.5,0.035772183,13.977341,2.4672338,32.30635,-0.0044398792,-0.17570195,-0.027850431,0.17052391,2.4811472,7.3566587
1992,2992000.0,5.4152698,1.521761,3.8935088,-0.25582837,1.0148351,1.1772174,0.79003905,-0.61728395,0.5,2.6952998,3.9360976,3.9358206,0.21398124,0.016262844,-0.038938395,-0.08649017,2.5369563,2.3675293,0.64261262,0.15,1.6358966,0.5,0.035700701,14.005327,2.4833745,32.30635,-0.0022196157,-0.20347437,0.0041659044,0.21703547,-0.19000566,-4.6793489
1993,2993000.0,5.4072592,1.5054364,3.9018228,-0.2456267,1.0039486,1.1756127,0.7662499,-0.61728395,0.5,2.9492972,4.1376161,4.1318149,0.57846048,-0.014955738,-0.088001005,-0.10550561,2.7957215,2.6219734,0.64816473,0.15,1.6589352,0.5,0.036009152,13.885359,2.4733045,32.30635,-0.020727875,-0.20395723,0.024741806,0.18672826,-0.26788544,2.8023615
1994,2994000.0,5.4179194,1.5366385,3.8812809,-0.26859977,1.0247566,1.1812701,0.80812117,-0.61728395,0.5,2.7140592,3.9540029,3.9395037,0.24867083,0.018387275,-0.038817587,-0.019182515,2.5520915,2.3851602,0.64822443,0.15,1.6410473,0.5,0.036012468,13.88408,2.4704183,32.30635,-0.0079095638,-0.14841387,0.00071636823,0.24824248,2.2859689,0.22780841
1995,2995000.0,5.3938823,1.4979967,3.8958856,-0.25590645,0.99898714,1.1665438,0.76699066,-0.61728395,0.5,2.7599722,3.9708891,3.989179,0.31984866,0.038949776,-0.068840299,-0.036995175,2.6062481,2.4351735,0.64661589,0.15,1.6350993,0.5,0.035923105,13.918619,2.4909042,32.30635,0.0056298316,-0.25361255,-0.012358156,0.1842069,-0.99825544,2.5648915
1996,2996000.0,5.434095,1.5154626,3.9186325,-0.23976299,1.0106348,1.1619587,0.80119771,-0.61728395,0.5,2.8858298,4.1977408,3.9939822,0.46576638,-0.030554032,-0.44545366,0.072141615,2.7252498,2.5623077,0.64480377,0.15,1.6358956,0.5,0.035822432,13.957735,2.4742304,32.30635,-0.013794805,-0.21609549,-0.0073902229,0.16035709,2.4247378,1.3287511
1997,2997000.0,5.4486929,1.5608538,3.8878392,-0.26180453,1.0409054,1.190905,0.8333313,-0.61728395,0.5,2.8573369,4.1255243,3.9777464,0.46874004,0.03741015,-0.28035423,0.023186691,2.6903165,2.5257553,0.64197708,0.15,1.6958605,0.5,0.035665394,14.019192,2.5113456,32.30635,-0.013589698,-0.18311808,-0.0036405486,0.19993103,7.8849354,1.1787807
1998,2998000.0,5.4768324,1.584511,3.8923213,-0.26814885,1.056682,1.2055314,0.85071796,-0.61728395,0.5,2.6528037,3.9669846,3.8456752,0.1457513,-0.017377314,-0.25319821,0.087983172,2.4822986,2.3171497,0.6369129,0.15,1.7151963,0.5,0.03538405,14.130661,2.4969043,32.30635,0.014514489,-0.1867692,0.019724251,0.18971841,4.9011125,-3.7989092
1999,2999000.0,5.4578289,1.5436293,3.9141995,-0.2501364,1.0294187,1.1765921,0.82576193,-0.61728395,0.5,2.5383985,3.8408184,3.7873763,-0.012999231,-0.0080161215,-0.12952103,0.068660655,2.3728952,2.210802,0.63562772,0.15,1.7607516,0.5,0.035312651,14.159231,2.4725357,32.30635,0.0063104774,-0.23934776,-0.0033023614,0.17123433,1.3527784,-4.0364655
2000,3000000.0,5.4788513,1.5456036,3.9332477,-0.24769857,1.0307353,1.1660865,0.84350282,-0.61728395,0.5,2.9152471,4.0719209,4.0849669,0.5888535,0.024433555,0.01552464,0.093350245,2.746188,2.5905757,0.64193712,0.15,1.729809,0.5,0.035663173,14.020065,2.4849091,32.30635,0.042014537,-0.1389333,0.012328404,0.23060438,-1.3686184,7.8045915
2001,3001000.0,5.4318487,1.5326066,3.8992422,-0.26002191,1.0220678,1.1813399,0.80159799,-0.61728395,0.5,2.7807553,3.967179,4.0554349,0.3196519,-0.01311831,0.12189323,-0.10473029,2.620095,2.4518369,0.64814428,0.15,1.6534547,0.5,0.036008015,13.885797,2.5152051,32.30635,-0.006636852,-0.15702911,-0.005854531,0.14187266,-0.20353559,2.6341886
2002,3002000.0,5.4372123,1.5317958,3.9054165,-0.25274515,1.0215271,1.185446,0.79460167,-0.61728395,0.5,2.7512298,3.9422422,4.0383815,0.27306566,-0.010673157,-0.16567962,0.038543208,2.5919717,2.4211681,0.6545349,0.15,1.6708104,0.5,0.03636305,13.750222,2.4973718,32.30635,-0.010683392,-0.18492782,-0.0071926874,0.17369085,0.63057145,-4.6607231
2003,3003000.0,5.4533189,1.5759874,3.8773316,-0.25848543,1.0509977,1.2016038,0.84258897,-0.61728395,0.5,2.464436,3.7906478,3.7494791,-0.14681881,0.013910583,0.11733551,0.048830905,2.2955601,2.1298756,0.65789027,0.15,1.63819,0.5,0.036549459,13.680093,2.4856569,32.30635,0.020361592,-0.15932771,0.031237794,0.19503461,-4.4233754,-5.4027381
2004,3004000.0,5.4059714,1.4894718,3.9164996,-0.25470861,0.99330201,1.1566911,0.76709063,-0.61728395,0.5,2.6448812,3.9122972,3.8741327,0.14821355,-0.030442866,0.029853709,0.010318094,2.491137,2.3228257,0.65351512,0.15,1.6425602,0.5,0.036306395,13.771678,2.4813393,32.30635,-0.013376342,-0.21041082,0.0078304725,0.16105571,0.39262611,2.4373672
2005,3005000.0,5.4444413,1.5267489,3.9176923,-0.26295876,1.0181615,1.1772039,0.7980077,-0.61728395,0.5,2.9930532,4.1716874,4.1695202,0.63795184,-0.010834459,0.085150347,0.080727191,2.8331125,2.6652863,0.65082034,0.15,1.6900345,0.5,0.036156686,13.828701,2.481344,32.30635,-0.018144171,-0.17517858,-0.0092925396,0.18398489,-2.1754081,4.0972971
2006,3006000.0,5.4654808,1.5333541,3.9321267,-0.25673772,1.0225664,1.1821359,0.80168374,-0.61728395,0.5,2.7921462,4.0134858,3.9854754,0.37747739,0.037087847,-0.090490687,0.17516042,2.6314687,2.4630062,0.64757906,0.15,1.694434,0.5,0.035976614,13.897917,2.4724837,32.30635,-0.020049144,-0.16850081,0.007666206,0.18996927,1.2077041,1.5930116
2007,3007000.0,5.4164988,1.4968308,3.919668,-0.28459635,0.99820959,1.1510289,0.78668548,-0.61728395,0.5,2.642576,3.8531512,3.8661183,0.20845869,0.082290105,0.0042904989,-0.018738644,2.4849046,2.3220971,0.64655266,0.15,1.7004962,0.5,0.035919592,13.91998,2.4748134,32.30635,-0.01811528,-0.1814953,-0.0078313668,0.14464129,-1.294662,-3.3710524
2008,3008000.0,5.4569338,1.5532186,3.9037152,-0.25088879,1.0358136,1.1918357,0.81986937,-0.61728395,0.5,2.71936,3.8792622,4.0077203,0.2710974,0.0044874476,-0.23440198,0.036475563,2.5550377,2.3875193,0.64541505,0.15,1.7096382,0.5,0.035856392,13.944515,2.4843996,32.30635,-0.013340353,-0.2125991,0.039977041,0.24020656,3.7933986,-2.2838752
2009,3009000.0,5.4394231,1.4996666,3.9397565,-0.24986961,1.0001008,1.1599129,0.77886381,-0.61728395,0.5,2.5292581,3.8166689,3.748674,0.022431376,0.0010014572,-0.25371437,-6.3134617e-05,2.3731543,2.2063056,0.63883663,0.15,1.7324874,0.5,0.035490924,14.088109,2.4800273,32.30635,-0.012258446,-0.19534311,-0.0062844153,0.18273701,4.3953141,-1.6816731
2010,3010000.0,5.4123659,1.5051379,3.907228,-0.26822017,1.0037494,1.1658967,0.77927139,-0.61728395,0.5,2.6459888,3.8572333,3.9100547,0.17067847,-0.019418714,-0.18419809,-0.08824011,2.4898034,2.3213703,0.63298868,0.15,1.7200684,0.5,0.035166038,14.218264,2.4572877,32.30635,-0.00038888131,-0.23633419,-0.013912096,0.19198566,-2.6789977,-0.49071404
2011,3011000.0,5.4518815,1.5185268,3.9333546,-0.27123681,1.0126783,1.179439,0.78179822,-0.61728395,0.5,2.4469578,3.7161618,3.7638601,-0.13914855,-0.024306077,0.12658289,0.056378896,2.2902659,2.1185687,0.63702051,0.15,1.7439271,0.5,0.035390029,14.128273,2.5013677,32.30635,0.0079169138,-0.16854002,0.0092150775,0.20309575,-2.4043308,3.394923
2012,3012000.0,5.4960062,1.5476989,3.9483072,-0.25829763,1.0321327,1.1793787,0.82837708,-0.61728395,0.5,2.7359393,3.9924038,3.923248,0.29216599,0.0059272108,0.19224027,-0.1051806,2.5699118,2.4075669,0.63229283,0.15,1.73062,0.5,0.03512738,14.233911,2.4781968,32.30635,0.010811274,-0.1653423,-0.0086221804,0.15319653,-2.1378289,2.768144
2013,3013000.0,5.4278989,1.5184035,3.9094954,-0.25516116,1.0125961,1.1896997,0.76734752,-0.61728395,0.5,2.9363479,4.1363081,4.1425992,0.53013647,-0.060606932,0.26813076,0.023376331,2.7825523,2.6051019,0.640341,0.15,1.7246372,0.5,0.0355745,14.055011,2.4897338,32.30635,-0.013234034,-0.21009131,-0.0052055779,0.18193444,-0.90491701,5.8148392
2014,3014000.0,5.4542938,1.534554,3.9197398,-0.24465544,1.0233665,1.1814041,0.80461266,-0.61728395,0.5,2.6530894,3.8277835,3.9358069,0.19567774,-0.018398734,-0.24031491,-0.18864434,2.4918249,2.3241531,0.64333509,0.15,1.6853348,0.5,0.035740838,13.989599,2.4639816,32.30635,-0.015919513,-0.16664903,0.0022526659,0.18921522,0.98800818,-5.6486075
2015,3015000.0,5.4424156,1.5525651,3.8898505,-0.24986742,1.0353778,1.2166894,0.78430135,-0.61728395,0.5,2.6629306,3.9021172,3.9166984,0.16997623,-0.0035707368,-0.02431654,0.037731899,2.505737,2.3241699,0.6477648,0.15,1.7205864,0.5,0.035986933,13.893932,2.4810179,32.30635,-0.034144991,-0.2193766,-0.0068389585,0.23718549,0.63545436,-1.4686529
2016,3016000.0,5.462827,1.5460545,3.9167725,-0.26817713,1.031036,1.2016796,0.79477604,-0.61728395,0.5,2.9940949,4.1692196,4.1808443,0.63222081,0.032935357,-0.43478814,-0.0071573352,2.8348019,2.6595134,0.65096944,0.15,1.7323038,0.5,0.036164969,13.825534,2.4802202,32.30635,0.0063391571,-0.18747067,-0.018051704,0.18198553,4.0890106,9.2089826
2017,3017000.0,5.4822946,1.5304338,3.9518608,-0.25939744,1.0206188,1.1783137,0.80233898,-0.61728395,0.5,2.980274,4.0970576,4.1626029,0.68116167,0.037489795,-0.23489432,-0.025290809,2.8194653,2.6521982,0.65237338,0.15,1.7467987,0.5,0.036242966,13.795781,2.4863594,32.30635,0.0049153775,-0.15991564,-0.0039474718,0.17969592,3.7389268,4.2553638
2018,3018000.0,5.4831562,1.5814455,3.9017107,-0.26794116,1.0546377,1.2245865,0.81936092,-0.61728395,0.5,2.8343014,3.9907387,4.0807389,0.43142656,0.024777316,0.025708019,-0.048258148,2.670081,2.4933419,0.65312935,0.15,1.7582033,0.5,0.036284964,13.779813,2.4696942,32.30635,-0.0019998254,-0.1973983,0.0060537096,0.17152881,-2.7988421,2.8425387
2019,3019000.0,5.46037,1.5605449,3.899825,-0.26895672,1.0406994,1.2085636,0.80830795,-0.61728395,0.5,2.4802487,3.7343833,3.7649029,-0.058540108,0.0038985331,0.015431833,-0.084828286,2.3182436,2.1437505,0.65477228,0.15,1.7602341,0.5,0.036376238,13.745237,2.4855548,32.30635,0.012959851,-0.19803194,-0.029500831,0.18829301,-0.84638213,2.5280072
2020,3020000.0,5.4211377,1.5109647,3.910173,-0.26469808,1.0076352,1.1708029,0.78174254,-0.61728395,0.5,2.4376471,3.7459209,3.7806196,-0.21359918,0.0296277,-0.015529763,0.020311626,2.2809664,2.1116625,0.65241281,0.15,1.7572769,0.5,0.036245156,13.794947,2.4852986,32.30635,-0.023351788,-0.19414229,-0.0085664344,0.12264187,1.8463721,-6.4403101
2021,3021000.0,5.4219806,1.532051,3.8899296,-0.26999284,1.0216973,1.1970511,0.77888676,-0.61728395,0.5,3.0434913,4.2255977,4.2015664,0.70330993,0.007915931,-0.1862517,-0.045225953,2.887383,2.7101985,0.65022438,0.15,1.7070189,0.5,0.036123576,13.841376,2.4693268,32.30635,0.0096260431,-0.16885182,0.011708893,0.20505829,1.1619682,3.1260853
2022,3022000.0,5.4832991,1.5576683,3.9256308,-0.24517415,1.038781,1.2105671,0.80093982,-0.61728395,0.5,2.9346985,4.1408428,4.1392321,0.52402062,-0.020432101,0.0098710503,-0.073735774,2.7741701,2.5976424,0.64757728,0.15,1.6914712,0.5,0.035976516,13.897955,2.465866,32.30635,0.0283953,-0.17419444,0.028252272,0.16587613,-2.4058508,2.7892534
2023,3023000.0,5.4894304,1.5421206,3.9473098,-0.26927196,1.0284126,1.1941097,0.79902219,-0.61728395,0.5,2.734671,3.9320447,3.9103541,0.36161414,0.04054421,0.090009133,0.048336706,2.574527,2.4021972,0.64244487,0.15,1.6289698,0.5,0.035691382,14.008984,2.4903409,32.30635,0.024889803,-0.15841862,-0.0017640138,0.14793885,-0.77051859,5.0853588
2024,3024000.0,5.4792057,1.5507277,3.928478,-0.22828447,1.0341525,1.2097228,0.79105072,-0.61728395,0.5,2.6698033,3.9199026,3.9762079,0.11329937,0.016963848,-0.15470812,0.016315808,2.511257,2.3329823,0.6358608,0.15,1.6078345,0.5,0.0353256,14.154041,2.4810108,32.30635,0.0037674467,-0.20115897,-0.029736634,0.18426088,-0.17904669,-3.0896469
2025,3025000.0,5.5075499,1.548527,3.959023,-0.22824657,1.0326849,1.1762871,0.83399165,-0.61728395,0.5,2.8454365,4.1274317,3.9876907,0.42118708,-0.0010866992,-0.10638754,-0.034498786,2.6782837,2.5179249,0.6354522,0.15,1.6142489,0.5,0.0353029,14.163142,2.5063014,32.30635,0.0064760093,-0.18364899,0.0090427764,0.16788133,3.3102718,0.95983192
2026,3026000.0,5.4767351,1.5541703,3.9225649,-0.25669048,1.0364483,1.2087802,0.79784706,-0.61728395,0.5,2.6953389,3.8926944,3.9685703,0.2247521,0.036575812,-0.19131387,0.021190341,2.5354305,2.3587804,0.63447795,0.15,1.6394752,0.5,0.035248775,14.18489,2.5011971,32.30635,0.0065003387,-0.15349806,0.0031982745,0.26935274,-0.082248781,-0.69079351
2027,3027000.0,5.5106342,1.5674739,3.9431603,-0.25619563,1.0453202,1.2024907,0.82778784,-0.61728395,0.5,2.43461,3.6996196,3.7371928,-0.13298234,0.0059771826,-0.10566334,0.072580581,2.2687007,2.0998027,0.64209173,0.15,1.6498505,0.5,0.035671763,14.016689,2.4684695,32.30635,0.021265598,-0.1968768,-0.018709338,0.22099597,3.9375934,-5.7255768
2028,3028000.0,5.469872,1.5523188,3.9175532,-0.25952461,1.0352136,1.2219131,0.77665205,-0.61728395,0.5,2.8594767,4.0492567,4.0591053,0.47006804,0.071109376,-0.22876101,-0.01582886,2.7038162,2.5192616,0.65280444,0.15,1.691065,0.5,0.036266913,13.786671,2.4915613,32.30635,-0.006825891,-0.17021967,0.019107859,0.24639823,0.056518173,2.5820846
2029,3029000.0,5.473692,1.5682406,3.9054515,-0.25676539,1.0458315,1.2461637,0.76833975,-0.61728395,0.5,2.5832583,3.8703598,3.8706473,0.0087676807,-0.036995867,-0.19255122,-0.10364577,2.4292638,2.2362911,0.6589914,0.15,1.698323,0.5,0.036610633,13.657234,2.473112,32.30635,0.0058224235,-0.14236642,-0.01506562,0.20487223,0.80233283,2.5632099
2030,3030000.0,5.5035296,1.5648981,3.9386315,-0.2565548,1.0436024,1.2405731,0.77077881,-0.61728395,0.5,2.8551442,4.0546059,4.0906715,0.42015528,-0.066111875,-0.090192118,0.014515868,2.7006609,2.5097337,0.65813176,0.15,1.7395171,0.5,0.036562876,13.675073,2.4721809,32.30635,-0.00035634512,-0.15152885,-0.020064995,0.20414544,-1.9037152,-0.13341033
2031,3031000.0,5.5365993,1.590808,3.9457913,-0.25719795,1.0608813,1.2328592,0.82279072,-0.61728395,0.5,2.9937575,4.1975922,4.1027422,0.68093818,0.028509615,-0.16817479,-0.18536294,2.8288497,2.6504947,0.66009741,0.15,1.7284609,0.5,0.036672078,13.634351,2.4732793,32.30635,-0.033195509,-0.23535435,-0.013846936,0.21730797,0.60254516,2.3712385
2032,3032000.0,5.5116084,1.5678244,3.943784,-0.24083895,1.045554,1.2331539,0.78574949,-0.61728395,0.5,2.7049984,3.993538,3.9798977,0.14155956,-0.030017746,-0.11967059,-0.18209889,2.5475146,2.3616535,0.64702306,0.15,1.7054255,0.5,0.035945725,13.90986,2.5154185,32.30635,0.0018168841,-0.16560553,-0.024252128,0.20081141,-3.0916864,-6.2922383
2033,3033000.0,5.5021244,1.5756965,3.9264279,-0.26084299,1.0508038,1.2244839,0.81034066,-0.61728395,0.5,2.4359099,3.7511753,3.7503444,-0.19378983,-0.03540837,-0.2678482,-0.007046452,2.2734974,2.0949791,0.63959275,0.15,1.6758704,0.5,0.03553293,14.071454,2.4957953,32.30635,-0.0028600618,-0.1884576,0.00011841817,0.16177208,2.1823212,-0.078685388
2034,3034000.0,5.4514837,1.5446591,3.9068245,-0.25459344,1.0301055,1.2129185,0.77693909,-0.61728395,0.5,2.5675843,3.8693924,3.8569522,-0.023591805,-0.006828375,0.20807552,-0.048910297,2.4118663,2.2298735,0.6314952,0.15,1.6770342,0.5,0.035083067,14.25189,2.4993027,32.30635,0.0040837196,-0.13198825,0.027712877,0.13570599,-0.059044159,-2.3255159
2035,3035000.0,5.5093346,1.5643426,3.944992,-0.25783711,1.043232,1.2165552,0.8032588,-0.61728395,0.5,3.0423627,4.204389,4.1824709,0.74022808,0.057729314,-0.21611453,-0.091762032,2.8813695,2.7036393,0.63264942,0.15,1.6218856,0.5,0.03514719,14.225888,2.4832755,32.30635,0.027511846,-0.14268253,0.015269463,0.19234876,4.4894995,3.9883855
2036,3036000.0,5.5181309,1.5623107,3.9558202,-0.23848028,1.041877,1.2188815,0.79678873,-0.61728395,0.5,2.8326387,4.0688627,3.981209,0.44784449,-0.039160701,0.2021433,-0.030849473,2.6729424,2.4932677,0.63985667,0.15,1.5738381,0.5,0.035547593,14.06565,2.4956768,32.30635,0.0035451546,-0.18298649,0.014907204,0.19125296,0.050215645,-0.19061057
2037,3037000.0,5.5311363,1.567846,3.9632903,-0.25049397,1.0455684,1.2249355,0.79720083,-0.61728395,0.5,2.4009538,3.7172741,3.7581706,-0.27258327,0.019306452,0.17424764,0.13465777,2.2411748,2.0598972,0.64443728,0.15,1.6063498,0.5,0.035802071,13.965673,2.4862983,32.30635,0.0050599574,-0.23102602,0.0020536844,0.12623027,-3.6059616,-1.7849548
2038,3038000.0,5.514693,1.5659005,3.9487925,-0.24318408,1.0442709,1.2291465,0.78825024,-0.61728395,0.5,2.7052891,3.8947101,3.9665023,0.25465478,-0.045568524,-0.15280784,-0.1064772,2.547304,2.36306,0.6479103,0.15,1.6349254,0.5,0.035995016,13.890812,2.4747152,32.30635,0.028337637,-0.17682935,-0.003082022,0.21092612,-0.48696565,-1.9289584
2039,3039000.0,5.5013584,1.5220895,3.9792689,-0.22222192,1.0150542,1.1688922,0.8021278,-0.61728395,0.5,2.6644776,3.8968884,3.9238856,0.1726588,-0.0047484443,-0.01753272,-0.024159573,2.5037112,2.339025,0.64305465,0.15,1.6852427,0.5,0.035725259,13.9957,2.4729542,32.30635,-0.017893849,-0.13329626,0.0039309114,0.18495559,0.75435917,-1.8763227
2040,3040000.0,5.4443618,1.542119,3.9022427,-0.26107476,1.0284115,1.2103129,0.77651032,-0.61728395,0.5,2.3975193,3.6851849,3.771487,-0.26411405,-0.0035284889,-0.13436064,0.055920219,2.2418872,2.060534,0.63950469,0.15,1.7049444,0.5,0.035528039,14.073392,2.4833641,32.30635,-0.016917373,-0.19247065,0.0018787802,0.1942608,3.5757873,-1.635615
2041,3041000.0,5.4912229,1.570198,3.9210249,-0.25457977,1.0471369,1.2046202,0.82917134,-0.61728395,0.5,2.5655726,3.7549044,3.8986042,0.043209319,0.026866522,-0.11724334,0.032095432,2.399386,2.2301724,0.63823015,0.15,1.7133449,0.5,0.03545723,14.101496,2.4836862,32.30635,0.011085051,-0.25155706,0.0033664828,0.16863645,2.8541276,-1.1815767
2042,3042000.0,5.4813711,1.5580558,3.9233153,-0.25355517,1.0390394,1.1986727,0.81808104,-0.61728395,0.5,2.7102451,3.8304424,4.0231136,0.27717926,0.040287797,-0.02588549,0.013568071,2.5462812,2.3765008,0.63892666,0.15,1.7310695,0.5,0.035495926,14.086124,2.4850911,32.30635,0.015512602,-0.24981509,0.016490163,0.18909946,0.92889713,1.4179098
2043,3043000.0,5.4662685,1.5586836,3.9075849,-0.26118612,1.0394582,1.2102247,0.80303377,-0.61728395,0.5,3.0701648,4.1828102,4.2532996,0.7743847,0.025308891,-0.10110164,-0.11002522,2.9092168,2.7332041,0.64178803,0.15,1.6955953,0.5,0.035654891,14.023322,2.4711936,32.30635,-0.014106426,-0.2114616,-0.0058524443,0.19504039,-0.8034481,5.9575024
2044,3044000.0,5.4491657,1.5459467,3.903219,-0.25557966,1.0309641,1.2033687,0.79225759,-0.61728395,0.5,2.8047662,4.0229879,4.0577463,0.33356436,0.00011067086,-0.12313389,0.077955041,2.645978,2.4697144,0.65038777,0.15,1.6841702,0.5,0.036132654,13.837899,2.4823441,32.30635,0.00068778802,-0.16083745,-0.013947422,0.22530489,-3.3006185,-5.9802646
2045,3045000.0,5.4455941,1.5582674,3.8873267,-0.25246137,1.0391806,1.2089884,0.80408784,-0.61728395,0.5,2.7866718,3.9980861,4.0546218,0.3073075,0.057195334,0.12087017,0.018743092,2.6255125,2.4500553,0.65129467,0.15,1.7045863,0.5,0.036183037,13.81863,2.4854293,32.30635,-0.0018157777,-0.15324675,0.014217873,0.18147266,-3.2961873,6.9655851
2046,3046000.0,5.4471115,1.5252086,3.9219029,-0.26564029,1.0171343,1.1905885,0.77695886,-0.61728395,0.5,2.8071007,3.9796007,4.0668789,0.37482244,-0.02924363,0.09940405,-0.13845768,2.6513787,2.4756072,0.65254813,0.15,1.7130975,0.5,0.036252674,13.792086,2.5215412,32.30635,0.0046180214,-0.17994266,-0.0066256203,0.23089826,-3.8044714,3.2979967
2047,3047000.0,5.4374495,1.5057595,3.9316901,-0.24686675,1.004164,1.1586294,0.79035765,-0.61728395,0.5,2.7062757,3.910765,3.933312,0.27475017,0.020609649,-0.19367292,0.049748507,2.5478683,2.3836806,0.64341226,0.15,1.68058,0.5,0.035745125,13.987921,2.475953,32.30635,0.016961509,-0.20042162,0.021868451,0.20099982,0.18242272,2.1525727
2048,3048000.0,5.4480877,1.5334586,3.9146291,-0.24356658,1.022636,1.1644631,0.82640108,-0.61728395,0.5,2.9012687,4.1142134,4.1120985,0.47749411,-0.016791875,-0.072586711,-0.058313365,2.7356372,2.5770493,0.63857803,0.15,1.6655896,0.5,0.035476557,14.093814,2.4884039,32.30635,0.020643612,-0.1666223,0.014198687,0.15221231,-0.6827942,-2.0421536
2049,3049000.0,5.4029076,1.5417521,3.8611555,-0.2758666,1.0281668,1.1956287,0.79632458,-0.61728395,0.5,2.6993779,3.9423439,3.9839601,0.17182975,0.015792491,0.011058573,-0.039167208,2.5397746,2.3664811,0.63319536,0.15,1.6060004,0.5,0.03517752,14.213623,2.4934586,32.30635,-0.022335781,-0.19672016,0.011556163,0.20977159,-1.5170996,-5.3735628
2050,3050000.0,5.4376269,1.531575,3.9060519,-0.25797794,1.0213799,1.1828275,0.79788737,-0.61728395,0.5,2.6395105,3.8538273,3.9572855,0.1074186,-0.00090915691,-0.2113342,-0.10087682,2.4795939,2.3101779,0.63275351,0.15,1.6326996,0.5,0.035152973,14.223548,2.4855211,32.30635,0.0098360203,-0.13223441,0.0060636152,0.16589377,2.4556288,5.9062179
2051,3051000.0,5.4389421,1.5304888,3.9084533,-0.24016202,1.0206556,1.2045306,0.76600647,-0.61728395,0.5,2.6844193,3.9080271,3.8930324,0.25219846,-0.026946809,-0.10844703,-0.0036457782,2.5308925,2.349044,0.63328189,0.15,1.6625469,0.5,0.035182327,14.211681,2.5000469,32.30635,0.011583377,-0.16253112,0.00034822396,0.16447105,1.1432828,2.8695666
2052,3052000.0,5.4408899,1.5456934,3.8951965,-0.25076743,1.0307952,1.186808,0.8148599,-0.61728395,0.5,2.8136769,4.0685312,4.0064308,0.36606865,0.030908508,-0.12632906,-0.001141217,2.6503586,2.483236,0.64320187,0.15,1.6731271,0.5,0.035733437,13.992497,2.4678856,32.30635,0.021739853,-0.19110933,0.022370013,0.17683444,-2.1497053,-1.7001395
2053,3053000.0,5.4514804,1.5282927,3.9231877,-0.28048264,1.019191,1.1807468,0.79554647,-0.61728395,0.5,2.7428048,3.9465979,3.9368255,0.34499109,0.030800974,-0.10534817,-0.042157209,2.5833574,2.4140516,0.65407341,0.15,1.660299,0.5,0.036337412,13.759923,2.4790563,32.30635,0.016625077,-0.1644107,-0.0088647022,0.15144976,3.3452988,4.8304873
2054,3054000.0,5.4472254,1.5648195,3.8824059,-0.27083391,1.04355,1.2088631,0.8147048,-0.61728395,0.5,3.0211776,4.1285867,4.1844921,0.75045382,0.019794129,-0.24277495,0.024834342,2.8578903,2.6845959,0.66385514,0.15,1.6957147,0.5,0.036880841,13.557174,2.470952,32.30635,-0.0096806974,-0.22853676,0.016812586,0.14507913,7.9212554,6.8610083
2055,3055000.0,5.4042549,1.5413979,3.862857,-0.27961993,1.0279306,1.21446,0.76959972,-0.61728395,0.5,2.7758532,4.0125886,3.9965018,0.31846924,-0.038227952,-0.049083477,0.018266894,2.6216062,2.4377133,0.66927603,0.15,1.6959773,0.5,0.037182001,13.447366,2.4715513,32.30635,0.0014124202,-0.26524863,0.026696161,0.23746758,5.1393246,1.950668
2056,3056000.0,5.4520524,1.5521866,3.8998658,-0.24284526,1.0351254,1.1926486,0.8170952,-0.61728395,0.5,2.6778946,3.8792594,3.9926605,0.161764,0.055455251,0.20867004,0.17568932,2.5141283,2.3458276,0.66238768,0.15,1.7732124,0.5,0.036799316,13.587209,2.4805229,32.30635,-0.026991682,-0.19125205,0.00171773,0.18830758,-3.7665107,5.1676566
2057,3057000.0,5.4411815,1.5510555,3.890126,-0.25195184,1.0343711,1.2115419,0.78904606,-0.61728395,0.5,2.6386088,3.9326255,3.9118765,0.071324587,-0.023331496,-0.34895476,-0.044244843,2.4804643,2.3012814,0.6551324,0.15,1.7439603,0.5,0.036396245,13.737681,2.4953645,32.30635,-0.03199885,-0.18741608,-0.0087602431,0.15746248,-1.6498385,0.86331771
2058,3058000.0,5.4047283,1.5161219,3.8886065,-0.25548723,1.0110745,1.1983042,0.75175772,-0.61728395,0.5,2.9673269,4.0846806,4.1804129,0.63688725,-0.0056778044,-0.10314124,-0.10371479,2.8166559,2.6336852,0.64607994,0.15,1.6791785,0.5,0.03589333,13.930165,2.5006897,32.30635,0.0025110581,-0.20293036,0.02315459,0.13557511,-5.4282424,-1.953035
2059,3059000.0,5.417413,1.5351529,3.8822602,-0.24328553,1.0237659,1.2176808,0.75517208,-0.61728395,0.5,3.0663074,4.265189,4.2731401,0.66059332,0.027647863,0.023727797,-0.030680901,2.9149521,2.7272707,0.63602868,0.15,1.643012,0.5,0.035334927,14.150305,2.4883318,32.30635,0.020927854,-0.1583708,-0.01125315,0.18022476,-0.65940894,3.6102145
2060,3060000.0,5.4346594,1.5231846,3.9114748,-0.25720745,1.0157845,1.190542,0.77379764,-0.61728395,0.5,2.676168,3.9469186,3.9648628,0.11672263,-0.0092562733,-0.34459536,-0.049137574,2.5210797,2.3446875,0.63325494,0.15,1.6242646,0.5,0.03518083,14.212286,2.4805088,32.30635,0.0087697954,-0.14226623,-0.010886132,0.15302458,4.3712109,4.2437366
2061,3061000.0,5.3840871,1.5096419,3.8744452,-0.24451864,1.0067531,1.1719384,0.77805691,-0.61728395,0.5,3.0105388,4.1988831,4.1758405,0.65689269,0.045216312,-0.13236005,0.027431104,2.8545967,2.684238,0.636127,0.15,1.6315689,0.5,0.035340389,14.148118,2.4745285,32.30635,-0.0059638636,-0.13868018,-0.0030803,0.19477206,0.2657258,-0.58791569
2062,3062000.0,5.4038099,1.4855492,3.9182608,-0.25137286,0.99068611,1.1615936,0.75402833,-0.61728395,0.5,2.7965577,4.029118,3.9842756,0.37627956,0.03079902,0.074048819,0.036374012,2.6454316,2.4731373,0.64080745,0.15,1.6530127,0.5,0.035600414,14.044781,2.4774344,32.30635,-0.0073064156,-0.24138738,-0.011531276,0.19839545,-2.7430559,-1.9567893
2063,3063000.0,5.4054671,1.4825535,3.9229136,-0.25291079,0.98868832,1.123747,0.80182966,-0.61728395,0.5,2.8560681,4.0668121,4.0374921,0.46390022,-0.0041695896,-0.19827053,-0.11853851,2.6953614,2.5431852,0.65528731,0.15,1.6698618,0.5,0.03640485,13.734434,2.4763152,32.30635,0.017208832,-0.16914142,-6.2504085e-05,0.18957186,0.81676949,-1.1957755
2064,3064000.0,5.4259207,1.5198705,3.9060502,-0.25699077,1.0135744,1.1851026,0.7760719,-0.61728395,0.5,2.89594,4.0909376,4.0874501,0.50943248,0.0224504,-0.047066112,0.056962864,2.7403958,2.565974,0.66665153,0.15,1.6672214,0.5,0.037036196,13.500307,2.4931466,32.30635,0.0013391483,-0.26216565,-0.01093552,0.15935687,0.43968976,11.142159
2065,3065000.0,5.4150647,1.5205903,3.8944744,-0.27630261,1.0140544,1.1832151,0.77984134,-0.61728395,0.5,2.6964848,3.9101728,3.9862948,0.19298681,0.013544915,-0.25109047,-0.044130421,2.5401851,2.3670443,0.67138278,0.15,1.6741685,0.5,0.037299044,13.405169,2.5012057,32.30635,0.055390089,-0.20363585,-0.0055407224,0.13732644,-1.707269,5.8448436
2066,3066000.0,5.4869675,1.5106627,3.9763049,-0.24668276,1.0074338,1.1510022,0.80876816,-0.61728395,0.5,2.7299621,3.9382936,3.9519657,0.29962693,0.054233411,0.34224109,-0.0067854117,2.5678647,2.4094906,0.66469527,0.15,1.6537726,0.5,0.036927515,13.540039,2.4801006,32.30635,-0.013390985,-0.15706886,0.013755533,0.16790857,-2.9991879,-4.6931238
2067,3067000.0,5.3945613,1.5031985,3.8913628,-0.25810044,1.0024561,1.1637173,0.77920786,-0.61728395,0.5,2.6580906,3.8269987,3.908431,0.23884207,0.017484432,0.16074152,-0.036863796,2.5019179,2.3340788,0.65195207,0.15,1.6198999,0.5,0.036219559,13.804696,2.4727141,32.30635,0.0027464206,-0.23382177,0.014508394,0.24874144,1.222989,0.4095183
2068,3068000.0,5.4252329,1.531823,3.8934099,-0.25494593,1.0215453,1.1693328,0.8170294,-0.61728395,0.5,2.6757444,3.923794,3.935071,0.16836837,0.018455861,0.073489478,0.0051890718,2.5119913,2.3501692,0.64382439,0.15,1.6276957,0.5,0.035768022,13.978967,2.4986659,32.30635,0.032145594,-0.24463506,0.021750507,0.20891866,0.48140269,5.9802582
2069,3069000.0,5.4140816,1.5323503,3.8817312,-0.26750611,1.021897,1.184685,0.79654275,-0.61728395,0.5,2.5469696,3.8372054,3.8030605,0.0006430589,0.015661916,-0.24123986,-0.0092504785,2.3873226,2.2171199,0.63868368,0.15,1.685996,0.5,0.035482427,14.091483,2.476423,32.30635,-0.015349283,-0.14097427,-0.013444436,0.15870526,1.2748045,-0.73256776
2070,3070000.0,5.4184087,1.539788,3.8786207,-0.26513144,1.026857,1.1871631,0.80495443,-0.61728395,0.5,2.728933,3.8924196,3.9996037,0.29477559,-0.0025093784,-0.21552053,0.0055807224,2.5676,2.3983932,0.63685183,0.15,1.7451242,0.5,0.035380657,14.132016,2.4939802,32.30635,-0.0067294029,-0.20090384,-0.017498936,0.13376833,1.6650324,-1.7859002
2071,3071000.0,5.419774,1.5245897,3.8951843,-0.27216848,1.0167215,1.1621512,0.81547732,-0.61728395,0.5,2.8587031,4.0412129,4.0498464,0.48504991,0.040906688,-0.34533298,-0.11453151,2.695261,2.5351274,0.64473158,0.15,1.7742443,0.5,0.035818421,13.959298,2.4895346,32.30635,0.019661916,-0.20298026,-0.0087360426,0.20859498,2.0259564,-1.780192
2072,3072000.0,5.4363352,1.5018525,3.9344827,-0.22624346,1.0015585,1.1595445,0.78285934,-0.61728395,0.5,2.6631238,3.9893817,3.8991007,0.10088891,0.072331838,-0.00072920244,0.096621109,2.5062192,2.3402738,0.65040937,0.15,1.737433,0.5,0.036133854,13.837439,2.4806769,32.30635,-0.020607853,-0.16127982,-0.041917619,0.18511194,-0.80007005,0.21843424
2073,3073000.0,5.4420454,1.5307727,3.9112727,-0.26132976,1.0208449,1.2038806,0.76736193,-0.61728395,0.5,2.4592441,3.7224915,3.7958673,-0.14062654,-0.00080643956,-0.12943761,-0.033257716,2.3054456,2.1240497,0.655784,0.15,1.7486651,0.5,0.036432444,13.724031,2.483902,32.30635,0.0055515998,-0.16744471,0.010826012,0.17185444,0.44470378,-1.250334
2074,3074000.0,5.459578,1.5434157,3.9161623,-0.25660543,1.0292763,1.1831953,0.81624844,-0.61728395,0.5,2.6127412,3.8946369,3.8844635,0.059123173,-0.049552176,0.14712776,-0.0047806505,2.4491446,2.2833062,0.658211,0.15,1.6734121,0.5,0.036567278,13.673427,2.4860615,32.30635,0.0039786648,-0.18053982,0.005707782,0.14836132,-0.87518337,4.4369295
2075,3075000.0,5.4520498,1.5346021,3.9174477,-0.26232469,1.0233987,1.1889244,0.79424236,-0.61728395,0.5,2.8325703,4.0117778,4.0293897,0.45654349,-0.004740216,0.054506442,-0.10319627,2.6733843,2.5015402,0.65827667,0.15,1.680573,0.5,0.036570926,13.672063,2.5011641,32.30635,-0.0065220024,-0.14905065,-0.003619376,0.19415139,-1.5013759,-1.2237053
2076,3076000.0,5.4319617,1.508217,3.9237447,-0.26800076,1.0058029,1.1755753,0.77073347,-0.61728395,0.5,2.9194758,4.0309579,4.1587147,0.56875476,0.082927417,-0.49257836,0.11731235,2.7650016,2.5921624,0.653569,0.15,1.7151684,0.5,0.036309389,13.770543,2.4759795,32.30635,0.025001551,-0.19999054,-0.021891413,0.22639701,3.7299724,1.6471769
2077,3077000.0,5.4463569,1.5380956,3.9082613,-0.26834659,1.0257284,1.207607,0.77385664,-0.61728395,0.5,2.5481668,3.7821263,3.8232053,0.039168909,0.0045461335,0.1342836,-0.034179736,2.3930666,2.2119349,0.65078908,0.15,1.6859016,0.5,0.036154949,13.829366,2.4762186,32.30635,-0.023713585,-0.15926791,0.0032095554,0.20655971,-1.3044002,2.5202227
2078,3078000.0,5.4400713,1.5324827,3.9075886,-0.25458298,1.0219853,1.2009928,0.77409913,-0.61728395,0.5,2.8967747,4.1654987,4.0877527,0.43707276,-0.0082449318,-0.17552012,0.14644275,2.7416259,2.5623844,0.64477481,0.15,1.6722792,0.5,0.035820823,13.958362,2.4896354,32.30635,-0.0068678186,-0.15012894,-0.0028622291,0.1708726,0.80186528,0.81108323
2079,3079000.0,5.4402022,1.5455559,3.8946463,-0.25644907,1.0307035,1.1892397,0.81126277,-0.61728395,0.5,2.8679404,4.1025439,4.021748,0.4795294,0.0087198944,0.11348946,0.024280333,2.7053431,2.5368225,0.6453682,0.15,1.6732132,0.5,0.035853789,13.945527,2.5102993,32.30635,-0.031010673,-0.18472119,0.016538777,0.15300803,-0.88263245,-2.6102223
2080,3080000.0,5.4695362,1.5492628,3.9202734,-0.25449986,1.0331755,1.1823559,0.82673362,-0.61728395,0.5,2.6742575,3.8533053,3.9093134,0.26015385,-0.047094422,0.067745421,-0.05514551,2.5085594,2.3450563,0.64748454,0.15,1.6471379,0.5,0.035971364,13.899946,2.4746869,32.30635,0.0084106277,-0.19118309,-0.018655339,0.16504859,-1.9860427,-0.1573855
2081,3081000.0,5.4271838,1.5480931,3.8790907,-0.25866967,1.0323955,1.1971858,0.80426787,-0.61728395,0.5,2.7043581,3.8627823,4.0545355,0.19575647,0.0085147609,-0.093034433,-0.11243769,2.5431627,2.3710278,0.64745831,0.15,1.7048103,0.5,0.035969906,13.900509,2.4989811,32.30635,-0.019549047,-0.14017169,0.00080283139,0.17156421,1.1129333,-1.8403145
2082,3082000.0,5.4416042,1.5400163,3.9015878,-0.26295684,1.0270093,1.1892643,0.80239946,-0.61728395,0.5,3.0242024,4.1390927,4.2093951,0.72411959,-0.0066289691,-0.17739618,-0.093460566,2.8633815,2.6930777,0.64570357,0.15,1.7280054,0.5,0.035872421,13.938284,2.4798849,32.30635,-0.013118402,-0.20337136,5.8156488e-05,0.16187388,-2.4814126,2.6040116
2083,3083000.0,5.4209976,1.5274569,3.8935408,-0.27259293,1.0186336,1.1732669,0.80460523,-0.61728395,0.5,2.5475937,3.7918871,3.8263905,0.024503424,0.061550331,-0.18079378,0.096306677,2.3863307,2.2209231,0.64580591,0.15,1.7500178,0.5,0.035878106,13.936076,2.4787958,32.30635,-0.0011046565,-0.21921926,-0.020867065,0.18469529,0.21836384,-5.8207004
2084,3084000.0,5.4184681,1.5275141,3.890954,-0.25739119,1.0186718,1.1864551,0.78637561,-0.61728395,0.5,2.7937435,4.0553487,3.9500708,0.37581109,0.0029474731,0.23579621,0.023187026,2.6361342,2.4634009,0.65204194,0.15,1.7473248,0.5,0.036224552,13.802793,2.4839809,32.30635,-0.012704788,-0.10690388,0.020403936,0.18671102,-2.3612693,0.16666623
2085,3085000.0,5.4134811,1.5048014,3.9086797,-0.25581344,1.0035251,1.1666153,0.7777368,-0.61728395,0.5,2.9776054,4.0799811,4.1370724,0.71576284,-0.024432594,-0.041195896,-0.076441229,2.8217276,2.6527868,0.65989574,0.15,1.7401166,0.5,0.036660875,13.638518,2.4893029,32.30635,-0.0022832658,-0.16983527,0.025430687,0.18487125,1.356225,3.4209883
2086,3086000.0,5.4069421,1.4940098,3.9129324,-0.25806327,0.99632831,1.1612987,0.76792263,-0.61728395,0.5,2.8715221,4.1531429,4.0345613,0.42686223,-0.019647416,-0.0016257746,0.13159203,2.7176112,2.5481838,0.65923582,0.15,1.699222,0.5,0.036624212,13.652171,2.4661601,32.30635,0.0061748251,-0.20485787,0.022106885,0.18226008,-0.15487165,1.1349738
2087,3087000.0,5.4646986,1.5402197,3.9244789,-0.26093544,1.0271449,1.1833616,0.81092341,-0.61728395,0.5,2.8338354,4.0244651,4.0824065,0.39463464,-0.011171058,0.28188137,-0.0164733,2.6713061,2.5043541,0.6528753,0.15,1.7173899,0.5,0.03627085,13.785175,2.5056201,32.30635,-0.0024608239,-0.18497663,0.025069482,0.23416782,-1.6945659,0.90895614
2088,3088000.0,5.4377896,1.5511,3.8866896,-0.28065021,1.0344008,1.1861072,0.8244506,-0.61728395,0.5,2.3704731,3.7443256,3.7035151,-0.33642149,-0.087288946,-0.31021378,0.015193758,2.2052326,2.0402273,0.64891602,0.15,1.7600094,0.5,0.03605089,13.869283,2.4779244,32.30635,0.0047097026,-0.17364824,0.030655204,0.15464206,5.6160932,-4.9791149
2089,3089000.0,5.4371313,1.5225825,3.9145488,-0.26118331,1.0153829,1.1753105,0.79399741,-0.61728395,0.5,2.4821783,3.698989,3.772973,-0.025427138,-0.026585713,0.11209103,-0.014690106,2.3230414,2.1549387,0.64636593,0.15,1.7515818,0.5,0.035909218,13.924001,2.47661,32.30635,-0.017687658,-0.24040912,-0.017868104,0.1533718,1.3002574,-1.8206899
2090,3090000.0,5.4611474,1.5499369,3.9112105,-0.23759225,1.0336251,1.1952791,0.80985537,-0.61728395,0.5,2.6015373,3.8926358,3.8238304,0.088145703,0.022952633,0.25582953,-0.013005399,2.4392221,2.2687379,0.64659161,0.15,1.7263859,0.5,0.035921756,13.919141,2.4979991,32.30635,0.0075290574,-0.18419166,-0.013155254,0.14182824,-4.0606816,-3.3268844
2091,3091000.0,5.4708013,1.5589868,3.9118145,-0.24985779,1.0396604,1.2021227,0.81477229,-0.61728395,0.5,2.8949645,4.0317871,4.0273338,0.62577243,0.019769686,-0.10836569,-0.028940505,2.7316637,2.5602596,0.64341759,0.15,1.738403,0.5,0.035745421,13.987805,2.5018406,32.30635,-0.016122242,-0.18858999,0.014400645,0.19039976,-0.81894999,1.6119955
2092,3092000.0,5.4812955,1.5702133,3.9110822,-0.28086838,1.0471471,1.2143549,0.81567239,-0.61728395,0.5,2.6256421,3.8629257,3.8529372,0.16106347,0.0043255923,-0.32027756,0.088190085,2.462161,2.2875315,0.64501612,0.15,1.7538633,0.5,0.035834229,13.95314,2.4715665,32.30635,-0.016606057,-0.15496454,-0.0030024575,0.1777163,3.1446652,2.1965587
2093,3093000.0,5.4647724,1.5499682,3.9148042,-0.24526852,1.033646,1.18506,0.82410139,-0.61728395,0.5,3.0839517,4.2117554,4.2258191,0.81428075,0.022772872,-0.33987913,-0.062071725,2.9187812,2.7539976,0.65200071,0.15,1.7076835,0.5,0.036222262,13.803666,2.5027478,32.30635,0.01935338,-0.18072568,-0.015427749,0.18867862,1.8453602,6.248665
2094,3094000.0,5.411766,1.5236033,3.8881627,-0.26726805,1.0160637,1.1865209,0.78005103,-0.61728395,0.5,2.6177724,3.8735145,3.8835108,0.096291795,0.055713373,0.040300018,-0.099135606,2.4614307,2.2874115,0.65705523,0.15,1.7203959,0.5,0.036503068,13.697479,2.496779,32.30635,-0.031087971,-0.22329256,-0.016979052,0.18181771,-2.8604044,-1.4220747
2095,3095000.0,5.438319,1.5353992,3.9029197,-0.2689011,1.0239302,1.1858488,0.79978534,-0.61728395,0.5,2.6944797,3.9483817,3.9327315,0.202326,0.014737527,0.080689228,0.049467822,2.5341828,2.364306,0.66004976,0.15,1.7048964,0.5,0.036669431,13.635336,2.4710818,32.30635,-0.002553754,-0.16315352,0.0081395425,0.20807186,-1.6358546,6.3902042
2096,3096000.0,5.4322045,1.5416609,3.8905436,-0.25064799,1.028106,1.1908463,0.80282283,-0.61728395,0.5,3.0220814,4.212308,4.1953238,0.65861255,0.015359825,-0.1222485,0.044312212,2.8611757,2.6905162,0.65884806,0.15,1.697344,0.5,0.03660267,13.660206,2.4877436,32.30635,-0.023455702,-0.17751817,0.007858088,0.16748166,-1.3965218,2.3265947
2097,3097000.0,5.4245191,1.5531269,3.8713921,-0.27295415,1.0357525,1.1678857,0.85299425,-0.61728395,0.5,2.7600756,4.0300146,3.9846843,0.26552782,0.013286975,-0.30527634,0.055401842,2.5891142,2.4349032,0.64820514,0.15,1.6823863,0.5,0.036011397,13.884493,2.4823611,32.30635,0.023788662,-0.1814144,0.013599742,0.13629755,3.6729825,-1.29801
2098,3098000.0,5.4186665,1.5186931,3.8999733,-0.25743711,1.0127892,1.157778,0.81215446,-0.61728395,0.5,2.6267218,3.9116391,3.8547799,0.11374638,-0.039343014,-0.069253922,0.011322743,2.4639457,2.3043637,0.6419696,0.15,1.6815507,0.5,0.035664978,14.019355,2.4846193,32.30635,0.0077854161,-0.20299875,0.0077706332,0.15685836,1.8281663,-0.19096859
2099,3099000.0,5.4423477,1.520209,3.9221387,-0.24542141,1.0138001,1.1517153,0.82299266,-0.61728395,0.5,2.9247574,4.1439262,4.053804,0.57654204,-0.02949447,0.091012365,0.056128546,2.7598091,2.6040874,0.63628695,0.15,1.7108926,0.5,0.035349275,14.144562,2.5015327,32.30635,0.013477293,-0.21387974,0.011074481,0.19830689,1.0571516,-0.28682384
2100,3100000.0,5.4616986,1.5117976,3.9499011,-0.24959097,1.0081907,1.1535379,0.80705438,-0.61728395,0.5,2.6787303,3.8605031,3.8949562,0.28073157,-0.028517019,0.056065869,-0.0095257019,2.5169764,2.3575528,0.64085135,0.15,1.7210193,0.5,0.035602853,14.043819,2.4959405,32.30635,-0.00020299328,-0.1680874,0.010398646,0.24722055,-1.2235946,0.19059733
2101,3101000.0,5.3919059,1.5467134,3.8451924,-0.26323603,1.0314755,1.2158654,0.77611942,-0.61728395,0.5,2.701053,3.8766865,4.0263202,0.20015217,-0.010514927,-0.075064139,0.03263137,2.5454992,2.3625217,0.64653998,0.15,1.7447658,0.5,0.035918888,13.920253,2.4813281,32.30635,-0.025756928,-0.17613473,-0.024868802,0.21910933,-0.48939144,2.7582788
2102,3102000.0,5.4464747,1.538903,3.9075717,-0.26141154,1.0262668,1.1693959,0.82822598,-0.61728395,0.5,2.6306053,3.8823288,3.8529926,0.15649437,0.0002538318,0.1265043,0.046653868,2.4646081,2.3050124,0.65020242,0.15,1.6764693,0.5,0.036122357,13.841843,2.5104969,32.30635,-0.014674146,-0.2255835,-0.03447707,0.23218674,0.45033411,0.59355856
2103,3103000.0,5.4393095,1.5260845,3.913225,-0.25266582,1.0177184,1.1773815,0.79670202,-0.61728395,0.5,2.8774532,4.0778067,4.1080093,0.44654373,-0.027335386,0.037696657,0.05096818,2.7177742,2.549637,0.66004896,0.15,1.7150015,0.5,0.036669387,13.635352,2.4721623,32.30635,-0.013737982,-0.16586881,-0.018739268,0.14728452,0.74503338,5.7853644
2104,3104000.0,5.432,1.5517437,3.8802563,-0.26235127,1.0348301,1.1962527,0.81138266,-0.61728395,0.5,2.7153828,3.9810376,3.948821,0.21628986,0.025349996,0.024507046,0.0092598186,2.5527614,2.3823123,0.66372201,0.15,1.7347491,0.5,0.036873445,13.559894,2.479391,32.30635,-0.006349508,-0.23714579,-0.022927981,0.18432316,3.555989,0.20191521
2105,3105000.0,5.4708243,1.545805,3.9250192,-0.27075759,1.0308697,1.178613,0.8264223,-0.61728395,0.5,2.8544693,3.9825397,4.1160562,0.46481216,-0.042441974,-0.14321385,-0.10031858,2.6888337,2.5263102,0.65806959,0.15,1.722837,0.5,0.036559422,13.676365,2.4884213,32.30635,-0.0071737878,-0.11562628,0.0069630997,0.14263603,2.6441562,4.9684476
2106,3106000.0,5.4210724,1.5444011,3.8766713,-0.27425207,1.0299334,1.2070433,0.78468958,-0.61728395,0.5,2.5710931,3.8299543,3.8682247,0.015100401,-0.011136465,-0.11250423,-0.10029607,2.4138217,2.2350182,0.65765808,0.15,1.7378891,0.5,0.03653656,13.684923,2.511461,32.30635,0.0043004746,-0.22437189,-0.008223279,0.20902814,2.5347694,0.54006363
2107,3107000.0,5.4467961,1.5397335,3.9070626,-0.24842369,1.0268207,1.187818,0.80395788,-0.61728395,0.5,2.9080321,4.0982292,4.150393,0.47547418,-0.0024718357,-0.1770514,0.06169912,2.7468989,2.5773101,0.64870645,0.15,1.7021598,0.5,0.036039247,13.873764,2.4952144,32.30635,-0.029578128,-0.17349383,0.0083694455,0.16586431,1.1579213,-0.34690316
2108,3108000.0,5.419049,1.5422465,3.8768025,-0.27319692,1.0284965,1.178644,0.8207075,-0.61728395,0.5,3.0301021,4.1732384,4.2236078,0.69345993,-0.0061573372,-0.15536602,0.1795587,2.8656118,2.7019343,0.64352322,0.15,1.7046079,0.5,0.03575129,13.985509,2.4973408,32.30635,-0.007811772,-0.19088049,-0.018506639,0.21088214,-4.4926956,1.7082575
2109,3109000.0,5.4089223,1.5125399,3.8963823,-0.25036273,1.0086858,1.1636697,0.79416267,-0.61728395,0.5,2.8559081,4.0782688,4.0258832,0.46357236,0.0033535283,-0.043126089,-0.099108161,2.6967381,2.5319096,0.63810107,0.15,1.691596,0.5,0.035450059,14.104349,2.4795625,32.30635,0.023216414,-0.2224852,0.0038846819,0.19910688,-3.759008,0.49961426
2110,3110000.0,5.4153144,1.5264241,3.8888904,-0.24927743,1.0179448,1.173249,0.80298402,-0.61728395,0.5,2.5683365,3.8197025,3.8781239,0.0071831581,-0.0069465053,-0.32202567,-0.086894103,2.4073985,2.2416709,0.63695766,0.15,1.7326157,0.5,0.035386537,14.129667,2.4920408,32.30635,-0.011101423,-0.16968505,-0.0013339618,0.20722104,5.4277283,5.2129793
2111,3111000.0,5.4409798,1.5118692,3.9291106,-0.25218965,1.0082385,1.1769018,0.77471174,-0.61728395,0.5,2.7381031,3.9716099,3.9805147,0.26218479,-0.007518013,0.014505264,0.019193348,2.5828315,2.4104204,0.6307569,0.15,1.6973263,0.5,0.03504205,14.268572,2.4652299,32.30635,-0.0030651133,-0.15508466,0.00012420924,0.15082178,1.7213023,2.5989987
2112,3112000.0,5.4655792,1.5463143,3.919265,-0.28284625,1.0312092,1.1905996,0.81058221,-0.61728395,0.5,2.7701574,3.9233385,4.0024063,0.38472758,0.0035415985,0.13558222,0.018032832,2.6076965,2.4386609,0.6418526,0.15,1.7074408,0.5,0.035658478,14.021911,2.4734777,32.30635,0.0025097717,-0.14369558,-0.0036569197,0.20279644,0.19270185,-0.94925046
2113,3113000.0,5.4608511,1.525864,3.9349871,-0.25966434,1.0175713,1.1909583,0.77748975,-0.61728395,0.5,2.8466716,3.989782,4.0932986,0.45693423,-0.013611359,-0.18484151,0.079750776,2.6908432,2.5150752,0.64382019,0.15,1.6919538,0.5,0.035767788,13.979058,2.4746237,32.30635,-0.0092224832,-0.23148219,-0.0098363374,0.15712275,-0.87051975,1.4030395
2114,3114000.0,5.435329,1.5419662,3.8933628,-0.25808226,1.0283096,1.1834895,0.81352946,-0.61728395,0.5,2.7284323,3.977509,3.9443814,0.26340637,0.00044109671,-0.1232167,0.013375472,2.5653806,2.3989154,0.65699546,0.15,1.661592,0.5,0.036499748,13.698725,2.5022695,32.30635,0.023472405,-0.15979895,0.05802177,0.22471334,0.34982378,6.8825639
2115,3115000.0,5.4495615,1.5558438,3.8937177,-0.27529702,1.0375643,1.1894302,0.8273951,-0.61728395,0.5,2.8426623,4.0228157,4.0301962,0.47497497,-0.0081328975,0.11109996,-0.0005578902,2.6768316,2.5114913,0.65775293,0.15,1.6888195,0.5,0.036541829,13.682949,2.4742782,32.30635,-0.022267769,-0.16847405,0.035087686,0.16477329,-2.1180423,-2.9305311
2116,3116000.0,5.4403768,1.5303253,3.9100515,-0.25942632,1.0205465,1.1715607,0.81154729,-0.61728395,0.5,2.957592,4.1334739,4.1798407,0.55946137,0.073336417,-0.31900224,0.065501817,2.7949376,2.6313964,0.66198171,0.15,1.7247474,0.5,0.036776761,13.595542,2.5143381,32.30635,0.0052650618,-0.22506976,-0.013760338,0.16580931,2.7861214,-4.0695853
2117,3117000.0,5.4437306,1.526116,3.9176147,-0.25753373,1.0177394,1.1821335,0.79015071,-0.61728395,0.5,2.5829789,3.8822644,3.8379009,0.028771514,0.0069498158,0.075222792,0.064419377,2.424613,2.2538396,0.65731294,0.15,1.6628445,0.5,0.036517386,13.692108,2.4846024,32.30635,0.010586833,-0.15366354,-0.017110638,0.14331998,1.7754627,1.5482653
2118,3118000.0,5.4480684,1.5509042,3.8971642,-0.25022016,1.0342702,1.1811054,0.83108704,-0.61728395,0.5,2.6223125,3.9737465,3.8057221,0.087468986,-0.01047151,-0.1775589,-0.035788375,2.4557419,2.2934594,0.65455417,0.15,1.6922714,0.5,0.03636412,13.749817,2.4957573,32.30635,0.0043158773,-0.19214173,-0.0085495439,0.1947397,6.858289,0.9735518
2119,3119000.0,5.4548841,1.5547221,3.900162,-0.24542888,1.0368163,1.1986222,0.81283776,-0.61728395,0.5,2.6784452,3.951234,3.8678096,0.21629191,-0.045378889,0.27075447,-0.076596921,2.5155322,2.3447149,0.64720779,0.15,1.7527033,0.5,0.035955988,13.90589,2.4879335,32.30635,-0.0018916509,-0.13851275,-0.026684286,0.16958898,-1.6060599,-3.0620782
2120,3120000.0,5.4439835,1.5562866,3.887697,-0.26017311,1.0378596,1.2004601,0.81277813,-0.61728395,0.5,2.8033583,4.0673739,4.014591,0.32811011,0.023346519,0.11514523,-0.044376843,2.6404573,2.4691163,0.63548346,0.15,1.7505643,0.5,0.035304637,14.162446,2.478482,32.30635,0.014903663,-0.20149079,-0.0029098696,0.1580967,0.46525383,-2.3294413
2121,3121000.0,5.4326646,1.5124815,3.9201831,-0.2444722,1.0086468,1.1594714,0.79990168,-0.61728395,0.5,2.9452313,4.1276349,4.1455592,0.56249986,-0.019325542,0.21172514,0.017038163,2.784911,2.6224017,0.63278146,0.15,1.7699277,0.5,0.035154526,14.22292,2.4831853,32.30635,0.016867541,-0.15594139,-0.0080838578,0.18513754,-2.1107169,5.9391259
2122,3122000.0,5.5019426,1.5558231,3.9461195,-0.24749001,1.0375505,1.1749522,0.84747483,-0.61728395,0.5,2.3985377,3.6984277,3.7360744,-0.23888903,-0.013243521,-0.078029322,-0.016974389,2.2286826,2.0713978,0.63421812,0.15,1.7761994,0.5,0.03523434,14.190701,2.4935759,32.30635,0.0040633366,-0.16019393,-0.014546771,0.174077,0.44848248,-9.5077747
2123,3123000.0,5.4464136,1.5424529,3.9039607,-0.26129665,1.0286342,1.2064324,0.78243304,-0.61728395,0.5,2.6535796,3.9646027,3.8923109,0.103825,0.0044957475,-0.1209086,0.038473859,2.4967604,2.3176747,0.6392116,0.15,1.7117149,0.5,0.035511755,14.079845,2.4930994,32.30635,-0.022066109,-0.14379548,0.01803999,0.17919279,1.7267398,2.3667189
2124,3124000.0,5.513662,1.5471828,3.9664792,-0.24399149,1.0317885,1.2024463,0.79550917,-0.61728395,0.5,3.0313947,4.221306,4.1850284,0.68784965,0.0028578374,-0.08054475,0.13942187,2.8719548,2.6965997,0.64670873,0.15,1.6863834,0.5,0.035928263,13.916621,2.4884094,32.30635,-0.013561787,-0.14763805,0.021515748,0.15312145,-1.2223811,9.429652
2125,3125000.0,5.469935,1.5705816,3.8993534,-0.26683487,1.0473927,1.2203952,0.80786825,-0.61728395,0.5,2.9020061,4.069518,4.1122191,0.52428126,0.042109368,-0.31803706,0.018647786,2.7400891,2.5622136,0.65669149,0.15,1.6957102,0.5,0.03648286,13.705066,2.4890057,32.30635,-0.0083793223,-0.1513487,-0.011385236,0.13102675,-0.00647107,5.1809172
2126,3126000.0,5.4752911,1.554837,3.9204541,-0.24389157,1.0368929,1.2102528,0.79686389,-0.61728395,0.5,2.9206531,4.2035088,4.1163049,0.44214565,0.019662255,-0.090589231,0.02710739,2.7609417,2.5836846,0.65727609,0.15,1.6984058,0.5,0.036515339,13.692876,2.4635508,32.30635,-0.010046006,-0.17181533,-0.0086375297,0.17535698,-1.8509302,2.1784867
2127,3127000.0,5.4254065,1.5345624,3.8908441,-0.26363466,1.0233721,1.2082238,0.76736843,-0.61728395,0.5,2.5837644,3.8613797,3.8806057,0.0093077703,0.009474489,-0.13639709,-0.010807462,2.4299646,2.2473608,0.65826782,0.15,1.7174975,0.5,0.036570434,13.672247,2.4977134,32.30635,-0.021006961,-0.17404706,-0.019263366,0.16221946,2.7384517,-4.5263036
2128,3128000.0,5.4555885,1.5469832,3.9086053,-0.26313832,1.0316554,1.1757881,0.83222436,-0.61728395,0.5,2.6889601,3.9381542,3.91512,0.21360617,-0.011412482,0.21024829,0.015194376,2.5221615,2.3615875,0.65046128,0.15,1.7350792,0.5,0.036136738,13.836335,2.4830219,32.30635,-0.02883051,-0.20356334,0.0070053433,0.17861512,0.78738624,-1.0427603
2129,3129000.0,5.4405286,1.534183,3.9063456,-0.25552488,1.0231192,1.1862612,0.79727408,-0.61728395,0.5,2.8979104,4.0526825,4.1273311,0.5137177,-0.0097277644,0.074875201,-0.022300755,2.7381168,2.5676218,0.64380765,0.15,1.7237764,0.5,0.035767092,13.979331,2.4827449,32.30635,-0.0094973126,-0.1470607,0.0036088695,0.1337757,3.3807864,7.2040236
2130,3130000.0,5.4429316,1.5290517,3.9138798,-0.28455449,1.0196972,1.1670023,0.81584996,-0.61728395,0.5,2.5950699,3.830286,3.8951331,0.059790648,0.035111031,-0.23149119,-0.088415126,2.4315532,2.2701436,0.64479155,0.15,1.7131227,0.5,0.035821753,13.957999,2.4851174,32.30635,0.020269228,-0.14699418,0.012114467,0.16439806,1.4572107,-0.43654528
2131,3131000.0,5.4191886,1.5023888,3.9167998,-0.26517584,1.0019161,1.1738054,0.76390309,-0.61728395,0.5,2.6967139,3.8971382,3.8867125,0.30629089,-0.042858134,-0.10413585,-0.073478806,2.5436086,2.3698933,0.64667367,0.15,1.6893371,0.5,0.035926315,13.917375,2.4829515,32.30635,0.012041478,-0.17118841,-0.03901842,0.27236494,-0.13230747,2.6256648
2132,3132000.0,5.4171266,1.5557154,3.8614113,-0.26383753,1.0374787,1.2008816,0.8112823,-0.61728395,0.5,2.7313141,4.0268498,4.0235573,0.1435352,0.012135169,-0.31034347,0.010779087,2.5687128,2.3969548,0.64834491,0.15,1.7198285,0.5,0.036019162,13.8815,2.4863388,32.30635,-0.0071755242,-0.17212065,0.023230764,0.1431111,-2.923336,-9.9795907
2133,3133000.0,5.4144793,1.5398918,3.8745874,-0.26727873,1.0269263,1.1973132,0.79101953,-0.61728395,0.5,2.6411416,3.8267837,3.9330945,0.16354656,0.060726302,-0.12454916,0.092026352,2.4826015,2.3077758,0.65845327,0.15,1.6875478,0.5,0.036580737,13.668396,2.4758991,32.30635,-0.0091206808,-0.17646042,-0.022469597,0.18137741,-1.2210631,1.9648155
2134,3134000.0,5.4489142,1.5242275,3.9246867,-0.24812918,1.01648,1.1551434,0.82463515,-0.61728395,0.5,2.6111254,3.9632532,3.8596236,0.010499408,-0.03568271,-0.15075728,0.016823982,2.4458479,2.2895009,0.65961528,0.15,1.6694376,0.5,0.036645293,13.644317,2.5029854,32.30635,0.012792401,-0.16685754,-0.0067372297,0.19293232,3.270275,-1.912691
2135,3135000.0,5.4424929,1.5235181,3.9189749,-0.25113196,1.0160069,1.1782131,0.79145629,-0.61728395,0.5,2.9813226,4.1139852,4.2060099,0.62397261,-0.018195342,-0.19831598,0.018154592,2.822695,2.6532748,0.65822807,0.15,1.6587031,0.5,0.036568226,13.673072,2.4798643,32.30635,-0.010501472,-0.18582598,0.00089167051,0.13592188,1.7343574,2.3738877
2136,3136000.0,5.418865,1.5290457,3.8898193,-0.25331084,1.0196932,1.1888575,0.78547933,-0.61728395,0.5,2.6929217,3.9920242,3.8674345,0.21930642,0.047189845,0.022206942,0.017747043,2.535492,2.3619102,0.65592068,0.15,1.6906506,0.5,0.036440038,13.721171,2.4862469,32.30635,-0.017770976,-0.23331211,-0.015139875,0.15366934,2.4709914,-3.2215319
2137,3137000.0,5.4212347,1.5692388,3.8519958,-0.2652171,1.0464972,1.2066681,0.82479764,-0.61728395,0.5,2.7892633,4.0251883,3.9839943,0.35860747,-0.060284816,0.041662153,-0.21931546,2.6239533,2.4532929,0.64689784,0.15,1.675431,0.5,0.035938769,13.912552,2.4877963,32.30635,-0.015439491,-0.18162086,0.015096689,0.17683989,-1.1508623,3.8993218
2138,3138000.0,5.4276845,1.5464314,3.8812531,-0.25687089,1.0312874,1.2096139,0.78435447,-0.61728395,0.5,2.7399852,3.9900271,3.9763333,0.25359531,-0.069254554,0.068552296,0.036536142,2.582781,2.4031946,0.64323995,0.15,1.726895,0.5,0.035735553,13.991668,2.4889431,32.30635,0.0020257975,-0.12997429,-0.014184735,0.16987512,-0.31504251,-1.3168651
2139,3139000.0,5.4198791,1.53678,3.883099,-0.26931172,1.024851,1.1864917,0.80109298,-0.61728395,0.5,2.7082672,3.9016224,4.0112151,0.21196394,-0.0040354269,-0.086525425,0.057513901,2.5477081,2.3779144,0.63635178,0.15,1.7288004,0.5,0.035352876,14.143121,2.4818124,32.30635,-0.012392335,-0.21462902,0.011315977,0.16066197,1.2334131,3.7539398
2140,3140000.0,5.439613,1.511968,3.927645,-0.24889485,1.0083043,1.181336,0.76870928,-0.61728395,0.5,2.5065521,3.8509085,3.7181315,-0.049383803,-0.017632232,0.014440229,0.065404043,2.3524835,2.1776348,0.63770122,0.15,1.6929814,0.5,0.035427846,14.113192,2.4655242,32.30635,-0.047504887,-0.2147052,-0.030075719,0.21304324,-4.070034,-1.776209
2141,3141000.0,5.4294026,1.5363723,3.8930303,-0.24480249,1.0245791,1.1916325,0.79330162,-0.61728395,0.5,2.7687537,4.0492303,3.9804196,0.2766111,0.019030012,-0.16648181,0.049267974,2.6097562,2.4369695,0.64740608,0.15,1.714864,0.5,0.035967005,13.90163,2.4750763,32.30635,0.0083553135,-0.1654496,-0.016466904,0.27241455,-3.5122104,-5.8292038
2142,3142000.0,5.4582336,1.5321963,3.9260373,-0.25993732,1.0217942,1.1877595,0.79202619,-0.61728395,0.5,2.8951881,4.1273495,4.0468508,0.51136409,0.010283797,-0.069137952,0.10390612,2.7364463,2.5644824,0.65293226,0.15,1.6869597,0.5,0.036274014,13.783972,2.4905393,32.30635,-0.03113795,-0.21421477,0.016206559,0.15988571,-0.89656868,5.8422082
2143,3143000.0,5.4708272,1.5341629,3.9366643,-0.25116331,1.0231057,1.1907157,0.79105372,-0.61728395,0.5,2.7757455,3.9631675,4.0083613,0.35570778,0.0045938738,-0.13841437,0.11803646,2.6171986,2.4442166,0.65534456,0.15,1.7233258,0.5,0.036408031,13.733234,2.4781145,32.30635,-0.012722463,-0.18052998,0.0042639702,0.23030217,1.3509086,5.3492554
2144,3144000.0,5.4770469,1.5816574,3.8953895,-0.26434557,1.054779,1.2171817,0.8299854,-0.61728395,0.5,2.6508225,3.8917773,3.9129476,0.14774263,0.010714186,0.012749641,-0.010844205,2.4844727,2.3119248,0.6541672,0.15,1.7280163,0.5,0.036342622,13.757951,2.4869172,32.30635,-0.02517879,-0.17491983,0.021328187,0.23249151,1.2299269,-5.0927602
2145,3145000.0,5.4347328,1.5236969,3.9110359,-0.23943532,1.0161261,1.1875509,0.77876939,-0.61728395,0.5,2.7508391,3.9472482,4.024383,0.28088607,0.003924639,-0.1170427,-0.059334401,2.5947542,2.4201914,0.64998215,0.15,1.7683254,0.5,0.036110119,13.846534,2.4733542,32.30635,-0.043409313,-0.21072656,0.01433717,0.25749389,-1.7367081,-3.6973419
2146,3146000.0,5.4788245,1.5370468,3.9417777,-0.24946282,1.0250289,1.1841087,0.80482849,-0.61728395,0.5,2.8332186,3.9418564,4.0919542,0.46584525,0.0022004342,-0.0069270466,-0.096800481,2.6719109,2.5035293,0.64279314,0.15,1.7417836,0.5,0.03571073,14.001394,2.4928374,32.30635,-0.017789629,-0.18579774,-0.028508059,0.18824558,2.6282977,1.4388463
2147,3147000.0,5.4941031,1.5822912,3.9118119,-0.2437483,1.0552017,1.2352202,0.80593663,-0.61728395,0.5,2.8063518,4.0053324,4.1037182,0.31000466,-0.00077284284,-0.37167047,0.042113612,2.6448219,2.4624316,0.63629567,0.15,1.7541064,0.5,0.035349759,14.144368,2.4725132,32.30635,0.027766179,-0.18673807,-0.024765188,0.17418689,1.5899984,4.7421169
2148,3148000.0,5.514156,1.585161,3.928995,-0.24090215,1.0571154,1.2253123,0.82427449,-0.61728395,0.5,2.9344304,4.0606073,4.1180728,0.62461109,0.0365078,-0.50721234,-0.018117741,2.7692252,2.5932689,0.63470035,0.15,1.7287441,0.5,0.035261131,14.17992,2.4740378,32.30635,-0.0074752549,-0.18734527,-0.018247481,0.21599856,1.811969,2.7667724
2149,3149000.0,5.4712143,1.4873313,3.9838829,-0.23814398,0.9918746,1.1670265,0.74932136,-0.61728395,0.5,2.8075878,3.9861982,4.0422749,0.39429021,-0.047372518,-0.27864243,-0.15872875,2.6574051,2.4826547,0.63730268,0.15,1.6594971,0.5,0.035405704,14.122018,2.4935495,32.30635,0.021135302,-0.16633979,0.019437407,0.18466768,0.065733996,-4.1359177
2150,3150000.0,5.5253068,1.5619618,3.963345,-0.24897759,1.0416443,1.1983391,0.82476995,-0.61728395,0.5,2.8026348,4.0573006,3.9906757,0.35992807,-0.035656845,-0.15764469,-0.095075194,2.6373303,2.4689833,0.64140434,0.15,1.6238472,0.5,0.035633574,14.031711,2.4779995,32.30635,0.00080386506,-0.24623529,-0.0029616893,0.19472232,-0.54391366,2.6971855
2151,3151000.0,5.533445,1.5818384,3.9516066,-0.25307883,1.0548996,1.2138576,0.83489147,-0.61728395,0.5,2.6063888,3.8188634,3.8769736,0.12332937,0.03935477,-0.27149566,0.091860057,2.4390557,2.2684166,0.64306356,0.15,1.607189,0.5,0.035725753,13.995506,2.4706212,32.30635,0.022192893,-0.15628115,0.0035216671,0.17456121,2.4055034,1.4393118
2152,3152000.0,5.5074984,1.5709847,3.9365136,-0.25619944,1.0476616,1.2018063,0.83433435,-0.61728395,0.5,2.5996435,3.8209048,3.8789948,0.099030983,-0.01527355,0.035623726,-0.034468044,2.4324221,2.2650267,0.64360567,0.15,1.6542092,0.5,0.03575587,13.983718,2.4795742,32.30635,0.007264087,-0.18780468,-0.0053663499,0.18925803,4.1708206,-5.9168089
2153,3153000.0,5.5181609,1.5569067,3.9612541,-0.23695536,1.0382732,1.2162755,0.79179604,-0.61728395,0.5,2.8385857,4.0137872,4.0347914,0.46717858,0.026505958,-0.17922054,0.05015243,2.67989,2.4999403,0.64574154,0.15,1.6993882,0.5,0.03587453,13.937465,2.4944632,32.30635,-0.016363982,-0.15007432,-0.0065189888,0.17390995,7.7009934,-0.18304775
2154,3154000.0,5.4945101,1.5364139,3.9580962,-0.25765821,1.0246069,1.1747682,0.81679557,-0.61728395,0.5,2.6795073,3.9007282,3.9702516,0.16754213,0.018096456,-0.19839065,-0.047563983,2.5158011,2.3524187,0.64054909,0.15,1.6848921,0.5,0.035586061,14.050445,2.4875408,32.30635,0.0056683016,-0.13692646,0.019619502,0.096847355,1.3610497,5.655591
2155,3155000.0,5.5074637,1.5950555,3.9124083,-0.26551355,1.0637139,1.2430657,0.81538172,-0.61728395,0.5,2.4807573,3.7519193,3.8001007,-0.10974795,-0.012579495,-0.14961549,-0.05599626,2.3173344,2.1346527,0.6415295,0.15,1.7528712,0.5,0.035640528,14.028973,2.4884922,32.30635,-1.5297363e-05,-0.16611975,0.010764515,0.19679508,-1.4058356,-1.6459741
2156,3156000.0,5.5069969,1.5509557,3.9560412,-0.24256008,1.0343045,1.2016224,0.80266711,-0.61728395,0.5,2.6658069,3.9122086,3.9230456,0.16216637,0.0068189224,-0.16091089,0.18141529,2.5049323,2.3312413,0.63861372,0.15,1.6824434,0.5,0.03547854,14.093026,2.488575,32.30635,-0.0056816919,-0.15233194,0.0031724663,0.1250295,-0.40110902,-6.4064237
2157,3157000.0,5.5335829,1.5975315,3.9360514,-0.2438808,1.0653651,1.2211887,0.8497193,-0.61728395,0.5,2.7234738,3.976094,3.9812151,0.21311244,0.012855861,0.018079698,0.021821736,2.5531689,2.3834604,0.64391418,0.15,1.6909212,0.5,0.03577301,13.977018,2.4922328,32.30635,-0.029249609,-0.18789221,0.0042410145,0.19505218,-1.0687931,2.9761172
2158,3158000.0,5.4635102,1.5145491,3.9489611,-0.25075791,1.0100257,1.1989105,0.74840884,-0.61728395,0.5,2.9637634,4.1375505,4.1084714,0.6452684,-0.03104884,-0.060867617,0.0069900501,2.8137636,2.6299529,0.64405798,0.15,1.6787818,0.5,0.035780999,13.973897,2.4822027,32.30635,-0.028536947,-0.20201852,-0.028238672,0.165935,0.61381351,6.7126418
2159,3159000.0,5.449022,1.5598987,3.8891233,-0.25788748,1.0402685,1.2069693,0.80949281,-0.61728395,0.5,2.8644055,4.033075,4.0974352,0.4627063,-0.0068264615,0.077922583,-0.097064862,2.7021629,2.5283512,0.64690246,0.15,1.7341461,0.5,0.035939025,13.912453,2.4956645,32.30635,0.0087356379,-0.25679137,0.012090415,0.17355101,0.84215554,0.31383188
2160,3160000.0,5.4627902,1.5379318,3.9248584,-0.24944349,1.0256192,1.1988169,0.78580669,-0.61728395,0.5,2.8535632,4.0580557,4.0757826,0.42685121,0.037586049,-0.15041637,0.13193608,2.6960679,2.5197787,0.64691609,0.15,1.7082291,0.5,0.035939783,13.91216,2.5036848,32.30635,0.032071898,-0.1390844,-0.014451987,0.12402202,-0.18631869,3.5353362
2161,3161000.0,5.4562056,1.5319514,3.9242542,-0.26279972,1.0216309,1.179877,0.80258611,-0.61728395,0.5,2.6680296,3.9136587,3.8953562,0.19507388,0.022112834,-0.17710456,0.025596851,2.5071713,2.3395185,0.64072059,0.15,1.6672256,0.5,0.035595588,14.046684,2.4724581,32.30635,0.0064050122,-0.2327522,0.024674413,0.19988174,-0.11135031,2.9882652
2162,3162000.0,5.4327727,1.5034719,3.9293008,-0.24241299,1.0026385,1.1525919,0.79509902,-0.61728395,0.5,2.8625864,4.0467703,4.042235,0.49875392,0.022856042,-0.13218153,0.12650907,2.7032287,2.5416723,0.63686382,0.15,1.6324413,0.5,0.035381323,14.131749,2.4845927,32.30635,-0.016533314,-0.21377473,0.015122225,0.20461934,-2.7624766,-0.55973614
2163,3163000.0,5.4445861,1.5486277,3.8959584,-0.24246631,1.032752,1.1922097,0.81203262,-0.61728395,0.5,2.7358682,4.0131096,4.0087099,0.1857851,0.010663025,-0.077248316,0.12325478,2.5731166,2.4039234,0.63656964,0.15,1.6305429,0.5,0.03536498,14.13828,2.4790737,32.30635,-0.0043624136,-0.18771401,0.019108634,0.17602189,-1.1142282,2.4407404
2164,3164000.0,5.46983,1.5504864,3.9193436,-0.26750224,1.0339915,1.2040512,0.798545,-0.61728395,0.5,2.6092491,3.8471964,3.8214662,0.15908465,0.015145859,-0.095929595,-0.015759422,2.4492007,2.2740072,0.64493942,0.15,1.6595936,0.5,0.035829968,13.954799,2.5070718,32.30635,-0.014672207,-0.22201476,0.010291504,0.13931964,0.83965561,0.33073738
2165,3165000.0,5.4697313,1.5614842,3.9082471,-0.24861885,1.0413258,1.206448,0.812744,-0.61728395,0.5,2.9058825,4.1248064,4.0818043,0.51103698,0.035245055,0.06508762,-0.0076455887,2.7429883,2.5699734,0.65022093,0.15,1.6417521,0.5,0.036123385,13.841449,2.4781428,32.30635,0.0016529474,-0.159175,-0.0099421464,0.18721408,-1.9842763,2.6823808
2166,3166000.0,5.4647793,1.5667224,3.8980569,-0.2787718,1.0448191,1.2207633,0.80120607,-0.61728395,0.5,2.5491549,3.8431329,3.835076,-0.030744115,0.0083054829,-0.29311993,-0.069713626,2.3885732,2.20926,0.65411959,0.15,1.6464896,0.5,0.036339977,13.758952,2.4788315,32.30635,-0.0095926317,-0.15843754,-0.0099016482,0.11410698,2.2390998,-4.8079699
2167,3167000.0,5.4485947,1.5314032,3.9171915,-0.22744466,1.0212653,1.1957581,0.77965049,-0.61728395,0.5,2.969161,4.2161342,4.1328282,0.5585205,0.011768742,-0.021676824,0.012501358,2.8128995,2.6362282,0.65350269,0.15,1.7218851,0.5,0.036305705,13.77194,2.4749171,32.30635,0.017643828,-0.17400035,0.027782256,0.22982749,-1.1384685,4.2921125
2168,3168000.0,5.4807927,1.5203405,3.9604521,-0.25887482,1.0138878,1.1618674,0.80909911,-0.61728395,0.5,2.8086032,3.986323,4.0398343,0.39965237,-0.019113247,-0.18314825,0.16764333,2.6464396,2.4851065,0.64868618,0.15,1.6827248,0.5,0.036038121,13.874197,2.4753742,32.30635,0.012195143,-0.14400342,-0.0045288282,0.18619165,0.51523226,5.3276238
2169,3169000.0,5.4967951,1.5505097,3.9462855,-0.25812315,1.0340071,1.193351,0.81344676,-0.61728395,0.5,2.6073868,3.8611697,3.8900249,0.070965876,0.0010379649,-0.044965041,-0.14229143,2.4443518,2.2751242,0.64116329,0.15,1.6767594,0.5,0.035620183,14.036986,2.4980562,32.30635,-0.00054344355,-0.14472236,-0.0015981702,0.17630118,2.1101249,-3.1537472
2170,3170000.0,5.4913913,1.5522456,3.9391457,-0.25647237,1.0351648,1.2048974,0.80017338,-0.61728395,0.5,2.5712204,3.794231,3.8693015,0.050128673,-0.011400387,0.019396405,0.048961468,2.4108457,2.235743,0.63466592,0.15,1.6997159,0.5,0.035259218,14.180689,2.4767615,32.30635,-0.005596416,-0.18351155,-0.023596856,0.16106727,-1.2852587,-3.2828388
2171,3171000.0,5.5040798,1.5664074,3.9376724,-0.22443039,1.044609,1.2186175,0.80368494,-0.61728395,0.5,3.0943633,4.3242406,4.2473063,0.71154316,-0.021608327,0.16101012,0.011372816,2.9332848,2.7550658,0.63868113,0.15,1.7132641,0.5,0.035482285,14.091539,2.4910625,32.30635,0.013289997,-0.1690635,0.023960596,0.23488515,-1.8658462,13.205374
2172,3172000.0,5.516161,1.5650519,3.9511091,-0.24750988,1.043705,1.2178552,0.80258346,-0.61728395,0.5,2.6152184,3.8962759,3.8400855,0.10929392,-0.026765361,-0.18644223,-0.0017235418,2.4543606,2.2761332,0.63915098,0.15,1.6573574,0.5,0.035508388,14.08118,2.4900337,32.30635,-0.034942228,-0.17074211,0.013398769,0.20810523,3.2466574,0.0789606
2173,3173000.0,5.4552406,1.5590929,3.8961477,-0.27288056,1.0397311,1.2288785,0.77777239,-0.61728395,0.5,2.783267,4.0441095,4.0058604,0.29983108,0.022483118,-0.042234828,-0.0066924678,2.627382,2.4411125,0.64777323,0.15,1.6858366,0.5,0.035987402,13.893751,2.4664446,32.30635,-0.0072527576,-0.21049464,-0.015866505,0.13997734,0.27987965,-3.2950333
2174,3174000.0,5.441588,1.4851686,3.9564194,-0.25057558,0.9904323,1.1564995,0.76049843,-0.61728395,0.5,2.6969757,3.9058968,3.915719,0.26931125,0.0099648197,-0.11817872,-0.095496459,2.5445528,2.3749736,0.64672971,0.15,1.6428486,0.5,0.035929428,13.916169,2.4722568,32.30635,0.01693211,-0.18135615,-0.02803599,0.24185535,-0.0040156219,-1.7715223
2175,3175000.0,5.4621826,1.541263,3.9209196,-0.24917808,1.0278407,1.1990559,0.79078396,-0.61728395,0.5,2.4920762,3.8252722,3.780217,-0.12926064,0.0035693973,0.18836857,0.015686157,2.3335833,2.1582252,0.64653518,0.15,1.6765188,0.5,0.035918621,13.920356,2.4930146,32.30635,-0.0029003417,-0.16699276,0.0069078313,0.12144432,0.70330162,-4.9834205
2176,3176000.0,5.4767914,1.5513789,3.9254125,-0.26211655,1.0345867,1.2090228,0.79306104,-0.61728395,0.5,2.7619935,3.9758781,3.9761215,0.33398096,-0.0051958583,0.0075962857,0.0036787791,2.6030443,2.4253674,0.6431444,0.15,1.6616788,0.5,0.035730245,13.993747,2.4717727,32.30635,-0.0049734001,-0.19248795,0.01159628,0.179321,-2.2684859,3.1651246
2177,3177000.0,5.4927639,1.5631336,3.9296303,-0.26417177,1.0424258,1.2016655,0.82201667,-0.61728395,0.5,2.6142501,3.866028,3.8588366,0.1178857,-0.011334753,-0.0017799923,-0.026019439,2.4494974,2.2796725,0.64360604,0.15,1.6823364,0.5,0.035755891,13.98371,2.4905382,32.30635,-0.01432956,-0.16941858,-0.0087255182,0.12351909,2.6825242,-0.13220869
2178,3178000.0,5.463059,1.5390678,3.9239912,-0.2548018,1.0263767,1.1948566,0.79311878,-0.61728395,0.5,2.8245098,4.0476732,4.0294042,0.39645181,0.037440038,0.062796392,-0.026490182,2.6655489,2.4918279,0.64015921,0.15,1.6880259,0.5,0.035564401,14.059003,2.4718179,32.30635,0.011556282,-0.20463944,-0.0095795985,0.20483324,-1.0132866,-2.2955102
2179,3179000.0,5.4716263,1.5493369,3.9222893,-0.27269051,1.033225,1.2127774,0.7845907,-0.61728395,0.5,2.770702,3.9053976,4.0136208,0.39308754,0.026765106,-0.2254367,-0.16984197,2.6134504,2.4330305,0.64146864,0.15,1.6576458,0.5,0.035637146,14.030304,2.4705305,32.30635,-0.026407948,-0.16314318,-0.002852578,0.17196058,-0.35027939,3.5389734
2180,3180000.0,5.4789754,1.5612232,3.9177523,-0.243095,1.0411517,1.2330488,0.77537443,-0.61728395,0.5,2.511364,3.8272123,3.816649,-0.10976917,-0.017592761,-0.44872795,0.027115426,2.3559596,2.1680485,0.64728142,0.15,1.6298402,0.5,0.035960079,13.904308,2.4910542,32.30635,-0.016141287,-0.20248562,-0.015614678,0.22948054,3.877896,-2.0305204
2181,3181000.0,5.4987589,1.5630259,3.935733,-0.25815963,1.0423539,1.2221478,0.79339118,-0.61728395,0.5,2.8385178,3.9782201,4.0939514,0.4433818,0.023219049,-0.24744266,-0.08643034,2.6795024,2.4982373,0.65176947,0.15,1.6583489,0.5,0.036209415,13.808563,2.4915527,32.30635,-0.01090153,-0.14035713,0.0084061867,0.19851052,1.1032719,3.6086138
2182,3182000.0,5.5252852,1.6050682,3.9202171,-0.2505939,1.0703912,1.2330602,0.84523961,-0.61728395,0.5,2.7244701,3.9828849,3.943754,0.24677137,-0.016100876,0.042985291,0.15897169,2.5550629,2.3811513,0.65291882,0.15,1.7140692,0.5,0.036273268,13.784256,2.4858506,32.30635,0.014836078,-0.17718411,0.0055400816,0.15466342,-3.4315639,-3.3516223
2183,3183000.0,5.4967639,1.5827758,3.9139882,-0.2627515,1.0555248,1.2057929,0.84758901,-0.61728395,0.5,2.7852661,3.9597922,4.0329203,0.36308575,-0.016940175,0.15255725,0.13824693,2.615388,2.4495393,0.65304593,0.15,1.7208751,0.5,0.036280329,13.781573,2.498491,32.30635,-0.0043849261,-0.18890623,7.8630656e-05,0.2030501,-2.2788063,-3.0492599
2184,3184000.0,5.4961018,1.5815926,3.9145092,-0.27595611,1.0547357,1.231086,0.81056624,-0.61728395,0.5,3.0908853,4.1946809,4.2432377,0.83473737,-0.0099135161,-0.16134618,0.05627407,2.9284276,2.7481162,0.65289462,0.15,1.7350059,0.5,0.036271923,13.784767,2.4668979,32.30635,4.5656459e-05,-0.15973983,0.0055932313,0.20644241,2.377477,12.137773
2185,3185000.0,5.482839,1.5414384,3.9414006,-0.25755786,1.0279576,1.1942442,0.79774798,-0.61728395,0.5,2.6385375,3.9042859,3.9073045,0.10402197,0.0022347043,-0.21510274,-0.043030234,2.4786488,2.3060262,0.65016951,0.15,1.7296603,0.5,0.036120528,13.842544,2.4905088,32.30635,-0.011800493,-0.15783129,0.021108532,0.15797119,2.4859865,-3.3028276
2186,3186000.0,5.4299858,1.5285641,3.9014217,-0.23971075,1.019372,1.1965359,0.77404485,-0.61728395,0.5,2.701244,3.9165188,3.9716256,0.21558767,-0.10625182,-0.13972019,-0.035251453,2.5461061,2.3680946,0.6505011,0.15,1.6915859,0.5,0.03613895,13.835488,2.4698456,32.30635,-0.0061990037,-0.15144583,0.00043563011,0.21415606,-1.7479608,-1.9338065
2187,3187000.0,5.4860246,1.5886159,3.8974086,-0.24945142,1.0594195,1.2262687,0.82845244,-0.61728395,0.5,2.7272287,3.9929802,3.9764034,0.21230237,0.014930713,-0.18105822,-0.13475905,2.5611861,2.3858008,0.64910704,0.15,1.6428935,0.5,0.036061502,13.865202,2.4781329,32.30635,-0.0005752582,-0.27431802,0.023620213,0.15431965,5.9441765,-3.6670822
2188,3188000.0,5.5045267,1.5414717,3.963055,-0.2416498,1.0279798,1.1835108,0.81271177,-0.61728395,0.5,2.6405105,3.8512792,3.8985016,0.17175066,-0.022392147,-0.29781562,0.020187967,2.4776227,2.3109877,0.64477767,0.15,1.6433983,0.5,0.035820982,13.9583,2.4669984,32.30635,-0.012638452,-0.20068256,0.0048114087,0.13737237,2.5216649,8.1479424
2189,3189000.0,5.4513815,1.559805,3.8915764,-0.24290546,1.040206,1.2178667,0.794205,-0.61728395,0.5,2.9996604,4.1511776,4.1554239,0.69237968,0.045342982,-0.10519633,0.097673503,2.8404819,2.6605719,0.6412412,0.15,1.6770949,0.5,0.035624511,14.03528,2.4622686,32.30635,0.012186886,-0.16450588,-0.0035015115,0.20738787,-1.0070487,3.7744603
2190,3190000.0,5.4911666,1.5291433,3.9620232,-0.24206664,1.0197583,1.1832426,0.79343503,-0.61728395,0.5,2.9748488,4.1552231,4.1502987,0.61902454,-0.023044319,-0.081472045,0.0072896856,2.8158246,2.6454006,0.64143534,0.15,1.6964413,0.5,0.035635296,14.031032,2.4855034,32.30635,0.017124995,-0.14725564,-0.02101543,0.19507667,-2.5225051,-4.9517055
2191,3191000.0,5.4489368,1.5174255,3.9315114,-0.22997573,1.0119438,1.1828513,0.77530253,-0.61728395,0.5,2.6784801,3.9269029,3.8916855,0.21685197,0.04368513,0.0048321911,-0.067047826,2.5230901,2.3491409,0.64050669,0.15,1.7050872,0.5,0.035583705,14.051375,2.5129075,32.30635,-0.027469237,-0.19496055,-0.020268426,0.16173978,-0.81845399,-2.5492704
2192,3192000.0,5.4424049,1.5242544,3.9181505,-0.25414838,1.0164979,1.1876518,0.77951778,-0.61728395,0.5,2.8058998,4.0197469,3.9911361,0.40681645,0.0087943512,-0.054170844,0.093046654,2.649665,2.475224,0.64180349,0.15,1.6982528,0.5,0.03565575,14.022984,2.4933138,32.30635,-0.0072630679,-0.21439318,0.0033450309,0.18691952,0.18570461,1.382034
2193,3193000.0,5.4299333,1.5530469,3.8768864,-0.2599076,1.0356991,1.2214059,0.77851697,-0.61728395,0.5,3.0163639,4.1326125,4.1622748,0.75420433,0.0054280928,-0.059652051,-0.14234854,2.8603296,2.67629,0.64225196,0.15,1.7021793,0.5,0.035680664,14.013192,2.4740702,32.30635,0.016366249,-0.18243602,-0.021403253,0.12550454,1.6163674,5.1964358
2194,3194000.0,5.4679145,1.552338,3.9155764,-0.25036632,1.0352264,1.2157637,0.7852253,-0.61728395,0.5,2.650718,3.8876509,3.9542175,0.11028559,0.028484728,0.013847389,-0.076858053,2.4933392,2.312215,0.64318372,0.15,1.7489234,0.5,0.035732429,13.992891,2.4795776,32.30635,-0.024501103,-0.1353998,0.011132253,0.20587698,1.9402988,2.625562
2195,3195000.0,5.4224234,1.5387674,3.883656,-0.26325716,1.0261764,1.2030616,0.78124172,-0.61728395,0.5,2.7929643,4.0906677,3.9861855,0.30203961,0.07090678,-0.22659725,-0.10180012,2.6363839,2.457998,0.64273775,0.15,1.7506546,0.5,0.035707653,14.002601,2.471609,32.30635,-0.0079215597,-0.15007887,0.0065525516,0.15127055,1.6086124,4.5386196
2196,3196000.0,5.4213251,1.5443697,3.8769553,-0.27172772,1.0299125,1.1996862,0.7948599,-0.61728395,0.5,2.9640778,4.1034807,4.1310177,0.65773509,-0.057661729,-0.31708921,-0.11856471,2.804768,2.6300513,0.65259092,0.15,1.8097605,0.5,0.036255051,13.791182,2.4969416,32.30635,-0.011546322,-0.22477842,-0.026316863,0.21110919,0.91307287,0.63573581
2197,3197000.0,5.4721745,1.5289869,3.9431876,-0.25966575,1.0196539,1.1634372,0.8206991,-0.61728395,0.5,2.6972835,3.9486198,3.8983622,0.24486832,-0.043756031,-0.36870245,0.13027197,2.5327948,2.3733497,0.65311481,0.15,1.8029317,0.5,0.036284156,13.780119,2.4889785,32.30635,-0.0080518145,-0.13303166,0.0044011912,0.21560134,2.4731465,-3.8187159
2198,3198000.0,5.4359863,1.5641854,3.8718009,-0.25448987,1.0431272,1.1981716,0.82854664,-0.61728395,0.5,2.7162696,3.9146295,3.975055,0.25912416,0.017856662,-0.24471862,-0.046386114,2.5502081,2.3826648,0.65678818,0.15,1.7691944,0.5,0.036488232,13.703048,2.4873789,32.30635,-0.015083286,-0.17211813,-0.0016366339,0.15336598,0.66885502,0.71043906
2199,3199000.0,5.4649284,1.5357105,3.9292179,-0.25139672,1.0241378,1.1905698,0.79372321,-0.61728395,0.5,2.5527482,3.8341527,3.8500581,-0.025966241,0.020824505,-0.036164212,0.026380546,2.3936662,2.22126,0.65274835,0.15,1.7303098,0.5,0.036263797,13.787856,2.4666038,32.30635,0.0061814915,-0.1465114,-0.0039230992,0.17333358,5.25938,-3.8690035
2200,3200000.0,5.4113382,1.5255627,3.8857756,-0.26118826,1.0173704,1.1850442,0.7852254,-0.61728395,0.5,2.7048046,3.9225733,3.9711411,0.2206993,0.019114436,0.20954749,0.03617105,2.5474258,2.3748548,0.65074046,0.15,1.7510732,0.5,0.036152248,13.830399,2.4545799,32.30635,-0.015341031,-0.18421864,-0.020491537,0.18102542,1.4173013,-1.3247984
2201,3201000.0,5.4218186,1.5149505,3.9068681,-0.25033515,1.0102934,1.1831859,0.77089308,-0.61728395,0.5,2.5660414,3.8790322,3.8032308,0.015861336,0.010919228,-0.22051085,-0.16252248,2.4115352,2.2366091,0.65114029,0.15,1.7194977,0.5,0.03617446,13.821906,2.4810094,32.30635,-0.01519038,-0.19791525,-0.0050611419,0.1747538,1.1798412,-0.82798177
2202,3202000.0,5.427543,1.5614592,3.8660838,-0.27445887,1.0413092,1.2086863,0.80959471,-0.61728395,0.5,2.8267596,3.9904363,4.0259749,0.46386748,-0.0085071531,-0.2681415,0.18592081,2.6644965,2.4902272,0.65105044,0.15,1.7061403,0.5,0.036169469,13.823814,2.4767451,32.30635,0.0050186617,-0.17867042,0.013358879,0.19536235,2.1440811,1.9309336
2203,3203000.0,5.4242095,1.5465159,3.8776936,-0.24371489,1.0313437,1.1959344,0.80349252,-0.61728395,0.5,2.8228592,4.1304005,4.0295784,0.30859881,-0.088953098,-0.067050579,0.15984924,2.6618192,2.4898773,0.64718182,0.15,1.7091087,0.5,0.035954546,13.906448,2.4831529,32.30635,-0.0096629879,-0.21003269,-0.020259877,0.16955946,2.6855426,3.7674836
2204,3204000.0,5.4734537,1.5748247,3.898629,-0.23925799,1.0502224,1.1986104,0.84489421,-0.61728395,0.5,3.0539681,4.2648474,4.2660082,0.6310488,0.005615841,-0.2517493,-0.041029031,2.8846302,2.7202411,0.64740563,0.15,1.7298693,0.5,0.03596698,13.90164,2.4752717,32.30635,0.0095736134,-0.18894427,-0.010106917,0.13615415,3.8935067,9.7554875
2205,3205000.0,5.4278606,1.5324872,3.8953734,-0.2762405,1.0219882,1.2016247,0.77322842,-0.61728395,0.5,2.7329703,3.9168442,3.9130213,0.36904533,0.04833078,-0.069520984,0.064994871,2.577996,2.398404,0.64591365,0.15,1.737416,0.5,0.035884092,13.933751,2.4765779,32.30635,0.019413443,-0.14025978,-0.012829895,0.23652008,2.9980447,-1.5928397
2206,3206000.0,5.4619965,1.5170611,3.9449354,-0.25743816,1.0117009,1.1933019,0.76020387,-0.61728395,0.5,2.7455213,4.007037,3.9241706,0.30535622,0.041122755,-0.19861719,-0.058419842,2.5931574,2.4132723,0.65208844,0.15,1.7100588,0.5,0.036227136,13.801809,2.5026452,32.30635,0.01750211,-0.20579746,0.0014461044,0.19074093,4.8709814,2.5386921
2207,3207000.0,5.4502557,1.5188602,3.9313955,-0.25693383,1.0129006,1.1770194,0.78569074,-0.61728395,0.5,2.6533215,3.8855999,3.918562,0.15580253,-0.041803319,-0.32276664,-0.10081638,2.4958494,2.325606,0.64818141,0.15,1.6798732,0.5,0.036010078,13.885002,2.4869225,32.30635,-0.00087508666,-0.1671733,0.016739827,0.20334922,1.0249621,0.25124819
2208,3208000.0,5.4509716,1.5467328,3.9042389,-0.26554531,1.0314883,1.2147948,0.77763743,-0.61728395,0.5,2.8342978,4.0064507,4.0696392,0.42680358,-0.01840647,0.063735583,0.20982512,2.6784399,2.4960646,0.64700271,0.15,1.6977721,0.5,0.035944595,13.910297,2.4800195,32.30635,0.016902981,-0.18617392,-0.005895298,0.16977166,-8.4627277,4.0078488
2209,3209000.0,5.4389511,1.5463289,3.8926222,-0.26755671,1.031219,1.2022181,0.79446521,-0.61728395,0.5,2.6357432,3.9446815,3.8741768,0.08837139,-0.023488166,0.0039468331,0.099082171,2.4765125,2.3010118,0.64503078,0.15,1.6863047,0.5,0.035835044,13.952822,2.4986845,32.30635,-0.022168235,-0.13527577,-0.0073280112,0.14903099,-5.5108168,-2.457481
2210,3210000.0,5.4856275,1.5543712,3.9312563,-0.24872009,1.0365823,1.2162912,0.78773304,-0.61728395,0.5,3.0438679,4.1173228,4.2177969,0.79648409,-0.045244589,0.015477543,0.053301381,2.8859866,2.7052181,0.64270364,0.15,1.7133134,0.5,0.035705758,14.003344,2.460407,32.30635,0.0022840232,-0.15073401,0.0047929446,0.15139545,-2.2805265,3.2320574
2211,3211000.0,5.4946778,1.5478129,3.9468649,-0.25861745,1.0322087,1.2187227,0.77390258,-0.61728395,0.5,2.5191309,3.8345172,3.7590337,-0.036158067,0.049832547,-0.077550033,-0.029807459,2.3640215,2.1798041,0.64228429,0.15,1.6569586,0.5,0.035682461,14.012487,2.4844062,32.30635,-0.042784232,-0.2141463,0.018131189,0.14571547,3.4025465,-2.8093523
2212,3212000.0,5.4731096,1.5911049,3.8820047,-0.25790253,1.0610794,1.2338694,0.82186065,-0.61728395,0.5,2.7380524,4.0646757,3.9628652,0.18661638,0.022475507,0.10021207,-0.036612537,2.573331,2.3945083,0.6420302,0.15,1.6619591,0.5,0.035668345,14.018032,2.4742326,32.30635,0.026580986,-0.20868575,-0.0077902664,0.19075769,-2.3757306,-0.88236336
2213,3213000.0,5.498438,1.5691803,3.9292577,-0.25126177,1.0464582,1.19706,0.83805192,-0.61728395,0.5,2.7407997,3.8956903,4.0173334,0.30937543,0.00057670692,-0.24504441,0.024368657,2.5728332,2.4075044,0.64611305,0.15,1.6920985,0.5,0.03589517,13.929451,2.482312,32.30635,-0.0042518455,-0.18143251,0.025707906,0.26964177,0.4066314,-0.75526484
2214,3214000.0,5.484751,1.5516647,3.9330862,-0.24751248,1.0347774,1.1899565,0.82000328,-0.61728395,0.5,2.6588522,3.8706787,3.9551561,0.15072169,-0.0019454821,-0.26179914,0.028907779,2.494503,2.3275347,0.64498816,0.15,1.7314198,0.5,0.035832675,13.953745,2.4957964,32.30635,0.025993431,-0.21008599,-0.0032473895,0.19286558,-0.61619482,-1.8883221
2215,3215000.0,5.4781759,1.5946403,3.8835356,-0.27410592,1.063437,1.2391527,0.82015583,-0.61728395,0.5,2.897273,4.0503335,4.0755311,0.56595452,-0.033088652,-0.11958363,0.074801471,2.7328933,2.5522579,0.6451493,0.15,1.7685436,0.5,0.035841628,13.950259,2.5065197,32.30635,-0.0030452929,-0.20064871,-0.024661546,0.24175554,-0.23176847,7.2566583
2216,3216000.0,5.4290875,1.5584867,3.8706008,-0.24322725,1.0393268,1.2041849,0.81111038,-0.61728395,0.5,2.8943583,4.0887934,4.0929507,0.50133092,0.035606772,-0.13523427,0.11867472,2.7317915,2.5590792,0.64482217,0.15,1.7377207,0.5,0.035823454,13.957336,2.4748599,32.30635,0.02158762,-0.15899775,-0.0065875288,0.18348742,-1.4282244,-1.835931
2217,3217000.0,5.4741599,1.5470133,3.9271466,-0.26064481,1.0316754,1.1906253,0.81166071,-0.61728395,0.5,2.8494551,4.0655933,4.0464513,0.43632064,0.012546875,-0.35132295,0.067499869,2.686778,2.5179514,0.65058878,0.15,1.7117132,0.5,0.036143821,13.833623,2.5023536,32.30635,-0.026831121,-0.22444816,-0.037781472,0.14668516,3.5037917,8.4953881
2218,3218000.0,5.4517165,1.5537603,3.8979561,-0.24274568,1.0361749,1.2054591,0.80180734,-0.61728395,0.5,2.7034755,4.0542959,3.8933462,0.16278434,-0.0055201385,-0.19650915,-0.13569323,2.5427732,2.3678416,0.65207384,0.15,1.6319974,0.5,0.036226325,13.802118,2.4735468,32.30635,-0.010547602,-0.22609532,0.0027203443,0.18122231,3.5914814,5.0194662
2219,3219000.0,5.4556208,1.5533967,3.9022242,-0.2462321,1.0359324,1.2012321,0.80709985,-0.61728395,0.5,2.5905513,3.8755334,3.8481574,0.047963065,-0.05124016,-0.38651923,0.086761675,2.4287883,2.2560944,0.65208434,0.15,1.5933922,0.5,0.036226908,13.801896,2.5033861,32.30635,0.024180881,-0.20774581,-0.0058313398,0.19248268,-0.54081178,-9.6978927
2220,3220000.0,5.4739446,1.538676,3.9352686,-0.2394198,1.0261154,1.1829307,0.80906173,-0.61728395,0.5,3.0404561,4.2559571,4.1886397,0.67677152,0.0051313355,-0.057874628,-0.074371638,2.8782999,2.7110948,0.65045054,0.15,1.628548,0.5,0.036136141,13.836563,2.489238,32.30635,0.00092360575,-0.13108282,-0.017359183,0.17180518,-1.7240521,5.1779937
2221,3221000.0,5.4099898,1.5198383,3.8901515,-0.26463662,1.0135529,1.1924504,0.76581318,-0.61728395,0.5,2.8433612,4.0957446,4.0111254,0.42321366,-0.0003497838,0.033692492,-0.020738528,2.6898731,2.5113493,0.64742935,0.15,1.6909731,0.5,0.035968297,13.901131,2.4769987,32.30635,-0.0051262657,-0.18496916,0.015076367,0.15694742,1.6234961,4.1870025
2222,3222000.0,5.4376346,1.5280125,3.909622,-0.26488939,1.0190041,1.1766712,0.80076173,-0.61728395,0.5,2.5347869,3.8532192,3.7987301,-0.047588565,-0.03100135,-0.053670541,0.00046546271,2.3742942,2.2071684,0.64982502,0.15,1.7137184,0.5,0.03610139,13.849882,2.4861067,32.30635,-0.014573369,-0.23952183,0.0074746012,0.1865654,-0.75320665,-3.6923409
2223,3223000.0,5.4273581,1.5355575,3.8918006,-0.27312963,1.0240358,1.2064337,0.77144134,-0.61728395,0.5,2.6405681,3.7855414,3.984586,0.15157687,0.038346899,-0.17358857,-0.02358097,2.485952,2.3046629,0.65166201,0.15,1.7459547,0.5,0.036203445,13.81084,2.4995257,32.30635,-0.015655631,-0.1838336,-0.0089799759,0.21771049,3.675102,-6.72316
2224,3224000.0,5.4490475,1.5430678,3.9059797,-0.2518417,1.0290442,1.1825004,0.81665926,-0.61728395,0.5,2.7909746,3.9413933,4.0235531,0.40797733,0.0036978368,-0.38785418,-0.16467911,2.6272957,2.4617331,0.65233632,0.15,1.6917344,0.5,0.036240907,13.796564,2.4736135,32.30635,-0.021289794,-0.18491964,-0.002719708,0.29963708,3.271082,-3.9983381
2225,3225000.0,5.3888099,1.5352293,3.8535806,-0.28103077,1.0238169,1.1946915,0.78723037,-0.61728395,0.5,3.0027989,4.1720552,4.14288,0.69346147,-0.014493057,-0.13310263,0.012421174,2.8450183,2.6701631,0.6556579,0.15,1.6414895,0.5,0.036425439,13.726671,2.4778765,32.30635,-0.00026123602,-0.23866852,0.017841244,0.18250105,-1.8533122,1.8877829
2226,3226000.0,5.4084385,1.5242867,3.8841518,-0.27255538,1.0165195,1.1944304,0.77015243,-0.61728395,0.5,2.6835447,3.9092705,3.9342486,0.20711502,0.0050878261,-0.017309859,-0.044970184,2.5291869,2.3509815,0.651021,0.15,1.6826959,0.5,0.036167834,13.824439,2.5128148,32.30635,-0.01982071,-0.22921716,0.0061507434,0.18215734,-1.0675573,-5.1166584
2227,3227000.0,5.4228394,1.5174808,3.9053586,-0.25563644,1.0119807,1.175758,0.78524459,-0.61728395,0.5,2.5974343,3.9106235,3.8323405,0.04933893,-0.028293813,-0.11711688,-0.096953232,2.4400517,2.2700701,0.64670811,0.15,1.6293238,0.5,0.035928228,13.916634,2.4820444,32.30635,-0.01234878,-0.18354384,-0.032599514,0.20908761,-3.4573617,-1.0755894
2228,3228000.0,5.4398338,1.5338081,3.9060256,-0.27015325,1.0228691,1.1802749,0.80499259,-0.61728395,0.5,2.6690033,3.8360192,3.9832846,0.18770621,-0.017817403,0.091868327,-0.054839088,2.5076627,2.3403815,0.64504211,0.15,1.6382873,0.5,0.035835673,13.952577,2.5188712,32.30635,-0.024586964,-0.2041396,0.0086182403,0.17248347,-0.67681588,-0.39793673
2229,3229000.0,5.4151921,1.5182901,3.8969019,-0.25124658,1.0125205,1.1720586,0.7916737,-0.61728395,0.5,2.7088012,4.0035276,3.9423655,0.18051046,-0.011740999,0.20612672,-0.086242512,2.55013,2.382467,0.6450234,0.15,1.6979281,0.5,0.035834633,13.952982,2.5184891,32.30635,0.02876225,-0.21162887,0.0091726168,0.22352808,3.7009056,-8.6035458
2230,3230000.0,5.4389911,1.5426495,3.8963416,-0.26748748,1.0287653,1.1809729,0.81811447,-0.61728395,0.5,2.8624211,4.0434763,4.0770307,0.46675622,-0.0069782495,0.053367816,-0.012660054,2.6984505,2.5336049,0.64429981,0.15,1.6694961,0.5,0.035794434,13.968652,2.4785394,32.30635,-0.018391362,-0.20814122,0.018986032,0.17545602,0.31326071,4.3517912
2231,3231000.0,5.4101218,1.5432321,3.8668897,-0.26525119,1.0291538,1.2027653,0.78876922,-0.61728395,0.5,2.8069776,4.0375266,4.0362618,0.34714434,0.0061850685,-0.01833879,-0.011431197,2.6488885,2.4720938,0.64630837,0.15,1.6702381,0.5,0.035906021,13.925241,2.4791943,32.30635,0.012424316,-0.18052006,0.0069635789,0.15298536,-1.5274873,3.47007
2232,3232000.0,5.4313098,1.5380547,3.8932551,-0.25929587,1.0257011,1.1905356,0.79750692,-0.61728395,0.5,2.5924093,3.851212,3.8974167,0.028599137,0.013557851,-0.051980832,0.038614731,2.432569,2.2609306,0.64902048,0.15,1.7228458,0.5,0.036056693,13.867051,2.4819728,32.30635,-0.0069407596,-0.19308347,-0.014125615,0.1356106,-2.6146362,2.2895644
2233,3233000.0,5.4351569,1.5446055,3.8905515,-0.26162373,1.0300697,1.2030067,0.79062287,-0.61728395,0.5,2.6757546,3.9647098,3.9318477,0.13070616,0.018549945,-0.20093147,0.022799031,2.517294,2.3408035,0.65476084,0.15,1.7037109,0.5,0.036375602,13.745477,2.4935132,32.30635,-0.012143806,-0.14092511,0.017076269,0.18190767,-1.2548132,-2.6753591
2234,3234000.0,5.4405955,1.5460579,3.8945376,-0.24601321,1.0310383,1.2068255,0.78763276,-0.61728395,0.5,2.623535,3.9240545,3.8929558,0.053594858,-0.0019481573,-0.12213962,-0.035391354,2.4656737,2.2875208,0.65896509,0.15,1.7079657,0.5,0.036609172,13.65778,2.4705107,32.30635,-0.031082807,-0.23144325,0.024133633,0.24906562,-0.80393314,-1.7859723
2235,3235000.0,5.435142,1.5317979,3.9033441,-0.26631657,1.0215286,1.213602,0.75549099,-0.61728395,0.5,2.9898586,4.1926595,4.1343076,0.64260857,-0.027823543,0.037734359,0.019231608,2.8384393,2.6519575,0.6605951,0.15,1.7402467,0.5,0.036699728,13.624079,2.455802,32.30635,0.017851111,-0.19584495,0.01192795,0.16703759,2.5377028,6.0849593
2236,3236000.0,5.4660846,1.55198,3.9141046,-0.25304719,1.0349877,1.1962803,0.81172084,-0.61728395,0.5,2.826806,3.9756282,4.0558665,0.44892351,0.00057115508,-0.077320699,0.18125548,2.6641169,2.4937278,0.656973,0.15,1.753879,0.5,0.0364985,13.699193,2.4803149,32.30635,-0.011808417,-0.22241303,0.018981314,0.15676006,3.4580183,-0.32093719
2237,3237000.0,5.4460587,1.568693,3.8773657,-0.26657628,1.0461332,1.2110084,0.81789834,-0.61728395,0.5,2.8284189,4.0356706,4.0479001,0.401686,-0.025011986,-0.11141962,0.18468575,2.6644916,2.49124,0.65419713,0.15,1.7427191,0.5,0.036344285,13.757321,2.508706,32.30635,-0.0171473,-0.17685481,-0.0091120093,0.17249776,0.7710663,-1.6412557
2238,3238000.0,5.4719938,1.5450625,3.9269313,-0.22941353,1.0303745,1.1837035,0.81816721,-0.61728395,0.5,2.984283,4.1929492,4.0900133,0.66988646,-0.025071053,0.0097559138,-0.030205783,2.8203018,2.6547065,0.64477455,0.15,1.7122212,0.5,0.035820809,13.958367,2.4716709,32.30635,0.0036060836,-0.23186134,0.011095183,0.18132509,1.2471713,8.1509077
2239,3239000.0,5.4583804,1.5246123,3.9337681,-0.24733247,1.0167366,1.1722262,0.80151731,-0.61728395,0.5,2.5148244,3.7637815,3.8776157,-0.096924004,0.023747062,-0.19377714,0.059788954,2.3541803,2.1884436,0.64593001,0.15,1.734114,0.5,0.035885001,13.933398,2.4820169,32.30635,0.0017051594,-0.14882776,0.016401467,0.17552926,2.8832836,-2.3857638
2240,3240000.0,5.4672999,1.5460511,3.9212488,-0.25924505,1.0310338,1.2009585,0.79577237,-0.61728395,0.5,2.7076705,3.991146,3.8999728,0.23189275,0.0065226155,0.010415382,-0.025345,2.5481778,2.3732898,0.64733309,0.15,1.7015999,0.5,0.03596295,13.903198,2.494053,32.30635,-0.0085726008,-0.1748763,0.01048703,0.15420576,0.63069841,-4.0380779
2241,3241000.0,5.4332419,1.5494893,3.8837526,-0.26445866,1.0333266,1.2142595,0.78277452,-0.61728395,0.5,2.9684936,4.1401766,4.1513374,0.6139668,0.017968519,-0.26294388,-0.11324612,2.811606,2.6304094,0.64291729,0.15,1.7183414,0.5,0.035717627,13.99869,2.4874939,32.30635,0.0057866015,-0.17781869,0.0040139187,0.20984468,1.034469,0.69487626
2242,3242000.0,5.4596366,1.5252915,3.9343451,-0.26387095,1.0171896,1.1746256,0.79926654,-0.61728395,0.5,2.6047678,3.8534525,3.8561277,0.1047231,-0.017139224,0.013242931,0.068930775,2.4445748,2.2777188,0.64470606,0.15,1.7178875,0.5,0.035817003,13.95985,2.4944956,32.30635,0.0085218279,-0.1650352,-0.0066469367,0.14983757,-0.65737604,2.8752995
2243,3243000.0,5.4400423,1.5454286,3.8946137,-0.25207874,1.0306186,1.1963576,0.80117169,-0.61728395,0.5,2.7690488,3.9937194,3.9204205,0.39300636,-0.090643025,-0.31846844,0.043437816,2.6084739,2.435949,0.6399342,0.15,1.6749628,0.5,0.0355519,14.063946,2.480126,32.30635,-0.028604345,-0.18636077,-0.009726748,0.21809472,2.0639201,3.5372913
2244,3244000.0,5.4472913,1.5245672,3.9227241,-0.26380594,1.0167065,1.1847361,0.78406682,-0.61728395,0.5,2.6244572,3.8925709,3.8691448,0.11165582,0.05519093,0.026684281,0.020578559,2.4673106,2.2945932,0.64461591,0.15,1.7105167,0.5,0.035811995,13.961803,2.5105558,32.30635,0.0015377124,-0.22523605,0.0037277767,0.12772458,3.7126179,1.7009141
2245,3245000.0,5.4368435,1.5249431,3.9119005,-0.27013293,1.0169572,1.1795991,0.791802,-0.61728395,0.5,2.765726,4.0127906,3.9402081,0.34417942,0.0053740985,0.095264944,0.048206634,2.6070291,2.4372923,0.64607004,0.15,1.6792074,0.5,0.03589278,13.930378,2.4827892,32.30635,-0.00096137613,-0.19994163,0.017924688,0.15970165,-1.4045264,3.5834716
2246,3246000.0,5.4429833,1.5368031,3.9061802,-0.26538236,1.0248664,1.1855429,0.8024478,-0.61728395,0.5,2.7560178,3.9390519,3.9636469,0.36535453,-0.013690167,0.039531934,-0.00032668305,2.5951872,2.4259292,0.64612337,0.15,1.7025887,0.5,0.035895743,13.929229,2.4584577,32.30635,-0.03780683,-0.19021394,0.029545875,0.16173002,1.7836626,-0.66781261
2247,3247000.0,5.4728232,1.5432806,3.9295425,-0.25182244,1.0291862,1.1979949,0.79547365,-0.61728395,0.5,2.6237178,3.8916907,3.9248524,0.054610441,0.04143289,-0.046727373,-0.051103705,2.464285,2.2901622,0.65303917,0.15,1.7188705,0.5,0.036279954,13.781715,2.4964943,32.30635,-0.0080697065,-0.14327304,0.0028264393,0.19839966,3.1293036,-3.7190227
2248,3248000.0,5.490376,1.541614,3.9487619,-0.24751504,1.0280748,1.2024344,0.78665013,-0.61728395,0.5,2.6062269,3.873592,3.8562077,0.08888103,-0.050976884,0.050060955,-0.036537273,2.4485626,2.2714352,0.65312845,0.15,1.7362517,0.5,0.036284914,13.779831,2.4788379,32.30635,0.0036741658,-0.12943707,0.018321261,0.13559621,1.4448787,-0.90465442
2249,3249000.0,5.4813801,1.5547396,3.9266405,-0.24260165,1.0368279,1.2017032,0.80858567,-0.61728395,0.5,2.8072024,4.0370874,4.0393066,0.34521303,-0.0028696794,-0.0072729067,0.048332549,2.6451416,2.4726143,0.65181293,0.15,1.7433902,0.5,0.03621183,13.807643,2.4767442,32.30635,0.013214399,-0.19402536,0.005336774,0.11854186,0.30706073,4.7868
2250,3250000.0,5.4944687,1.6015848,3.8928839,-0.26716697,1.0680682,1.2482247,0.8186214,-0.61728395,0.5,2.704901,3.9105135,3.9606437,0.24354563,0.0018341936,-0.38457379,0.059811474,2.5408288,2.35736,0.65020427,0.15,1.7484118,0.5,0.036122459,13.841804,2.497452,32.30635,0.014369359,-0.20891865,0.0066204828,0.2458062,2.1920012,-1.8353828
2251,3251000.0,5.5092332,1.580423,3.9288102,-0.26219975,1.0539558,1.2187559,0.8258311,-0.61728395,0.5,2.6535574,3.860766,3.8929238,0.20698253,0.00090383423,-0.28490735,0.031084365,2.4880403,2.3142214,0.64266592,0.15,1.7460699,0.5,0.035703662,14.004166,2.4988725,32.30635,0.02030461,-0.15096598,0.019682289,0.1742577,0.21272121,1.3779891
2252,3252000.0,5.4991177,1.5723454,3.9267723,-0.24268785,1.048569,1.247042,0.77366204,-0.61728395,0.5,2.3509363,3.637132,3.6628673,-0.24719042,-0.04926441,-0.12891979,-0.0037446467,2.1958751,2.0037246,0.63990349,0.15,1.7673724,0.5,0.035550194,14.064621,2.476372,32.30635,-0.018529364,-0.19038728,-0.010938047,0.14097206,0.6966568,-6.4940157
2253,3253000.0,5.5595194,1.6063477,3.9531717,-0.26723895,1.0712445,1.2452901,0.83028938,-0.61728395,0.5,2.8071403,3.996612,3.9752591,0.44954986,-0.0079570589,0.13228869,-0.02807985,2.6407296,2.4604164,0.63809494,0.15,1.7808111,0.5,0.035449719,14.104484,2.4958243,32.30635,-0.0042126295,-0.18967012,-0.0048822388,0.12791596,-3.8051219,6.4421171
2254,3254000.0,5.5116701,1.5773241,3.9343461,-0.25083085,1.0518891,1.2460068,0.78303517,-0.61728395,0.5,3.0009819,4.2087639,4.1391659,0.65501599,-0.03037842,-0.097507848,-0.045676462,2.8440421,2.6540585,0.63224762,0.15,1.7208675,0.5,0.035124868,14.234929,2.488324,32.30635,0.024520196,-0.25360214,0.0027040071,0.1580942,1.9824106,-3.0845283
2255,3255000.0,5.5074372,1.5644768,3.9429604,-0.24373589,1.0433215,1.2299174,0.78491023,-0.61728395,0.5,2.6745779,3.9297262,3.9202486,0.17375897,0.026669007,-0.13791827,0.060413505,2.5172623,2.3321342,0.63595886,0.15,1.7281504,0.5,0.035331048,14.151859,2.4812963,32.30635,0.021658085,-0.2126455,0.016180947,0.21135866,2.0547,-8.0172713
2256,3256000.0,5.5249013,1.5806337,3.9442676,-0.24077833,1.0540963,1.2183301,0.82675837,-0.61728395,0.5,2.9011275,4.1109456,4.0386457,0.5537911,0.018379089,-0.294981,0.010947264,2.7354244,2.5619099,0.6377937,0.15,1.6655613,0.5,0.035432983,14.111146,2.4853888,32.30635,0.015199031,-0.18414792,-0.043173159,0.21553628,2.7782982,6.7974726
2257,3257000.0,5.5452287,1.5918145,3.9534142,-0.25509757,1.0615525,1.2344572,0.82217494,-0.61728395,0.5,2.559407,3.7687329,3.8542264,0.055261677,-0.0064126169,0.12866602,-0.075913431,2.3946226,2.2156992,0.64086112,0.15,1.6780041,0.5,0.035603396,14.043604,2.4856765,32.30635,-0.016920411,-0.16811628,-0.01584224,0.1283021,-5.3142522,-5.3473124
2258,3258000.0,5.4615623,1.5090596,3.9525026,-0.24717243,1.0063648,1.2010977,0.73662104,-0.61728395,0.5,3.0905532,4.185935,4.1746034,0.91112112,0.014770582,0.075062154,-0.06517617,2.9429159,2.7561336,0.64529685,0.15,1.7031217,0.5,0.035849825,13.947069,2.4727155,32.30635,-0.014105746,-0.23438937,0.017989846,0.19681073,-1.9074817,4.5913835
2259,3259000.0,5.487824,1.53658,3.9512439,-0.23877595,1.0247177,1.1969467,0.78625025,-0.61728395,0.5,2.5497641,3.8817296,3.8352487,-0.067686074,0.018150334,-0.063207716,0.017046881,2.3921799,2.2165003,0.64793578,0.15,1.6807084,0.5,0.035996432,13.890266,2.4779194,32.30635,-0.0011500054,-0.19730717,0.0052042129,0.14836324,1.5006355,-3.36121
2260,3260000.0,5.5163436,1.5668554,3.9494882,-0.2619282,1.0449078,1.2329195,0.78453074,-0.61728395,0.5,2.4026496,3.6931576,3.7580903,-0.243299,-0.010873368,0.093109362,0.070912119,2.2454101,2.05937,0.64757653,0.15,1.7165949,0.5,0.035976474,13.897971,2.4664938,32.30635,-0.035217621,-0.17926859,0.0011834524,0.17415261,-4.0059756,-5.5494441
2261,3261000.0,5.5085391,1.5883249,3.9202142,-0.25022502,1.0592254,1.2367234,0.81346491,-0.61728395,0.5,2.8727519,4.0319347,4.0513845,0.53493644,0.0080948254,-0.0051588028,-0.055292672,2.7097132,2.5284131,0.64957599,0.15,1.666086,0.5,0.036087555,13.855192,2.4720467,32.30635,-0.020923042,-0.24626803,0.0047779644,0.11256651,-0.74813026,-0.51697647
2262,3262000.0,5.5149454,1.580655,3.9342904,-0.24690955,1.0541105,1.221761,0.82202608,-0.61728395,0.5,2.8470347,4.0492004,4.0482219,0.44368193,0.021643895,0.21050228,0.06198916,2.6822802,2.506862,0.65229469,0.15,1.6700703,0.5,0.036238594,13.797445,2.49853,32.30635,0.0062677424,-0.16616286,-0.0036490435,0.12682485,-0.72270533,2.4221999
2263,3263000.0,5.5035187,1.5964582,3.9070605,-0.25133728,1.0646494,1.2310928,0.83425011,-0.61728395,0.5,2.8101888,4.1063661,4.0600179,0.26418241,-0.0069641361,0.038420543,-0.041381051,2.6429842,2.4674178,0.64251279,0.15,1.611866,0.5,0.035695155,14.007503,2.4843817,32.30635,0.015248064,-0.17983453,0.0044401945,0.14408093,1.3857559,3.5743035
2264,3264000.0,5.4944804,1.5419834,3.952497,-0.24742953,1.0283211,1.1952399,0.79723341,-0.61728395,0.5,2.5563281,3.7452427,3.8889334,0.034808278,-0.024954316,-0.31041502,-0.11509885,2.3965426,2.2235396,0.64195451,0.15,1.6458661,0.5,0.035664139,14.019685,2.4984285,32.30635,-0.011867606,-0.18037315,-0.0048966376,0.15837451,-0.71364473,1.3050125
2265,3265000.0,5.4673427,1.568522,3.8988207,-0.25720098,1.0460192,1.2323192,0.78802106,-0.61728395,0.5,2.9505306,4.1861085,4.0457018,0.61978136,-0.04185684,-0.20100794,0.066936338,2.7925915,2.6074181,0.63881528,0.15,1.6394254,0.5,0.035489738,14.08858,2.4991551,32.30635,-0.042335237,-0.14602174,0.017895069,0.16633727,2.8745081,7.7451314
2266,3266000.0,5.4749187,1.5390142,3.9359044,-0.25463643,1.026341,1.2075092,0.77545663,-0.61728395,0.5,2.6820485,3.9179198,3.9135909,0.2146348,0.011570642,-0.52650396,0.078531875,2.5266276,2.3458439,0.63452038,0.15,1.6224841,0.5,0.035251132,14.183941,2.4810849,32.30635,-0.00060645159,-0.26360064,0.023054768,0.14251508,8.8966959,-0.0089214083
2267,3267000.0,5.4893452,1.5385663,3.9507789,-0.2361151,1.0260422,1.2018753,0.78256923,-0.61728395,0.5,2.8176106,3.9981744,4.0062668,0.44839057,-0.018900097,0.0474814,0.0006082258,2.6607642,2.4829746,0.63642278,0.15,1.6703932,0.5,0.035356821,14.141543,2.5008943,32.30635,-0.00074256104,-0.19383355,0.0026240214,0.18776355,-1.0326081,0.44419906
2268,3268000.0,5.4643943,1.5418082,3.9225862,-0.24601006,1.0282042,1.2178156,0.7655921,-0.61728395,0.5,2.7251913,3.9902232,3.9549489,0.23040173,0.048278227,0.25129654,0.07840315,2.5717475,2.386117,0.6414774,0.15,1.6729455,0.5,0.035637633,14.030112,2.4939456,32.30635,-0.0071994599,-0.17112021,-0.018449644,0.17806084,-2.8481132,2.1467627
2269,3269000.0,5.4390215,1.5261961,3.9128254,-0.25938824,1.0177928,1.2038229,0.76014767,-0.61728395,0.5,2.6842172,3.9478232,3.8993693,0.20545923,0.043584257,-0.061981929,0.15056991,2.5318647,2.3490389,0.64313308,0.15,1.6435216,0.5,0.035729615,13.993993,2.4966696,32.30635,0.0082450798,-0.16305508,-0.020326533,0.20364823,1.5412872,-1.0830704
2270,3270000.0,5.4446396,1.5388232,3.9058163,-0.26336241,1.0262136,1.1928452,0.79552335,-0.61728395,0.5,2.6781849,3.9181777,3.923472,0.19290479,0.017379948,0.23884725,-0.018060925,2.5187421,2.3460631,0.6434736,0.15,1.6715864,0.5,0.035748533,13.986588,2.4770192,32.30635,0.0089446932,-0.16763385,-0.0196607,0.20824803,-0.92379225,-2.6062713
2271,3271000.0,5.4707057,1.5608372,3.9098684,-0.27846621,1.0408944,1.2197021,0.79330034,-0.61728395,0.5,2.630618,3.9245675,3.8356345,0.13165212,0.00085710425,-0.23108136,0.067012673,2.4716208,2.2910185,0.64353288,0.15,1.6746965,0.5,0.035751827,13.985299,2.4747583,32.30635,0.0036704511,-0.19575766,-0.017290651,0.18376778,-0.41690883,3.0500898
2272,3272000.0,5.5014268,1.5890642,3.9123627,-0.26532967,1.0597184,1.226033,0.82949426,-0.61728395,0.5,2.7076832,3.9814603,3.9070309,0.23455837,0.050547171,0.14255238,-0.060134721,2.5414318,2.366321,0.64200441,0.15,1.6557479,0.5,0.035666912,14.018595,2.4918692,32.30635,0.042978739,-0.23067447,0.017920569,0.13132328,-4.4885139,3.8235929
2273,3273000.0,5.4693985,1.5676046,3.9017939,-0.26224915,1.0454074,1.2190352,0.8050128,-0.61728395,0.5,2.7597596,4.0146345,3.9766476,0.28799685,-0.035301258,-0.16511189,-0.014530442,2.598415,2.4203458,0.64035686,0.15,1.673922,0.5,0.035575381,14.054663,2.4842252,32.30635,-0.0041279,-0.1764971,-0.0057760182,0.17759882,-0.33362064,-6.5271527
2274,3274000.0,5.4850466,1.5682275,3.9168191,-0.24719929,1.0458228,1.2129758,0.81442319,-0.61728395,0.5,2.9021925,4.080996,4.0788709,0.54671071,0.02192791,-0.19749911,-0.051188188,2.7389618,2.5644658,0.63976972,0.15,1.6702331,0.5,0.035542762,14.067562,2.4807489,32.30635,-0.0064476502,-0.1573306,-0.011686405,0.19865346,4.2103278,1.0183197
2275,3275000.0,5.468857,1.5700208,3.8988363,-0.23890499,1.0470187,1.2272918,0.79739373,-0.61728395,0.5,2.7649868,4.0632159,3.9752059,0.25653859,-0.015506002,-0.14243775,0.024592863,2.6051692,2.4232741,0.6424826,0.15,1.6423262,0.5,0.035693478,14.008161,2.4872705,32.30635,0.0010993135,-0.25028096,0.027669409,0.18916181,0.41041963,0.75796231
2276,3276000.0,5.460926,1.5452069,3.9157191,-0.25053553,1.0304708,1.2128958,0.77784354,-0.61728395,0.5,2.7863269,3.9443219,4.0323421,0.38231678,-0.013461235,-0.019445746,-0.045011971,2.6304276,2.4486225,0.643792,0.15,1.6256007,0.5,0.035766222,13.979671,2.4702257,32.30635,0.0073481249,-0.22221281,0.0065254247,0.18234885,-2.0393153,5.1492139
2277,3277000.0,5.5056508,1.5672101,3.9384407,-0.2347183,1.0451443,1.235825,0.78105986,-0.61728395,0.5,2.866177,4.1139994,4.1056495,0.37888225,0.014509732,-0.041588447,0.048398704,2.7096331,2.5220885,0.65036176,0.15,1.6585511,0.5,0.036131209,13.838452,2.4921868,32.30635,-0.03541951,-0.19411635,-0.024464976,0.16607448,-1.1412647,-1.8165084
2278,3278000.0,5.507482,1.553122,3.95436,-0.25151305,1.0357492,1.2109436,0.79317086,-0.61728395,0.5,2.6478663,3.8238745,3.9032341,0.21649015,-0.004610416,-0.38596438,0.020053639,2.488895,2.3107054,0.65643935,0.15,1.6503113,0.5,0.036468853,13.71033,2.4813408,32.30635,0.012248206,-0.19232539,0.0080995571,0.18181537,5.7366034,2.4606378
2279,3279000.0,5.4824342,1.5960846,3.8863496,-0.27389648,1.0644002,1.243827,0.8159644,-0.61728395,0.5,3.0748697,4.1983639,4.2713066,0.75493854,-0.056070919,-0.20239146,-0.01945483,2.91133,2.7285531,0.65643644,0.15,1.6537182,0.5,0.036468691,13.710391,2.5010221,32.30635,-0.0078114928,-0.14253855,-0.0095026687,0.18126018,1.8075045,7.554678
2280,3280000.0,5.5519912,1.593399,3.9585922,-0.25524266,1.0626092,1.2297153,0.83128785,-0.61728395,0.5,2.834112,4.0736808,4.023999,0.40465619,0.00022295073,0.22301609,0.0048006633,2.6675011,2.4917245,0.64985617,0.15,1.6565442,0.5,0.03610312,13.849218,2.4984814,32.30635,-0.011288382,-0.14560243,0.0049160848,0.17184587,-1.2053574,3.9284469
2281,3281000.0,5.4921667,1.5275012,3.9646655,-0.24824998,1.0186631,1.1809672,0.79397871,-0.61728395,0.5,2.8343664,4.0348767,4.0613282,0.40689441,0.015822048,-0.10976048,-0.014380186,2.6752332,2.5055518,0.64073339,0.15,1.7016969,0.5,0.0355963,14.046404,2.4833786,32.30635,0.0094642616,-0.13393653,0.03489303,0.17088628,3.6134366,4.0937255
2282,3282000.0,5.4828675,1.5713159,3.9115516,-0.25283156,1.0478824,1.2238238,0.80427574,-0.61728395,0.5,2.8157525,4.0342459,4.02969,0.38332162,-0.042475368,-0.23394504,0.019684696,2.6545556,2.4750054,0.63655939,0.15,1.700942,0.5,0.03536441,14.138508,2.5124941,32.30635,0.0062224992,-0.16756788,-0.019126167,0.14115601,3.9292394,-3.1909285
2283,3283000.0,5.4533641,1.530224,3.9231401,-0.26520646,1.020479,1.1841586,0.79388503,-0.61728395,0.5,2.6057066,3.8767895,3.802299,0.13803126,0.0099555017,-0.012639822,0.13012903,2.4465922,2.2760034,0.63301213,0.15,1.6835628,0.5,0.03516734,14.217737,2.4868101,32.30635,0.013163471,-0.20239941,-0.0018057623,0.20862368,-0.57532359,-1.9508542
2284,3284000.0,5.4630551,1.5332271,3.929828,-0.25101079,1.0224816,1.1987752,0.7783661,-0.61728395,0.5,2.8077477,4.0134309,4.0177318,0.39208047,-0.035850892,0.053304999,0.12624055,2.6517437,2.4739749,0.62855909,0.15,1.7105346,0.5,0.034919949,14.318463,2.4923324,32.30635,-0.016142486,-0.14105188,0.0010921797,0.13668994,-1.6793777,2.1190551
2285,3285000.0,5.4826929,1.5442594,3.9384336,-0.25012511,1.0298389,1.2101774,0.78010977,-0.61728395,0.5,2.7732312,3.9706894,4.0035847,0.34541943,0.0037998204,-0.072391532,0.0056484209,2.6168777,2.4362836,0.63564763,0.15,1.7475056,0.5,0.035313757,14.158788,2.4929885,32.30635,-0.021100513,-0.15978426,-0.0021983809,0.27862576,0.77834789,-2.7026878
2286,3286000.0,5.522588,1.5346707,3.9879173,-0.24323199,1.0234443,1.1885865,0.7948209,-0.61728395,0.5,2.621755,3.8380849,3.8860111,0.14116893,0.0049811083,0.26950783,0.03861342,2.462453,2.2908189,0.64533818,0.15,1.7546912,0.5,0.035852121,13.946176,2.4956298,32.30635,-0.017443181,-0.13441431,-0.0026286006,0.19660726,-3.4509489,3.5087979
2287,3287000.0,5.5089245,1.5961437,3.9127808,-0.26013273,1.0644396,1.2181537,0.85172358,-0.61728395,0.5,2.8036011,4.0333541,4.0098963,0.36755294,-0.035173649,0.13464903,0.064703254,2.6328944,2.4644327,0.65545397,0.15,1.7489252,0.5,0.03641411,13.730941,2.4840083,32.30635,-0.013150478,-0.12189064,0.0020902732,0.19802323,-2.7975673,0.81814882
2288,3288000.0,5.5095031,1.5489563,3.9605468,-0.25845711,1.0329712,1.2009711,0.80038523,-0.61728395,0.5,3.1302446,4.2460528,4.2698509,0.87483006,-0.032723516,-0.24953872,-0.064607263,2.9698274,2.7958603,0.66009856,0.15,1.7393984,0.5,0.036672142,13.634328,2.470047,32.30635,0.0050546896,-0.16621079,0.0043165262,0.18696299,1.2948019,2.1965821
2289,3289000.0,5.5122184,1.5835854,3.928633,-0.26059507,1.0560647,1.2231008,0.82483545,-0.61728395,0.5,2.6667908,3.8155614,3.9898809,0.19493005,-0.060754781,-0.16704228,0.0049595208,2.5014732,2.326245,0.65818397,0.15,1.7514826,0.5,0.036565776,13.673988,2.4867246,32.30635,0.011714814,-0.17286403,0.040851097,0.20182694,1.7768546,0.97880252
2290,3290000.0,5.5259876,1.5377342,3.9882534,-0.24898415,1.0254874,1.1967239,0.78839926,-0.61728395,0.5,2.7149723,3.9467962,3.9443597,0.25376081,-0.075347798,-0.39565773,0.0082643019,2.5569573,2.3817705,0.6539253,0.15,1.7649949,0.5,0.036329184,13.76304,2.5038346,32.30635,-0.0060322407,-0.1560755,0.0095120071,0.20272485,3.0185065,3.6898305
2291,3291000.0,5.482707,1.5285381,3.9541689,-0.23732967,1.0193547,1.1701141,0.81070837,-0.61728395,0.5,2.771009,3.9290516,4.0088469,0.37512828,-0.074774569,-0.27152496,0.0049295615,2.6085227,2.4452161,0.64343848,0.15,1.7250649,0.5,0.035746582,13.987351,2.4806049,32.30635,0.018782488,-0.18932158,0.0068211366,0.20375135,0.50349896,4.766774
2292,3292000.0,5.4645438,1.5226611,3.9418827,-0.25114325,1.0154354,1.1887237,0.77548921,-0.61728395,0.5,2.8069045,4.0994609,4.0007194,0.32053313,0.015301768,-0.070569791,-0.067824219,2.6514771,2.4759302,0.63750055,0.15,1.7058419,0.5,0.035416697,14.117635,2.5030636,32.30635,0.012712172,-0.14242151,-0.015613081,0.17829198,1.6644884,5.8782571
2293,3293000.0,5.4416131,1.5408683,3.9007447,-0.26007897,1.0275775,1.2036124,0.78382509,-0.61728395,0.5,2.9401462,4.0027713,4.1511558,0.66651151,0.028980177,0.041403693,0.047173996,2.7830481,2.6050265,0.63254801,0.15,1.7410449,0.5,0.035141556,14.228169,2.4703305,32.30635,-0.0073383952,-0.20862716,-0.0066921262,0.16849099,1.2770029,1.4258949
2294,3294000.0,5.4529164,1.5551832,3.8977332,-0.26720308,1.0371238,1.2058167,0.80357834,-0.61728395,0.5,2.7789217,4.0278853,3.9759427,0.33293719,0.048822577,-0.18024541,0.02474104,2.6178645,2.4431883,0.64116619,0.15,1.7309866,0.5,0.035620344,14.036922,2.5017154,32.30635,-0.017547018,-0.20697481,-0.014673441,0.12570821,4.7248519,1.2711829
2295,3295000.0,5.4830758,1.5227698,3.960306,-0.2588696,1.0155078,1.1956745,0.76600644,-0.61728395,0.5,2.6211315,3.811286,3.924757,0.12735162,-0.029791099,-0.067353072,0.024344186,2.4676047,2.288222,0.65180715,0.15,1.744959,0.5,0.036211508,13.807765,2.4805986,32.30635,0.0023693873,-0.17064319,-0.0065470701,0.20583077,-3.0406586,0.5116708
2296,3296000.0,5.4606014,1.559594,3.9010074,-0.24346231,1.0400653,1.1844094,0.84034711,-0.61728395,0.5,2.7338942,3.9235244,4.0339177,0.24424049,-0.065389128,-0.045034019,0.01042483,2.5654676,2.4041212,0.66158141,0.15,1.7610667,0.5,0.036754523,13.603768,2.4886416,32.30635,0.008582936,-0.21032502,0.023269099,0.24713224,-0.81017006,-0.95507531
2297,3297000.0,5.5163722,1.562241,3.9541311,-0.23196323,1.0418305,1.1961893,0.82820144,-0.61728395,0.5,2.726503,4.041471,3.9599356,0.17810237,0.044187943,0.065521437,0.055359256,2.5605107,2.3934501,0.66579929,0.15,1.7658153,0.5,0.03698885,13.517587,2.473919,32.30635,0.0046566155,-0.15976509,0.0099298394,0.16136703,-0.46050612,0.52751442
2298,3298000.0,5.4939689,1.5667347,3.9272342,-0.25804131,1.0448273,1.2263565,0.7934557,-0.61728395,0.5,2.7606329,3.9464651,3.9574357,0.37799795,0.029611676,-0.26214415,0.056599977,2.6016046,2.4191806,0.66767268,0.15,1.7917494,0.5,0.037092927,13.479659,2.4700011,32.30635,-0.0021705608,-0.17744668,-0.012144914,0.15691866,1.6365402,-6.9566678
2299,3299000.0,5.4673112,1.5739365,3.8933747,-0.25735014,1.0496301,1.2151714,0.82047231,-0.61728395,0.5,2.788647,4.0113167,3.9689671,0.38565702,-0.035783476,-0.037676949,-0.0096582339,2.6242038,2.4503089,0.65668105,0.15,1.7926154,0.5,0.036482281,13.705284,2.4884454,32.30635,0.025576968,-0.19348524,-0.022901649,0.13085844,0.64000043,3.5275257
2300,3300000.0,5.4360466,1.5333145,3.9027321,-0.24525578,1.0225399,1.1909172,0.78942166,-0.61728395,0.5,2.8440066,4.1349635,3.985123,0.41193337,-0.024382138,-0.30026064,-0.066929517,2.6857868,2.5124216,0.64819871,0.15,1.7846523,0.5,0.036011039,13.884631,2.4850735,32.30635,-0.0060884436,-0.17540321,0.00026056436,0.20603844,3.3912534,7.5005199
2301,3301000.0,5.4736836,1.5402059,3.9334777,-0.25386,1.0271357,1.2112703,0.7721311,-0.61728395,0.5,2.6327679,3.9061777,3.9095234,0.082602597,0.04140783,-0.023077106,0.0067760398,2.4780135,2.295516,0.63002478,0.15,1.7803998,0.5,0.035001377,14.285152,2.4872453,32.30635,-0.032819606,-0.1725211,-0.016161678,0.13756093,-2.0127042,-2.8896981
2302,3302000.0,5.4639536,1.5803566,3.883597,-0.24880814,1.0539115,1.2303699,0.80959123,-0.61728395,0.5,2.8418172,4.0708965,4.0857328,0.36882232,0.021837219,-0.035343184,-0.0058556009,2.6795549,2.4992475,0.62618593,0.15,1.7147185,0.5,0.034788107,14.372728,2.489728,32.30635,0.0063382747,-0.11370026,0.038434388,0.16888616,1.5177662,-5.852157
2303,3303000.0,5.427383,1.5242826,3.9031004,-0.24247402,1.0165167,1.1962594,0.76760508,-0.61728395,0.5,2.6554054,3.886102,3.8867561,0.19335806,0.01436926,0.15591765,0.018147021,2.5015582,2.322333,0.62436139,0.15,1.689323,0.5,0.034686744,14.414729,2.4780256,32.30635,0.011325652,-0.21572798,-0.0068991525,0.17010752,0.39149462,-6.8918132
2304,3304000.0,5.4572394,1.5476917,3.9095477,-0.25979365,1.0321278,1.1798032,0.82777577,-0.61728395,0.5,2.8793305,4.1005403,4.0410644,0.49638691,0.060904322,-0.11800065,0.10260557,2.7134236,2.55084,0.62990155,0.15,1.724823,0.5,0.03499453,14.287947,2.497548,32.30635,-0.029638695,-0.17668041,0.0043074267,0.17301239,0.25488577,7.0897065
2305,3305000.0,5.4464929,1.5426766,3.9038164,-0.27164777,1.0287833,1.1951006,0.79853167,-0.61728395,0.5,2.7347632,3.9216104,4.0195679,0.26311134,-0.020682924,0.037429545,-0.077214581,2.5747175,2.4020135,0.64041628,0.15,1.7228111,0.5,0.035578682,14.053359,2.4927818,32.30635,0.018622336,-0.2279062,-0.0046401856,0.19198149,-5.3316562,1.9778427
2306,3306000.0,5.4663669,1.5130259,3.953341,-0.26910494,1.0090098,1.1677157,0.78931649,-0.61728395,0.5,2.4018263,3.7205828,3.6300807,-0.14518452,0.022756972,-0.091324778,-0.0057260239,2.2436276,2.0767013,0.64925412,0.15,1.6863175,0.5,0.036069673,13.862061,2.4793604,32.30635,-0.00094294762,-0.15957374,0.0035813888,0.1899654,-2.0722426,-6.2138399
2307,3307000.0,5.4225511,1.5491968,3.8733542,-0.26640861,1.0331316,1.1967074,0.8066916,-0.61728395,0.5,2.9060058,4.1791391,4.0198438,0.51903459,0.049030638,-0.11479374,-0.013253704,2.7443247,2.5728087,0.65865611,0.15,1.6739012,0.5,0.036592006,13.664187,2.4804034,32.30635,-0.014766475,-0.17707124,-0.011454721,0.17792028,0.73223715,4.4407322
2308,3308000.0,5.4215614,1.539181,3.8823804,-0.27094327,1.0264522,1.2027708,0.78230498,-0.61728395,0.5,3.0460469,4.1992386,4.2292553,0.70964696,-0.055078344,-0.087305447,0.058022776,2.8892535,2.7111616,0.66861303,0.15,1.6701302,0.5,0.037145169,13.460701,2.470514,32.30635,-0.020816178,-0.19544477,-0.0060551087,0.19978984,1.3781125,3.6426266
2309,3309000.0,5.4186031,1.5360196,3.8825835,-0.26711772,1.0243439,1.2091977,0.76833801,-0.61728395,0.5,2.6245138,3.9530235,3.8288446,0.091673315,-0.04603345,-0.091958938,0.058667831,2.4705197,2.287839,0.67083048,0.15,1.6804204,0.5,0.03726836,13.416206,2.4878886,32.30635,-0.040090672,-0.17118932,-0.038116172,0.19250167,0.42755826,-2.5056599
2310,3310000.0,5.4047527,1.5225628,3.8821899,-0.27998132,1.0153698,1.1870285,0.77768748,-0.61728395,0.5,2.4755663,3.6630774,3.8313353,-0.067713809,-0.055160276,-0.34765709,0.016826488,2.3196983,2.145064,0.66444463,0.15,1.709993,0.5,0.036913591,13.545147,2.4821936,32.30635,0.0094718981,-0.16744304,0.0016148418,0.12902907,-0.77053719,1.8860955
2311,3311000.0,5.3903815,1.4990796,3.891302,-0.25684406,0.9997093,1.1614488,0.77579454,-0.61728395,0.5,2.7940935,4.0334725,3.9993187,0.34948918,0.075175075,-0.15190039,0.085162052,2.6386049,2.4707133,0.65192583,0.15,1.7088361,0.5,0.036218102,13.805251,2.5358672,32.30635,0.0013621195,-0.21798183,-0.017276815,0.22606412,-3.4353235,5.2876857
2312,3312000.0,5.412679,1.523297,3.889382,-0.25730454,1.0158594,1.1772278,0.79247266,-0.61728395,0.5,2.947207,4.1485207,4.1254947,0.56760561,0.019482033,-0.1267922,0.012213564,2.7883757,2.6194335,0.63766282,0.15,1.7511615,0.5,0.035425712,14.114042,2.5006115,32.30635,0.012215271,-0.17421513,-0.020995149,0.22870031,-0.49681057,4.9183609
2313,3313000.0,5.4651736,1.5502326,3.914941,-0.2332664,1.0338223,1.1829343,0.82747588,-0.61728395,0.5,2.6054212,3.9080077,3.9185141,-0.010258196,-0.025574462,-0.068239472,-0.028535058,2.4395744,2.2760589,0.62942781,0.15,1.6981581,0.5,0.034968212,14.298701,2.477777,32.30635,0.014712329,-0.20500301,-0.029005127,0.21275383,0.55003555,-3.7456701
2314,3314000.0,5.4622147,1.5128323,3.9493824,-0.24612284,1.0088807,1.159768,0.80004878,-0.61728395,0.5,2.529302,3.8482016,3.8011396,-0.061435228,0.068941339,-0.15640614,0.093051306,2.3689522,2.2063898,0.63317673,0.15,1.6816075,0.5,0.035176485,14.214041,2.5031675,32.30635,0.0044153729,-0.16428428,-0.0009264666,0.17625695,5.2790543,-6.0032194
2315,3315000.0,5.4281702,1.5177818,3.9103884,-0.2491136,1.0121814,1.1615114,0.80551542,-0.61728395,0.5,2.7077364,3.9532511,3.9733907,0.19656734,0.017076839,0.24641624,-0.0079457616,2.546291,2.3843388,0.63843547,0.15,1.7077397,0.5,0.035468637,14.096961,2.4854717,32.30635,0.017344577,-0.17260141,-0.013194447,0.17566608,2.677061,6.9655517
2316,3316000.0,5.4571939,1.5269041,3.9302899,-0.25664988,1.0182649,1.1643052,0.81617368,-0.61728395,0.5,3.0065987,4.211994,4.1640883,0.64371388,-0.029669214,-0.13507709,0.026147711,2.8430171,2.6824233,0.64735852,0.15,1.7146155,0.5,0.035964362,13.902652,2.4816541,32.30635,-0.0044018948,-0.16552645,0.020291843,0.19679337,5.3753673,-1.5726329
2317,3317000.0,5.4454818,1.5657248,3.879757,-0.25764173,1.0441538,1.2131947,0.81013019,-0.61728395,0.5,2.901284,4.0646312,4.1167481,0.52247254,0.081566532,-0.15451535,-0.049378205,2.7389136,2.5634963,0.65602272,0.15,1.7439343,0.5,0.036445707,13.719037,2.4669138,32.30635,-0.0087599885,-0.1775594,0.0040761762,0.23011126,-3.9625019,0.57372711
2318,3318000.0,5.4393673,1.5351819,3.9041853,-0.25016399,1.0237853,1.1854081,0.80005122,-0.61728395,0.5,2.7378741,3.9694511,3.9686365,0.27553485,-0.0063643447,-0.21213296,0.04392345,2.5775239,2.4078231,0.66487497,0.15,1.7250826,0.5,0.036937498,13.53638,2.4882561,32.30635,0.021907665,-0.19424571,0.005681544,0.20465764,-3.6098677,3.5945129
2319,3319000.0,5.4589336,1.5564235,3.9025101,-0.25729482,1.0379509,1.1975314,0.81706494,-0.61728395,0.5,2.8458215,4.1203782,3.9768838,0.44020257,-0.022055213,0.15245452,-0.015494889,2.6820613,2.512395,0.66460499,0.15,1.7158312,0.5,0.036922499,13.541879,2.4882267,32.30635,-0.012478323,-0.20476721,-0.029491157,0.18925455,-3.4854425,-7.0983346
2320,3320000.0,5.437739,1.5469118,3.8908273,-0.26193634,1.0316077,1.2117519,0.78214996,-0.61728395,0.5,2.7358119,3.9656172,3.9307739,0.31104455,0.061831457,-0.0033009854,0.076398031,2.5790495,2.3984259,0.65846097,0.15,1.7099681,0.5,0.036581165,13.668236,2.4914866,32.30635,0.0060926568,-0.1639019,-0.010789322,0.1486576,4.0280535,1.5757691
2321,3321000.0,5.4325916,1.5272929,3.9052987,-0.25930496,1.0185242,1.2038541,0.76185259,-0.61728395,0.5,2.7441631,3.9598561,3.9605649,0.31206823,0.010036705,-0.20134008,-0.073220394,2.5914688,2.4089761,0.65011931,0.15,1.7066029,0.5,0.03611774,13.843613,2.4849665,32.30635,-0.0003086843,-0.18549549,0.010523438,0.18487708,2.4052169,5.173427
2322,3322000.0,5.438162,1.534973,3.903189,-0.23905604,1.023646,1.2019714,0.77670868,-0.61728395,0.5,2.5098106,3.7867404,3.8238175,-0.081126267,-0.0012486048,-0.23403405,0.050263723,2.3541387,2.1751478,0.64858256,0.15,1.7167096,0.5,0.036032365,13.876414,2.4835519,32.30635,-0.034491949,-0.22597037,0.029404637,0.21462287,1.607309,-2.7379797
2323,3323000.0,5.4637722,1.5404965,3.9232757,-0.24377269,1.0273295,1.2035945,0.78325739,-0.61728395,0.5,2.6161345,3.8806219,3.8793628,0.088418947,-0.0082562593,-0.037373043,0.041149421,2.4591502,2.2810198,0.64121085,0.15,1.7463543,0.5,0.035622825,14.035945,2.4897041,32.30635,-0.0071605623,-0.13748571,-0.024941067,0.18925674,2.6699648,-7.1374472
2324,3324000.0,5.4874398,1.5435665,3.9438733,-0.23539122,1.0293768,1.1850313,0.8139382,-0.61728395,0.5,2.7921333,3.9664036,3.987777,0.42221909,0.045929129,-0.023900506,-0.060085407,2.6289997,2.4621871,0.6374983,0.15,1.7531428,0.5,0.035416572,14.117685,2.4938403,32.30635,-0.0056452823,-0.24355916,-0.017878469,0.21553376,-0.77212907,-4.0996211
2325,3325000.0,5.5146014,1.5595638,3.9550376,-0.2542303,1.0400451,1.2003012,0.81822231,-0.61728395,0.5,2.813671,3.9389067,4.0590917,0.44301466,0.010286383,-0.24346603,-0.063195435,2.6496788,2.4794733,0.64131809,0.15,1.7408597,0.5,0.035628783,14.033598,2.5210317,32.30635,-0.016520897,-0.16313992,0.036978166,0.21029031,0.034697645,3.7062461
2326,3326000.0,5.4698265,1.5499134,3.9199132,-0.24434298,1.0336094,1.2030715,0.79899267,-0.61728395,0.5,2.6479252,3.9352733,3.933867,0.074635368,-0.070442542,-0.14810475,-0.087696502,2.4877871,2.3129561,0.6380965,0.15,1.7242455,0.5,0.035449806,14.10445,2.4783518,32.30635,0.017520156,-0.12139711,-2.6084525e-05,0.20246382,1.7021173,-4.3276952
2327,3327000.0,5.4942034,1.5408632,3.9533402,-0.26223356,1.027574,1.2018079,0.78632361,-0.61728395,0.5,2.8435706,4.0222774,4.0440218,0.46441248,0.014658141,-0.15405277,-0.01067597,2.6859717,2.5089533,0.64499591,0.15,1.704181,0.5,0.035833106,13.953577,2.4915288,32.30635,0.010328513,-0.20745271,0.03362803,0.17738007,2.973755,2.9987277
2328,3328000.0,5.4784073,1.5688481,3.9095592,-0.24521436,1.0462367,1.1947624,0.84071418,-0.61728395,0.5,2.8709285,4.0266002,4.0468835,0.53930174,0.023816897,0.11295989,0.10479691,2.7024283,2.5382729,0.64777127,0.15,1.7142575,0.5,0.035987293,13.893793,2.4990574,32.30635,0.0069619206,-0.24793347,0.024261561,0.21364832,-3.5649716,4.4631523
2329,3329000.0,5.4814175,1.5727635,3.908654,-0.26752361,1.0488478,1.2196835,0.81233467,-0.61728395,0.5,2.7380571,3.8641266,3.9835229,0.36652183,-0.039176716,-0.33157969,-0.083556969,2.5752449,2.3984628,0.64848744,0.15,1.7115759,0.5,0.03602708,13.878449,2.4889545,32.30635,0.028630675,-0.27732455,0.019144218,0.14702069,0.59321937,-7.5678942
2330,3330000.0,5.5213113,1.607795,3.9135164,-0.25073833,1.0722096,1.2631345,0.80780688,-0.61728395,0.5,2.6662648,3.8718634,3.9794221,0.147509,0.0040690777,0.08376795,-0.082135908,2.5043602,2.3145725,0.65001655,0.15,1.7063224,0.5,0.03611203,13.845801,2.4782745,32.30635,-0.035200768,-0.15175856,-0.017998154,0.17559668,-0.99394957,1.1935862
2331,3331000.0,5.5284237,1.5762763,3.9521474,-0.24601926,1.0511904,1.2431827,0.7852885,-0.61728395,0.5,2.6797518,3.9147896,3.8792757,0.2451901,-0.047021455,-0.032540384,-0.014335837,2.5223604,2.3336146,0.65266702,0.15,1.6958384,0.5,0.036259279,13.789574,2.4850723,32.30635,-0.015730943,-0.21275104,-0.0037301327,0.1801949,-1.4408318,4.3748411
2332,3332000.0,5.5122231,1.5879107,3.9243124,-0.25398401,1.0589491,1.2467868,0.79882489,-0.61728395,0.5,2.8544134,4.0527409,4.1530989,0.35740055,-0.016032032,0.15775185,0.097055047,2.694309,2.5072728,0.65035534,0.15,1.6883715,0.5,0.036130852,13.838589,2.4849812,32.30635,-0.016454594,-0.16739877,-0.0052147621,0.14553143,-4.2176864,1.3482405
2333,3333000.0,5.5269356,1.588388,3.9385476,-0.24739397,1.0592675,1.221182,0.83515554,-0.61728395,0.5,2.7969943,4.0416167,4.0184991,0.33086721,0.060349799,-0.54462178,-0.056023264,2.6296083,2.4569828,0.64336188,0.15,1.6941592,0.5,0.035742327,13.989017,2.4705206,32.30635,-0.024140252,-0.17496065,-0.025377235,0.26461994,3.4485913,-1.3158731
2334,3334000.0,5.510821,1.58888,3.921941,-0.2507294,1.0595956,1.2269323,0.82795141,-0.61728395,0.5,2.6224941,3.9082743,3.9019287,0.05727934,0.0061687999,-0.063584804,0.10421168,2.456552,2.2808815,0.63836829,0.15,1.670638,0.5,0.035464905,14.098445,2.4810962,32.30635,-0.00092460799,-0.19716393,0.0034352841,0.12054372,2.0402518,0.51158046
2335,3335000.0,5.5182434,1.5574609,3.9607824,-0.25405227,1.0386428,1.2238328,0.78218082,-0.61728395,0.5,2.5334078,3.8352858,3.7785578,-0.013620124,0.014756807,0.10314641,0.095179415,2.3766392,2.1926582,0.6364645,0.15,1.6482145,0.5,0.035359139,14.140616,2.4902471,32.30635,-0.015371805,-0.29366867,0.020390615,0.19871236,1.3550578,0.77683452
2336,3336000.0,5.5345311,1.5831568,3.9513743,-0.26350165,1.0557789,1.2100825,0.8422373,-0.61728395,0.5,2.5660136,3.7806496,3.8306332,0.086758014,0.034214524,0.1219021,0.046665968,2.3972082,2.2290925,0.63829695,0.15,1.6467613,0.5,0.035460942,14.10002,2.4802658,32.30635,-0.0052564977,-0.14904481,-0.0027384654,0.17283529,0.25959401,-1.9273488
2337,3337000.0,5.5160652,1.5622612,3.953804,-0.24549857,1.041844,1.2117376,0.8066341,-0.61728395,0.5,2.9083357,4.1822411,4.0452865,0.49747966,-0.01205711,0.1172728,0.0052324602,2.7466661,2.5709538,0.64166344,0.15,1.6340743,0.5,0.035647969,14.026045,2.4989941,32.30635,0.041162411,-0.18997003,-0.027545881,0.21927427,-2.1317803,2.4322285
2338,3338000.0,5.5283903,1.5728526,3.9555377,-0.277475,1.0489072,1.2217376,0.80962312,-0.61728395,0.5,2.8954901,4.0577058,4.1055653,0.5231992,-0.0060972166,-0.12942167,-0.05913568,2.7332214,2.5553239,0.64852484,0.15,1.7092751,0.5,0.036029158,13.877649,2.4786384,32.30635,-0.015835114,-0.17393698,-0.010676395,0.15558398,-1.1297714,5.8700975
2339,3339000.0,5.5248503,1.6041951,3.9206551,-0.27609965,1.069809,1.2531691,0.81591314,-0.61728395,0.5,2.8076395,4.0214799,4.0515259,0.3499126,-0.0016482227,-0.099556555,0.20512633,2.6441101,2.4587218,0.6527909,0.15,1.7162132,0.5,0.036266161,13.786957,2.4925355,32.30635,0.012717626,-0.16147163,0.0049908757,0.17843598,-0.64155274,-1.2470842
2340,3340000.0,5.4793014,1.5501082,3.9291932,-0.23422406,1.0337394,1.203653,0.79849543,-0.61728395,0.5,2.6938758,3.9669943,3.892154,0.22247927,0.014143021,-0.0049199727,0.05892539,2.5338374,2.3587448,0.65705275,0.15,1.7751178,0.5,0.03650293,13.69753,2.5050198,32.30635,-0.021730794,-0.22202076,-0.008663672,0.23091442,4.445915,-3.8385818
2341,3341000.0,5.4709534,1.538174,3.9327794,-0.2483021,1.0257806,1.1991642,0.78571018,-0.61728395,0.5,2.5426474,3.8031515,3.8296724,-0.0048818247,0.0088600221,-0.14989285,0.078285458,2.3851714,2.2087662,0.64726636,0.15,1.7237632,0.5,0.035959242,13.904631,2.4747373,32.30635,-0.023038899,-0.22824298,-0.0047633019,0.13411024,1.6786086,-4.1188151
2342,3342000.0,5.4789877,1.5740965,3.9048912,-0.2549048,1.0497367,1.2059722,0.83350667,-0.61728395,0.5,2.8637792,4.0559984,4.0842042,0.45113503,-0.055724112,-0.053239566,-0.016153473,2.6967236,2.5280025,0.64186871,0.15,1.7266091,0.5,0.035659373,14.021559,2.4823857,32.30635,-0.014904121,-0.12800674,-0.011819756,0.13431304,-1.5428357,-2.6066088
2343,3343000.0,5.4701648,1.5693065,3.9008583,-0.26030863,1.0465424,1.2227169,0.8026108,-0.61728395,0.5,2.5785446,3.7538767,3.9069694,0.074787768,0.010167197,-0.22850764,-0.06293958,2.4176813,2.2381057,0.63582515,0.15,1.6822493,0.5,0.035323619,14.154835,2.5055833,32.30635,-0.011808948,-0.24763879,-0.010935178,0.21270012,1.2913803,-0.7098627
2344,3344000.0,5.4971775,1.5394212,3.9577563,-0.24706098,1.0266124,1.1841692,0.8085288,-0.61728395,0.5,2.5093715,3.7333726,3.8363421,-0.041600224,-0.010413027,0.051285983,-0.04202059,2.3473221,2.1796654,0.63967938,0.15,1.6433154,0.5,0.035537743,14.069548,2.4711695,32.30635,-0.011130134,-0.21893439,0.015699039,0.17070386,1.6797442,-2.7110547
2345,3345000.0,5.4428904,1.5353724,3.907518,-0.26528143,1.0239123,1.1927279,0.79018623,-0.61728395,0.5,2.7139023,3.8754412,4.0209576,0.24530817,-0.062165993,-0.1266528,0.096909877,2.5555292,2.3818132,0.64214449,0.15,1.6450643,0.5,0.035674694,14.015537,2.4847979,32.30635,0.0038681221,-0.16989678,0.00020486003,0.15699076,1.3007614,2.8208768
2346,3346000.0,5.5074185,1.5480686,3.9593499,-0.24469632,1.0323792,1.1969274,0.80458774,-0.61728395,0.5,2.7601626,4.0202739,3.9789308,0.28128314,0.041431153,-0.3424846,-0.012556997,2.5989031,2.4269042,0.64869235,0.15,1.6980408,0.5,0.036038464,13.874065,2.4880087,32.30635,0.013374703,-0.15630736,0.025080721,0.16645604,2.7788058,3.2387925
2347,3347000.0,5.494939,1.5658321,3.9291069,-0.25787037,1.0442253,1.2053327,0.82122313,-0.61728395,0.5,2.5983033,3.857279,3.8786262,0.059004667,-0.059967877,-0.065639842,-0.077600373,2.4337097,2.2627047,0.65370692,0.15,1.7225278,0.5,0.036317051,13.767638,2.4715414,32.30635,0.014365086,-0.13594049,-0.020040947,0.13676843,1.1502149,-4.4555015
2348,3348000.0,5.481243,1.5746498,3.9065932,-0.25150249,1.0501057,1.2282974,0.80337477,-0.61728395,0.5,2.9302167,4.124599,4.1593724,0.50667874,-0.062967903,-0.11886857,0.14946617,2.7692003,2.588224,0.65798974,0.15,1.6995893,0.5,0.036554985,13.678025,2.482203,32.30635,-0.046803246,-0.21783492,0.011708019,0.23389014,2.8832208,-0.30663328
2349,3349000.0,5.4680621,1.5505591,3.917503,-0.26388877,1.0340401,1.2057909,0.79624418,-0.61728395,0.5,2.652796,3.9443033,3.9090952,0.10498958,0.021414266,-0.27921672,0.030001121,2.4932088,2.3170698,0.65339278,0.15,1.6891624,0.5,0.036299599,13.774257,2.4825688,32.30635,-0.011670546,-0.17386198,-0.0086641607,0.16862181,1.5378511,-0.38301677
2350,3350000.0,5.4925425,1.5603653,3.9321772,-0.24942592,1.0405796,1.2197293,0.79251028,-0.61728395,0.5,2.6228453,3.8088753,3.887154,0.17250674,0.015620077,-0.13573316,-0.082834262,2.4640065,2.2832382,0.64864482,0.15,1.7116983,0.5,0.036035823,13.875082,2.5003973,32.30635,0.021796945,-0.21448304,-0.0020207808,0.25797986,-2.8116558,-4.3381719
2351,3351000.0,5.5055928,1.568291,3.9373018,-0.24778167,1.0458652,1.2160973,0.81018814,-0.61728395,0.5,2.6804214,3.9658236,3.8588339,0.21660679,-0.028888436,-0.27898613,0.023477041,2.5180395,2.3418256,0.64197459,0.15,1.6849274,0.5,0.035665255,14.019246,2.4916458,32.30635,-0.0041935674,-0.14182651,0.02261354,0.20497778,2.405143,-0.03837047
2352,3352000.0,5.4890237,1.571363,3.9176607,-0.27038736,1.0479138,1.2020306,0.8346256,-0.61728395,0.5,2.7915782,3.9791248,4.0208616,0.37474813,-0.031701805,-0.43154586,-0.086686719,2.6242983,2.4568989,0.63831851,0.15,1.6910585,0.5,0.03546214,14.099544,2.4674612,32.30635,0.022959312,-0.19498317,-0.0034689684,0.1861265,6.6473737,-0.52929502
2353,3353000.0,5.4838789,1.5727995,3.9110794,-0.26166513,1.0488718,1.1970617,0.84381785,-0.61728395,0.5,2.8981736,4.073467,4.1590878,0.46196603,0.0067795553,-0.041219598,0.046087204,2.7290514,2.5648778,0.6389816,0.15,1.6485926,0.5,0.035498978,14.084913,2.4842996,32.30635,-0.0043323536,-0.1508106,-0.020804449,0.2040572,0.75792165,6.3621736
2354,3354000.0,5.4602923,1.5745665,3.8857258,-0.25142633,1.0500501,1.2038414,0.83721575,-0.61728395,0.5,2.6331062,3.9185429,3.9224773,0.058298263,-0.014648155,-0.21243063,0.057222476,2.4653072,2.2979227,0.64342974,0.15,1.7340202,0.5,0.035746096,13.987541,2.4828897,32.30635,-0.0091093993,-0.1574726,0.0068264072,0.13647432,0.97107,-3.1692307
2355,3355000.0,5.4521832,1.5034669,3.9487163,-0.23827592,1.0026351,1.1694968,0.77160693,-0.61728395,0.5,2.7646526,3.9880503,3.9573967,0.34851084,0.036526324,0.016701079,0.048380747,2.6100033,2.4390317,0.64386844,0.15,1.6886314,0.5,0.035770469,13.978011,2.4709802,32.30635,-0.0080804837,-0.16929275,0.0017240369,0.14437501,0.16725663,6.6206357
2356,3356000.0,5.4637109,1.591361,3.8723499,-0.26437237,1.0612501,1.2292922,0.82862739,-0.61728395,0.5,2.6617835,3.8860299,3.8896813,0.2096394,0.021078366,-0.25377347,0.018215999,2.4957059,2.3195139,0.65325581,0.15,1.635099,0.5,0.036291989,13.777145,2.50389,32.30635,0.0043850565,-0.18920861,0.0016581424,0.21787571,3.5226628,-0.21281711
2357,3357000.0,5.4741389,1.5755792,3.8985598,-0.26042526,1.0507255,1.1881284,0.86065817,-0.61728395,0.5,2.787692,4.0116781,4.0132566,0.33814132,0.025440392,-0.025714968,0.060482658,2.6151946,2.4568835,0.65263168,0.15,1.6207656,0.5,0.036257315,13.79032,2.4875984,32.30635,0.00095134351,-0.25975925,-0.0084896982,0.1695754,3.4950232,1.6932268
2358,3358000.0,5.4645995,1.537005,3.9275944,-0.2482283,1.0250011,1.1928836,0.79257207,-0.61728395,0.5,2.6534571,3.9094679,3.8964142,0.15448908,-0.1037904,0.015730492,0.025933217,2.4946058,2.3213246,0.65087672,0.15,1.644874,0.5,0.036159818,13.827503,2.4985023,32.30635,0.004698169,-0.2092087,0.0011575646,0.18144154,-0.94636393,-3.2304915
2359,3359000.0,5.4557352,1.5306741,3.9250611,-0.25516948,1.0207791,1.1893841,0.78734303,-0.61728395,0.5,2.6892997,3.8951881,3.9224921,0.25021883,0.021207012,-0.21450655,-0.0017722099,2.5314965,2.3581416,0.64984156,0.15,1.6226078,0.5,0.036102309,13.84953,2.4722687,32.30635,0.020829224,-0.16099437,0.012090075,0.21819626,-3.8849699,-2.5282687
2360,3360000.0,5.4393173,1.5322208,3.9070965,-0.25927176,1.0218106,1.1812681,0.80108294,-0.61728395,0.5,2.9560617,4.1310803,4.141789,0.59531573,-0.0036642,0.050216592,0.053126338,2.7955046,2.6271633,0.64779896,0.15,1.61438,0.5,0.035988831,13.893199,2.4823795,32.30635,-0.0073880673,-0.21168611,0.010893741,0.16741413,-1.2544895,-2.160196
2361,3361000.0,5.4398332,1.5339716,3.9058616,-0.25194995,1.0229782,1.2000599,0.77776817,-0.61728395,0.5,2.4164033,3.6586226,3.8003869,-0.20979972,0.0053197647,-0.27152434,0.039853665,2.2605191,2.0822727,0.64515236,0.15,1.5858395,0.5,0.035841798,13.950193,2.4987193,32.30635,-0.018758474,-0.21171708,-0.00093879765,0.13140198,3.5390664,6.4307666
2362,3362000.0,5.4281931,1.492477,3.9357161,-0.26509932,0.99530618,1.1651004,0.7601984,-0.61728395,0.5,2.7656324,4.0076034,3.9329584,0.35633549,-0.0025202004,-0.010169396,0.029522549,2.6132697,2.4412356,0.64429343,0.15,1.6213374,0.5,0.035794079,13.968791,2.4915418,32.30635,0.005414251,-0.28364032,0.0052997199,0.24079231,-2.7330662,0.10887659
2363,3363000.0,5.4493779,1.5311536,3.9182243,-0.25641781,1.0210989,1.1730856,0.81074905,-0.61728395,0.5,2.8984426,4.0462623,4.123052,0.52601332,-0.037448949,-0.17584791,0.0081196888,2.7359482,2.5718224,0.6400039,0.15,1.5915073,0.5,0.035555772,14.062414,2.4778396,32.30635,0.0019603174,-0.18719864,0.021429541,0.17291532,0.69591198,-7.4951672
2364,3364000.0,5.430293,1.5056003,3.9246927,-0.2622842,1.0040578,1.1663608,0.77936362,-0.61728395,0.5,3.0140557,4.098785,4.1945424,0.74883975,-0.024175259,0.15638091,-0.021104053,2.8578518,2.6893079,0.64291576,0.15,1.6911112,0.5,0.035717542,13.998724,2.4930996,32.30635,-0.032743987,-0.15720426,-0.015682582,0.18771009,0.59973698,0.58466298
2365,3365000.0,5.459729,1.5416175,3.9181115,-0.23409158,1.0280771,1.1850607,0.81079099,-0.61728395,0.5,2.7872933,4.0399593,4.0408143,0.28110624,-0.038167288,-0.078484625,-0.12113752,2.6247905,2.4573389,0.64297289,0.15,1.7009336,0.5,0.035720716,13.99748,2.5082152,32.30635,0.043046427,-0.21627971,0.01770133,0.14694222,1.7070123,3.4723294
2366,3366000.0,5.4483789,1.5437669,3.904612,-0.25216153,1.0295105,1.1977429,0.79659871,-0.61728395,0.5,2.4887303,3.7590549,3.8161073,-0.10897135,-0.05388102,-0.029277371,-0.058459052,2.329072,2.1552448,0.64957776,0.15,1.7087649,0.5,0.036087653,13.855154,2.4848932,32.30635,0.0056284986,-0.17213373,0.0069266711,0.19726932,1.8426011,-2.0883037
2367,3367000.0,5.4798145,1.5510429,3.9287716,-0.24517361,1.0343627,1.1866485,0.82360757,-0.61728395,0.5,2.5529891,3.8289492,3.8425683,-0.012550225,-0.013557944,0.067378266,0.065769612,2.3879176,2.2225926,0.65230805,0.15,1.7533937,0.5,0.036239336,13.797162,2.4986902,32.30635,0.00089903714,-0.16465166,0.011552846,0.16663624,2.7823852,-5.4871766
2368,3368000.0,5.4681459,1.5497767,3.9183692,-0.27568328,1.0335183,1.1905343,0.81619148,-0.61728395,0.5,3.0658881,4.2021536,4.2014668,0.79404376,-0.05110917,-0.073694351,0.12474872,2.9023029,2.7344097,0.65920422,0.15,1.7142957,0.5,0.036622457,13.652825,2.4783179,32.30635,0.0049686185,-0.16919953,-0.051792447,0.2386822,0.67400644,5.2354817
2369,3369000.0,5.4476071,1.5545638,3.8930433,-0.25376513,1.0367107,1.1974314,0.81423984,-0.61728395,0.5,2.8088204,4.082129,4.029595,0.31473729,0.0026901818,-0.22054085,0.038722672,2.6456264,2.4754217,0.65838451,0.15,1.6519171,0.5,0.036576917,13.669823,2.4934896,32.30635,0.031434359,-0.1945763,0.0070114722,0.18382645,1.0227126,-2.6545703
2370,3370000.0,5.4349056,1.5337442,3.9011614,-0.25789035,1.0228265,1.2021019,0.7745689,-0.61728395,0.5,2.5908568,3.889931,3.8539898,0.028649532,-0.0015400209,-0.30106579,0.062200417,2.4356138,2.2561577,0.65607467,0.15,1.6640589,0.5,0.036448593,13.717951,2.4847882,32.30635,-0.0094309317,-0.16610228,-0.021318498,0.1786783,0.28023538,2.0398658
2371,3371000.0,5.4759171,1.572282,3.9036352,-0.27074119,1.0485266,1.2099007,0.82515727,-0.61728395,0.5,2.635002,3.8759126,3.9179589,0.1111344,0.049030782,-0.070176118,0.020835953,2.4696198,2.2981315,0.64720805,0.15,1.6964662,0.5,0.035956003,13.905884,2.4657367,32.30635,-0.0014299981,-0.20711339,0.010379066,0.16908495,-1.9846963,6.8888992
2372,3372000.0,5.4214226,1.529049,3.8923737,-0.25888943,1.0196953,1.1749443,0.80481256,-0.61728395,0.5,2.9674087,4.1180353,4.1729228,0.61126786,0.034281624,-0.03690477,0.033823263,2.8061041,2.640271,0.639277,0.15,1.7292808,0.5,0.035515389,14.078404,2.5195119,32.30635,0.0047005166,-0.15123961,-0.0097160295,0.17852039,-2.3795388,5.9385402
2373,3373000.0,5.4623433,1.5249867,3.9373566,-0.23623323,1.0169863,1.1892801,0.7784229,-0.61728395,0.5,2.5644753,3.904481,3.7742899,0.014655011,-0.013922058,0.13762891,0.011309578,2.4084599,2.2333461,0.63238104,0.15,1.7177123,0.5,0.03513228,14.231926,2.4832025,32.30635,-0.029412773,-0.21721372,-0.011630645,0.17431208,-1.3018849,-3.2893089
2374,3374000.0,5.4790084,1.536994,3.9420144,-0.26301477,1.0249938,1.1835125,0.80557269,-0.61728395,0.5,2.6501397,3.8543507,3.9063215,0.1897468,-0.049579469,-0.15587143,-0.14558382,2.4886828,2.3206164,0.63102405,0.15,1.7161449,0.5,0.035056891,14.262531,2.4767807,32.30635,-0.014423383,-0.14296929,0.0013772002,0.16361989,1.024534,-0.93967734
2375,3375000.0,5.4508678,1.4993607,3.951507,-0.24219442,0.99989679,1.1541514,0.78638004,-0.61728395,0.5,2.7210522,3.9574262,3.960222,0.24550824,0.0072732064,-0.0073123993,0.047193974,2.563442,2.3997038,0.63839671,0.15,1.6836582,0.5,0.035466484,14.097817,2.4830675,32.30635,-0.024652031,-0.21287172,0.037026231,0.28934115,-1.4363568,-3.4421433
2376,3376000.0,5.4310391,1.5061748,3.9248643,-0.27663529,1.0044409,1.1748659,0.76846408,-0.61728395,0.5,2.7778099,3.9766502,3.9833508,0.37342881,0.0050825627,0.22481142,-0.044392066,2.6237905,2.4506941,0.6465378,0.15,1.6618262,0.5,0.035918767,13.9203,2.5096521,32.30635,0.0017333995,-0.15273276,0.0036848089,0.23850244,-4.3038122,1.380912
2377,3377000.0,5.4739939,1.5398019,3.934192,-0.23399882,1.0268662,1.1831635,0.81053267,-0.61728395,0.5,2.9667859,4.1721245,4.1550075,0.57322567,-0.073453285,-0.11729357,0.12934812,2.8043349,2.6373598,0.64890828,0.15,1.6601735,0.5,0.03605046,13.869449,2.5031089,32.30635,-0.0018608977,-0.16653566,-0.006470786,0.17322516,2.4580828,-2.2082795
2378,3378000.0,5.4579717,1.5198885,3.9380832,-0.25535089,1.0135864,1.1459033,0.83055583,-0.61728395,0.5,2.4422557,3.757735,3.7397681,-0.17073611,0.068737566,-0.34184114,-0.04810769,2.2757915,2.1232038,0.64720304,0.15,1.683983,0.5,0.035955724,13.905992,2.4876336,32.30635,-0.010742573,-0.15781246,-0.009326865,0.14678181,0.20986903,-1.2703519
2379,3379000.0,5.4567357,1.5311278,3.9256079,-0.26349502,1.0210817,1.1904356,0.78660555,-0.61728395,0.5,2.5911438,3.849711,3.9151595,0.0085607877,-0.010638774,0.11079787,-0.063157095,2.4334884,2.2596929,0.65065817,0.15,1.7109558,0.5,0.036147676,13.832148,2.484884,32.30635,-0.0076540585,-0.17785603,-0.026126928,0.16987694,-4.6901721,-4.9634184
2380,3380000.0,5.4768132,1.5325463,3.9442669,-0.23641283,1.0220276,1.1805116,0.80265269,-0.61728395,0.5,2.8433438,4.0471731,4.067282,0.41557614,-0.01032706,0.15367706,0.057206549,2.6824721,2.514656,0.65101085,0.15,1.7576696,0.5,0.036167269,13.824654,2.4853283,32.30635,-0.013185139,-0.13943785,0.012360146,0.16083888,-5.2999628,-0.23830727
2381,3381000.0,5.4648973,1.5423341,3.9225633,-0.2597214,1.0285549,1.1896441,0.8055659,-0.61728395,0.5,2.758466,4.0037884,3.9759554,0.29565436,0.072694761,0.085381192,-0.024675151,2.5970105,2.4272355,0.65496092,0.15,1.7961342,0.5,0.036386718,13.741278,2.4897593,32.30635,0.029548254,-0.19891467,0.0079144797,0.1585356,-1.1827531,-1.2749162
2382,3382000.0,5.4821097,1.5495864,3.9325233,-0.25681505,1.0333914,1.2125701,0.78527624,-0.61728395,0.5,2.7359361,3.8769501,4.0042583,0.32659985,-0.016979077,-0.037990994,0.19625611,2.5785471,2.3983224,0.65161032,0.15,1.7978565,0.5,0.036200573,13.811936,2.4780278,32.30635,0.0012266217,-0.14444875,0.00012250044,0.26262237,1.7819679,-5.7222406
2383,3383000.0,5.4858968,1.5569873,3.9289095,-0.25623974,1.0383269,1.2155652,0.79291122,-0.61728395,0.5,2.7865293,3.9072541,4.0850462,0.36728749,0.035528101,0.075304227,0.034709324,2.62761,2.4480816,0.64854614,0.15,1.7658441,0.5,0.036030341,13.877193,2.4948154,32.30635,-0.0062933969,-0.21487192,-0.0042470043,0.19770204,3.9862933,0.22616468
2384,3384000.0,5.4595699,1.5429839,3.916586,-0.24851095,1.0289883,1.1994431,0.79298891,-0.61728395,0.5,2.6194807,3.9327516,3.8220611,0.10362956,0.032736544,-0.29975892,0.04477115,2.460546,2.2855219,0.64508067,0.15,1.6895197,0.5,0.035837815,13.951743,2.4909865,32.30635,-0.0048982848,-0.22338763,0.016678434,0.18783078,2.5015151,3.754279
2385,3385000.0,5.4669963,1.513051,3.9539454,-0.22575853,1.0090266,1.1577129,0.80325232,-0.61728395,0.5,2.7742346,4.0208842,4.0231102,0.2787095,-0.030359897,-0.0055356788,-0.021093771,2.6132428,2.4518947,0.64199511,0.15,1.7249021,0.5,0.035666395,14.018798,2.4919724,32.30635,0.00084517147,-0.21145763,-0.01430435,0.18576078,-4.7663475,-2.2791702
2386,3386000.0,5.4804082,1.5815747,3.8988335,-0.25183139,1.0547238,1.218992,0.82733879,-0.61728395,0.5,2.7545538,4.0135019,3.9602456,0.28991374,0.013044234,-0.10980786,-0.038815677,2.5887344,2.415152,0.63838225,0.15,1.6908392,0.5,0.03546568,14.098136,2.4660318,32.30635,-0.038902671,-0.195378,0.0031834441,0.18477571,-0.47808924,-5.1362833
2387,3387000.0,5.4824708,1.5741946,3.9082762,-0.2494924,1.0498022,1.2214573,0.81215134,-0.61728395,0.5,2.8666256,4.0822845,4.0375953,0.47999695,0.010324169,-0.21463198,-0.16795906,2.7038502,2.5265374,0.63418734,0.15,1.6764974,0.5,0.03523263,14.19139,2.4868397,32.30635,0.012211376,-0.19448305,0.0047170361,0.15166119,-1.99425,-3.0378615
2388,3388000.0,5.507695,1.5549516,3.9527434,-0.24266866,1.0369694,1.1760665,0.84453778,-0.61728395,0.5,2.5771849,3.9125434,3.8486665,-0.029655114,-0.073728995,-0.051627175,-0.023438972,2.4079185,2.2497348,0.63656828,0.15,1.7215647,0.5,0.035364905,14.13831,2.4785828,32.30635,0.008328063,-0.21295606,0.0047220585,0.15952794,2.6133429,-1.7453033
2389,3389000.0,5.4727385,1.555165,3.9175735,-0.28295717,1.0371117,1.1996663,0.81209332,-0.61728395,0.5,2.8712265,4.0798257,4.0093352,0.52451853,-0.025113767,-0.021060174,-0.07534147,2.7084627,2.5372055,0.64482272,0.15,1.7477305,0.5,0.035823485,13.957325,2.4904086,32.30635,0.005363737,-0.19831158,0.00011587841,0.20453969,3.3288749,4.1014031
2390,3390000.0,5.454315,1.5554005,3.8989145,-0.25191868,1.0372687,1.2115589,0.79594762,-0.61728395,0.5,2.9329598,4.0467433,4.188067,0.56406919,0.022064036,-0.14590517,-0.080408715,2.773432,2.5956276,0.6464205,0.15,1.7516472,0.5,0.03591225,13.922826,2.4948143,32.30635,-0.007921602,-0.22425912,-0.044722174,0.26497162,4.6528128,2.2537118
2391,3391000.0,5.491552,1.5389058,3.9526462,-0.21306776,1.0262687,1.1890012,0.80099497,-0.61728395,0.5,2.6240322,3.9060922,3.9278325,0.038172052,-0.028890306,-0.26653507,-0.033861343,2.4634928,2.2929807,0.65248239,0.15,1.7241099,0.5,0.036249022,13.793476,2.4842493,32.30635,-0.01344342,-0.17612128,0.012107886,0.18249669,-1.8899544,1.0132895
2392,3392000.0,5.469917,1.574794,3.895123,-0.26474254,1.0502019,1.2192024,0.81623916,-0.61728395,0.5,2.8596292,4.0177053,4.099511,0.46167129,-0.00062118313,-0.1502264,-0.020244834,2.6960345,2.5201688,0.65466537,0.15,1.7530673,0.5,0.036370298,13.747481,2.4781679,32.30635,0.027159406,-0.15176218,-0.025153404,0.22706211,-4.9091011,6.072928
2393,3393000.0,5.4059839,1.5628846,3.8430993,-0.27627849,1.0422597,1.2388236,0.77000009,-0.61728395,0.5,2.8082047,4.0508822,3.9805291,0.39320279,-0.0076868951,-0.22337837,-0.098275618,2.6538774,2.4632812,0.65381438,0.15,1.7732112,0.5,0.036323021,13.765375,2.4872768,32.30635,0.020016141,-0.20589065,-0.0084001297,0.19726036,-1.7046957,5.0409191
2394,3394000.0,5.4452485,1.5289695,3.9162791,-0.2447254,1.0196423,1.1781114,0.80028613,-0.61728395,0.5,2.8765163,4.1226881,4.0677725,0.43908831,0.022546593,-0.25689435,-0.088869574,2.7161189,2.5484968,0.65258333,0.15,1.725003,0.5,0.036254629,13.791342,2.5038526,32.30635,-0.0073309202,-0.18133359,-0.02409407,0.24352711,0.53003242,0.40703198
2395,3395000.0,5.4347501,1.5239711,3.910779,-0.2320184,1.016309,1.1874525,0.77934304,-0.61728395,0.5,2.6867196,3.9195263,3.8980616,0.24257078,0.0088576789,-0.2262624,-0.095692678,2.5305197,2.3560992,0.65000502,0.15,1.7163894,0.5,0.03611139,13.846047,2.4867494,32.30635,-0.003765077,-0.24793061,0.0076557724,0.26713023,3.9562735,-2.7042756
2396,3396000.0,5.473348,1.5419506,3.9313974,-0.24324196,1.0282992,1.1905608,0.80368127,-0.61728395,0.5,2.4912931,3.8265561,3.7753053,-0.12798206,-0.025009074,-0.11270286,-0.0064626737,2.3302153,2.1598074,0.6515298,0.15,1.6892536,0.5,0.0361961,13.813643,2.4783718,32.30635,-0.00020986645,-0.14271743,-0.01500109,0.21722368,1.1703141,1.9028953
2397,3397000.0,5.4242384,1.5378718,3.8863666,-0.2588057,1.0255791,1.1938224,0.79264934,-0.61728395,0.5,2.6166544,3.8589284,3.9173284,0.073706264,-0.0062981221,-0.37362999,-0.11921971,2.4577876,2.2842605,0.64765585,0.15,1.6784896,0.5,0.035980881,13.896269,2.4703935,32.30635,-0.0063724231,-0.15719364,0.0072781373,0.1331833,-0.38752759,1.6487835
2398,3398000.0,5.4433557,1.5062505,3.9371052,-0.24535462,1.0044914,1.1919804,0.74480951,-0.61728395,0.5,2.9615999,4.1338089,4.1385487,0.61244195,0.052585524,-0.22585762,-0.062255245,2.8123214,2.6297189,0.65196318,0.15,1.6888433,0.5,0.036220177,13.804461,2.5112945,32.30635,-0.0051002981,-0.25994331,0.0052887542,0.23620544,1.7405331,-0.019339448
2399,3399000.0,5.4128944,1.5329709,3.8799235,-0.25791121,1.0223108,1.1992104,0.77735325,-0.61728395,0.5,2.6825679,3.9382297,3.930941,0.178533,0.013103872,-0.076938553,-0.013586999,2.5267669,2.3486739,0.64700137,0.15,1.677817,0.5,0.035944521,13.910326,2.4803506,32.30635,0.015845241,-0.17307668,-0.0088932496,0.19843719,-0.17092105,-0.57439063
2400,3400000.0,5.473078,1.5461363,3.9269416,-0.25901862,1.0310906,1.1923748,0.80783257,-0.61728395,0.5,2.7058619,3.9622692,3.9771526,0.17816392,-0.013016423,0.019265452,0.088927788,2.5439521,2.3738711,0.64652086,0.15,1.7169883,0.5,0.035917825,13.920665,2.4744712,32.30635,-0.01983364,-0.13407519,-0.014403971,0.20737191,-0.91820698,-5.4214751
2401,3401000.0,5.44318,1.5063784,3.9368016,-0.26272181,1.0045767,1.1933296,0.74313909,-0.61728395,0.5,2.6187724,3.8334555,3.8734562,0.14940552,-0.006324102,0.16928227,0.073636783,2.4698288,2.2865158,0.64411617,0.15,1.7395533,0.5,0.035784231,13.972635,2.4821566,32.30635,-0.0065141083,-0.24380565,0.010043096,0.19044184,1.7750515,3.9716695
2402,3402000.0,5.4662985,1.54422,3.9220785,-0.24118735,1.0298126,1.1938432,0.80273835,-0.61728395,0.5,2.6613826,3.8589303,3.9963285,0.12888905,0.060145029,0.2845904,0.016647511,2.5004938,2.328983,0.64951572,0.15,1.7108648,0.5,0.036084207,13.856478,2.4989429,32.30635,0.046445286,-0.18847499,0.030948733,0.22009621,-0.98266199,-6.747964
2403,3403000.0,5.4090836,1.5534193,3.8556643,-0.27402049,1.0359475,1.2337288,0.76199176,-0.61728395,0.5,3.0441086,4.2056329,4.1748647,0.7518282,-0.035283168,-0.34444375,0.054731512,2.8913864,2.7006037,0.6515968,0.15,1.6516031,0.5,0.036199822,13.812222,2.4675541,32.30635,-0.023267955,-0.24551454,0.0018334392,0.15150822,-0.2980865,3.8697876
2404,3404000.0,5.4687507,1.5459077,3.922843,-0.25065826,1.0309381,1.1793476,0.82556526,-0.61728395,0.5,2.8793119,3.9578955,4.14048,0.53956011,0.015611158,-0.009471743,-0.11767856,2.7138479,2.5509482,0.65323807,0.15,1.6742283,0.5,0.036291004,13.777519,2.4818813,32.30635,-0.017080795,-0.26830331,-0.0039617223,0.12674145,-5.2071807,0.97324764
2405,3405000.0,5.4576423,1.5565278,3.9011146,-0.26613726,1.0380204,1.2172812,0.78979485,-0.61728395,0.5,2.6795916,3.8913205,3.9444339,0.20302041,-0.024406302,-0.24343977,0.029593314,2.521297,2.3406661,0.6485464,0.15,1.6931887,0.5,0.036030356,13.877187,2.4726756,32.30635,0.02537637,-0.1808861,0.013502024,0.20756291,0.066247146,-2.1474167
2406,3406000.0,5.4727172,1.5374266,3.9352906,-0.24004185,1.0252822,1.1620512,0.83607595,-0.61728395,0.5,3.0413066,4.1384611,4.2116335,0.77382528,-0.0038667107,-0.11661438,-0.1344676,2.8737361,2.7177588,0.64547156,0.15,1.703328,0.5,0.035859531,13.943294,2.4725973,32.30635,-0.006292899,-0.18320499,0.021473464,0.1899891,1.0229657,7.9469868
2407,3407000.0,5.4403333,1.5504612,3.8898721,-0.25041853,1.0339748,1.2189441,0.77781586,-0.61728395,0.5,2.7476676,3.9030755,4.0457538,0.2941735,-0.0053925652,-0.33382027,-0.0045349495,2.5917739,2.4082791,0.64135488,0.15,1.7216255,0.5,0.035630827,14.032792,2.4858568,32.30635,-0.002363478,-0.21130584,-0.0094014728,0.26793012,5.536252,-2.4158056
2408,3408000.0,5.5013326,1.5646453,3.9366873,-0.25665641,1.0434339,1.1965451,0.83153913,-0.61728395,0.5,2.4246804,3.671724,3.7110801,-0.10876307,-0.0011378434,-0.21476993,-0.15397885,2.2580191,2.0915284,0.63291335,0.15,1.7120394,0.5,0.035161853,14.219956,2.4852478,32.30635,-0.010569716,-0.15965515,-0.042211893,0.18386768,4.3189826,-3.5320867
2409,3409000.0,5.5059077,1.5391558,3.9667519,-0.25269478,1.0264354,1.172877,0.82379297,-0.61728395,0.5,2.7258672,3.9448722,3.9812995,0.25143,0.011489343,-0.16150213,-0.015124682,2.5607585,2.3993052,0.6340174,0.15,1.720734,0.5,0.035223189,14.195194,2.4702784,32.30635,-0.0040434767,-0.18873618,0.0048616721,0.17583685,-0.98639485,1.250695
2410,3410000.0,5.462157,1.5699801,3.892177,-0.25213957,1.0469916,1.2294695,0.7943036,-0.61728395,0.5,2.593747,3.8565005,3.8834694,0.04127096,-0.026473471,-0.34089704,-0.040416207,2.4345487,2.2514279,0.640212,0.15,1.7526205,0.5,0.035567333,14.057843,2.5010404,32.30635,0.00068747974,-0.2237523,0.012181609,0.17990187,-5.0375437,-5.8298205
2411,3411000.0,5.4696829,1.5192024,3.9504805,-0.26691391,1.0131288,1.1906134,0.76735141,-0.61728395,0.5,2.9540799,4.1097444,4.1061659,0.6463295,0.018726182,0.2355935,-0.015306061,2.8002835,2.6225795,0.64544795,0.15,1.7207525,0.5,0.035858219,13.943804,2.4696582,32.30635,-0.014114572,-0.16272639,0.0028190255,0.15254468,-3.9823069,5.8274236
2412,3412000.0,5.4864046,1.5793759,3.9070287,-0.27274466,1.0532574,1.229967,0.80858774,-0.61728395,0.5,2.7721526,3.932711,4.0090477,0.3746992,-0.0058258048,-0.25924349,-0.098501391,2.6100914,2.4296951,0.65454902,0.15,1.7352514,0.5,0.036363835,13.749925,2.4914382,32.30635,-0.017047822,-0.21896224,-0.014431463,0.17798286,4.1287166,1.6964153
2413,3413000.0,5.5165581,1.5375916,3.9789664,-0.23430275,1.0253923,1.1805432,0.81065016,-0.61728395,0.5,2.5529722,3.8755276,3.8542873,-0.070898358,-0.057612437,-0.051205674,0.045913959,2.3904976,2.2242756,0.65835265,0.15,1.6845398,0.5,0.036575147,13.670485,2.4875089,32.30635,0.029262905,-0.19374099,0.012760497,0.14749069,1.7941273,2.8617963
2414,3414000.0,5.4682281,1.540793,3.9274351,-0.24113469,1.0275272,1.1968955,0.79303613,-0.61728395,0.5,3.0288052,4.2407061,4.1937368,0.65197259,0.00017658474,-0.044021327,-0.019634915,2.8698609,2.6955557,0.65783885,0.15,1.7127601,0.5,0.036546603,13.681162,2.4765991,32.30635,-0.016263943,-0.14232112,-0.025237642,0.18033315,0.31975955,1.7920562
2415,3415000.0,5.4584816,1.5234793,3.9350023,-0.28058735,1.015981,1.1843431,0.78287877,-0.61728395,0.5,2.8237291,3.9640215,4.0573358,0.44982998,0.020449881,-0.079021832,0.037222371,2.6668206,2.4939745,0.65046216,0.15,1.7086103,0.5,0.036136787,13.836316,2.5091927,32.30635,-0.0015939265,-0.17385432,-0.026869764,0.13971192,-3.5489264,0.94815127
2416,3416000.0,5.4916015,1.5528296,3.938772,-0.25873775,1.0355542,1.2067704,0.79850213,-0.61728395,0.5,2.6481638,3.8701676,3.8805222,0.1938017,-0.044991047,0.19156563,-0.10850452,2.488124,2.3121649,0.64525608,0.15,1.7085025,0.5,0.03584756,13.947951,2.4794979,32.30635,-0.0051411121,-0.18283177,0.0079657465,0.22996423,-3.9876872,1.9536708
2417,3417000.0,5.4497911,1.5298649,3.9199262,-0.23591931,1.0202394,1.169705,0.81339131,-0.61728395,0.5,2.6670596,3.9196481,3.9231344,0.15839631,-0.014856086,0.40659011,-0.11876181,2.5040356,2.3413807,0.63908737,0.15,1.6694831,0.5,0.035504854,14.082582,2.4781128,32.30635,-0.016992574,-0.14258969,-0.016874427,0.15357218,-3.0050456,0.86783107
2418,3418000.0,5.4614774,1.4982851,3.9631923,-0.24533104,0.9991795,1.1533846,0.78573096,-0.61728395,0.5,3.033773,4.1746616,4.1972375,0.72941985,-0.04012333,-0.056297457,-0.020997816,2.8762929,2.7126381,0.63364078,0.15,1.6899183,0.5,0.035202266,14.203631,2.4564642,32.30635,9.0528147e-05,-0.15631753,0.0048640729,0.17112501,2.0681447,2.1578046
2419,3419000.0,5.4413833,1.5437827,3.8976006,-0.26628635,1.029521,1.2157804,0.7715665,-0.61728395,0.5,2.7544023,3.9972561,3.9635918,0.30235903,0.0089081443,-0.42095508,0.01927002,2.5997611,2.4158947,0.6395154,0.15,1.6257376,0.5,0.035528633,14.073156,2.4954757,32.30635,0.0022982739,-0.16512367,-0.0047920772,0.23089496,1.7878648,3.749789
2420,3420000.0,5.4063427,1.5203477,3.885995,-0.25977072,1.0138926,1.1677423,0.8009493,-0.61728395,0.5,2.7190339,3.9636382,3.9110057,0.28245772,-0.015779459,-0.019209718,0.12695983,2.5585036,2.3939014,0.6412687,0.15,1.6279151,0.5,0.035626039,14.034678,2.4896967,32.30635,-0.0067615832,-0.19712167,0.02015968,0.20091019,0.8095294,3.9869277
2421,3421000.0,5.4042577,1.4764197,3.9278381,-0.26587211,0.98459779,1.1205704,0.79646636,-0.61728395,0.5,2.6120532,3.8742564,3.8486247,0.11327854,-0.083192189,0.27589324,-0.034537965,2.4524214,2.3000548,0.64331484,0.15,1.6404688,0.5,0.035739713,13.99004,2.4959137,32.30635,-0.0139476,-0.16288193,0.017737572,0.20215917,0.29802067,0.18143619
2422,3422000.0,5.3868511,1.5201102,3.8667409,-0.23025824,1.0137342,1.1759514,0.78916668,-0.61728395,0.5,2.8474657,4.1284562,4.0652889,0.34865208,0.020799159,0.14233251,0.067430338,2.689297,2.5200477,0.64985861,0.15,1.652776,0.5,0.036103256,13.849166,2.4980492,32.30635,0.01997249,-0.19636732,-0.010125978,0.18824274,-0.33807878,-2.5563156
2423,3423000.0,5.3969636,1.5079839,3.8889797,-0.24736231,1.0056474,1.173256,0.77358402,-0.61728395,0.5,2.6201578,3.8510226,3.8598338,0.14961695,-0.00601351,-0.17160286,-0.067187052,2.4651122,2.2934902,0.65020883,0.15,1.6578981,0.5,0.036122713,13.841707,2.4788532,32.30635,0.0007761147,-0.16534347,-0.0025021763,0.21037042,1.9996123,1.8083554
2424,3424000.0,5.3782594,1.5142326,3.8640269,-0.25586548,1.0098145,1.1743449,0.78203057,-0.61728395,0.5,3.0570942,4.1981122,4.1949624,0.7782079,-0.031473311,0.17263542,-0.096215512,2.9003557,2.7301234,0.65151797,0.15,1.6990052,0.5,0.036195443,13.813894,2.4950317,32.30635,0.008172228,-0.16585085,0.00081656545,0.21418694,-0.71834029,3.329007
2425,3425000.0,5.3983286,1.5036679,3.8946606,-0.26201744,1.0027692,1.1641489,0.77935663,-0.61728395,0.5,2.793273,3.9496683,3.9942097,0.43594093,-0.04534217,0.15682093,0.04613858,2.6370704,2.4691411,0.64753905,0.15,1.704827,0.5,0.035974392,13.898776,2.4787802,32.30635,-0.025601683,-0.16185002,0.0092692533,0.20289307,-2.909817,-1.5040483
2426,3426000.0,5.4026851,1.5030401,3.8996449,-0.24355424,1.0023505,1.1372879,0.81567094,-0.61728395,0.5,2.7573267,3.9834341,3.968569,0.31997708,0.0015711065,-0.072339191,0.053691459,2.5938459,2.4406737,0.64505329,0.15,1.7561571,0.5,0.035836294,13.952336,2.4923658,32.30635,0.012843463,-0.22333656,-0.0049794992,0.17077948,0.5183406,2.3571594
2427,3427000.0,5.3923146,1.4971014,3.8952132,-0.26160296,0.99839008,1.1379921,0.80522736,-0.61728395,0.5,2.5584625,3.7920679,3.8697092,0.013610217,-0.033145104,-0.21946966,-0.0090762862,2.3970748,2.2416133,0.64225637,0.15,1.7213428,0.5,0.03568091,14.013096,2.4921832,32.30635,-0.041231281,-0.20961902,-0.012729325,0.17387515,-0.95517042,-0.7238502
2428,3428000.0,5.3834802,1.5287018,3.8547784,-0.27047908,1.0194638,1.1804259,0.79664419,-0.61728395,0.5,2.7758506,3.962615,4.0171584,0.3477783,-0.025345272,0.13662012,-0.11761216,2.6161832,2.4471867,0.64415754,0.15,1.7472728,0.5,0.03578653,13.971737,2.4896979,32.30635,-0.0078373359,-0.20802576,0.021956174,0.11421436,-2.6690411,-4.126113
2429,3429000.0,5.3551481,1.497769,3.8573791,-0.25815605,0.99883528,1.1739469,0.75634336,-0.61728395,0.5,2.7110715,4.0064274,3.9452282,0.18155901,0.030989425,-0.024480104,-0.13554343,2.5594814,2.3842116,0.65017674,0.15,1.7511656,0.5,0.03612093,13.84239,2.509572,32.30635,-0.002328995,-0.18692005,0.015383534,0.18004358,3.3070318,2.6130445
2430,3430000.0,5.4180892,1.51583,3.9022592,-0.26274005,1.0108799,1.1838226,0.77141027,-0.61728395,0.5,2.7508761,3.9135233,4.02045,0.31865483,-0.0099580726,-0.052346921,0.087535194,2.5962662,2.4212664,0.65468746,0.15,1.7622911,0.5,0.036371525,13.747018,2.4833685,32.30635,0.012789847,-0.19811567,0.01155579,0.15150268,6.1248206,5.7590232
2431,3431000.0,5.436307,1.5447703,3.8915366,-0.25925257,1.0301796,1.194964,0.80205844,-0.61728395,0.5,2.6159982,3.9599374,3.8583895,0.029667845,-0.014184144,0.07150135,-0.0051399948,2.4552457,2.2832865,0.6591959,0.15,1.7219987,0.5,0.036621994,13.652998,2.4807178,32.30635,-0.020261406,-0.19546403,-0.04427517,0.16608557,0.89391116,0.25241436
2432,3432000.0,5.4507157,1.5417858,3.9089299,-0.25722294,1.0281893,1.1699071,0.83211044,-0.61728395,0.5,3.0345435,4.2109285,4.1724344,0.72026776,-0.0037098856,-0.1422433,0.049707999,2.8677678,2.7088084,0.65747376,0.15,1.6855052,0.5,0.03652632,13.688759,2.4985757,32.30635,0.0056689182,-0.15315823,-0.00090569729,0.16291477,-0.6739749,1.3873494
2433,3433000.0,5.4168558,1.5257841,3.8910717,-0.27270549,1.017518,1.1715678,0.80429946,-0.61728395,0.5,2.7962232,4.0860119,4.0277365,0.27492113,-0.0097298142,0.0070578043,-0.079034772,2.6350215,2.4700256,0.65234549,0.15,1.6831809,0.5,0.036241416,13.79637,2.474855,32.30635,0.016701557,-0.20691563,-0.019066946,0.14230652,-2.6457501,-3.7140794
2434,3434000.0,5.4143308,1.5235315,3.8907993,-0.27933219,1.0160158,1.1765646,0.79376774,-0.61728395,0.5,2.7548458,3.9766148,3.953459,0.33446371,-0.02596424,-0.029437779,0.091966561,2.5957549,2.427257,0.64456516,0.15,1.6655623,0.5,0.035809176,13.962902,2.4813027,32.30635,0.009954426,-0.25357388,0.020644016,0.19182738,-1.3439856,9.1222238
2435,3435000.0,5.4295273,1.5125457,3.9169817,-0.24327498,1.0086896,1.172388,0.78206038,-0.61728395,0.5,2.5491231,3.8142008,3.8139559,0.019212632,0.0066629587,0.057169215,0.042270591,2.3923787,2.2226972,0.64083076,0.15,1.6593177,0.5,0.035601709,14.04427,2.5112648,32.30635,-0.001001604,-0.2184582,0.0011922268,0.27122569,2.7891733,-1.1051098
2436,3436000.0,5.4390608,1.5073494,3.9317114,-0.25373522,1.0052243,1.1620055,0.78820179,-0.61728395,0.5,2.6282077,3.9387343,3.8778859,0.068002816,0.01848011,-0.10099356,0.069555378,2.4702323,2.3046726,0.63650597,0.15,1.6572733,0.5,0.035361443,14.139695,2.4909221,32.30635,0.0071764539,-0.15495857,-0.010287195,0.17018192,2.8091231,-1.5048064
2437,3437000.0,5.4052725,1.5178086,3.8874638,-0.26212766,1.0121994,1.1918405,0.76342543,-0.61728395,0.5,3.0132034,4.0978725,4.1523937,0.78934401,0.016860711,-0.30631459,-0.039783801,2.8601939,2.6813614,0.64515148,0.15,1.6431226,0.5,0.035841749,13.950212,2.4932457,32.30635,-0.014393694,-0.2152961,0.0023667389,0.21177431,2.1482466,2.5425285
2438,3438000.0,5.4219443,1.5167659,3.9051784,-0.2533915,1.011504,1.184752,0.77161082,-0.61728395,0.5,2.4743212,3.8175464,3.7867789,-0.18136161,-0.010280786,-0.082141033,-0.060290606,2.3196711,2.1444528,0.65325532,0.15,1.683311,0.5,0.036291962,13.777155,2.4987061,32.30635,0.02201187,-0.1213105,-0.00025336333,0.14995896,1.1301896,-1.4368834
2439,3439000.0,5.4169349,1.5118725,3.9050624,-0.26631729,1.0082407,1.1737698,0.77906786,-0.61728395,0.5,2.8003968,4.0668758,3.9948043,0.33951035,-0.027314915,-0.22595129,-0.02509271,2.6442521,2.4735861,0.66042736,0.15,1.7226596,0.5,0.036690409,13.62754,2.4848721,32.30635,0.0072322546,-0.14293347,-0.019474537,0.19443741,-2.1994904,0.60721253
2440,3440000.0,5.4162798,1.5229898,3.89329,-0.27153773,1.0156546,1.1863411,0.77932302,-0.61728395,0.5,2.6348993,3.8252298,3.857969,0.22149916,-0.038603972,0.093808973,0.10805811,2.4787035,2.3045885,0.66415572,0.15,1.7385669,0.5,0.03689754,13.551039,2.4899393,32.30635,-0.0026387145,-0.19059414,-0.018723927,0.22966447,-2.387859,-5.3559616
2441,3441000.0,5.412787,1.5027407,3.9100463,-0.24695939,1.0021508,1.1705444,0.76899415,-0.61728395,0.5,2.6531638,3.8946171,3.9292877,0.13558657,0.038764965,-0.18376797,-0.064823655,2.4990381,2.3272512,0.66278203,0.15,1.7303637,0.5,0.036821224,13.579125,2.5116057,32.30635,-0.027499553,-0.25135768,-0.00029945628,0.19061296,0.71214105,3.8926211
2442,3442000.0,5.4709836,1.5244051,3.9465785,-0.25059853,1.0165984,1.1823237,0.78715965,-0.61728395,0.5,2.6304465,3.8748638,3.8568805,0.15959522,-0.041569103,-0.15861561,0.02075747,2.47268,2.3012542,0.65852917,0.15,1.724373,0.5,0.036584954,13.666821,2.4771558,32.30635,-0.0011705439,-0.14251961,-0.00092981433,0.14406821,-0.35990896,1.3040124
2443,3443000.0,5.4699424,1.5391956,3.9307468,-0.25872784,1.026462,1.1871993,0.80395997,-0.61728395,0.5,2.6857266,3.8721827,3.9408156,0.24418141,-0.012765604,-0.089539018,0.068895372,2.5245929,2.3551768,0.64848054,0.15,1.6802596,0.5,0.036026697,13.878597,2.4722593,32.30635,0.0051475858,-0.20410256,-0.014731084,0.14240074,0.18714733,3.4687135
2444,3444000.0,5.4586388,1.5350225,3.9236163,-0.24235867,1.023679,1.1980203,0.78227638,-0.61728395,0.5,2.7685948,4.0326691,3.9624281,0.31068732,-0.007034208,0.12629544,0.10587913,2.6118071,2.4350322,0.64137592,0.15,1.6732435,0.5,0.035631996,14.032332,2.480356,32.30635,0.0065081722,-0.18728646,0.003828581,0.17222435,1.3613826,-2.0915333
2445,3445000.0,5.4576183,1.5653758,3.8922426,-0.24894724,1.043921,1.2002839,0.82750952,-0.61728395,0.5,2.8270207,4.0355788,4.0417551,0.40372827,0.056446087,-0.027851345,-0.0086619744,2.6611671,2.4928278,0.63771075,0.15,1.63597,0.5,0.035428375,14.112981,2.4631786,32.30635,-0.042174015,-0.20453556,-0.0086183239,0.18078451,2.6023807,-1.0344688
2446,3446000.0,5.4538262,1.5029192,3.950907,-0.24449663,1.0022699,1.1532763,0.79326735,-0.61728395,0.5,2.7973122,4.0221603,3.9962665,0.37350981,-0.020265036,-0.17015457,0.024665166,2.6383216,2.4762075,0.63471384,0.15,1.6439459,0.5,0.03526188,14.179618,2.4755299,32.30635,-0.020015878,-0.17894352,-0.0066008322,0.23825025,-1.0699467,2.2780637
2447,3447000.0,5.4482044,1.5559409,3.8922635,-0.26716442,1.0376291,1.240108,0.75714878,-0.61728395,0.5,2.7105375,3.8731294,4.0127081,0.2457749,0.01246449,-0.37165448,-0.043038384,2.5587859,2.3652564,0.63211967,0.15,1.6806825,0.5,0.03511776,14.23781,2.4946245,32.30635,0.0014380418,-0.17065503,0.026333989,0.17013346,1.5430359,6.996408
2448,3448000.0,5.4678313,1.5397134,3.9281178,-0.26053128,1.0268073,1.1814653,0.81275086,-0.61728395,0.5,2.3632715,3.7973945,3.5921771,-0.2997572,0.029612502,-0.13871815,0.10061759,2.2003759,2.0343182,0.63988519,0.15,1.6446576,0.5,0.035549177,14.065023,2.4931937,32.30635,0.016546429,-0.1826017,0.016326244,0.18905299,-2.3923742,-1.7553004
2449,3449000.0,5.436366,1.5375024,3.8988635,-0.25189961,1.0253328,1.1756451,0.81731235,-0.61728395,0.5,2.6633558,3.8832636,3.9716281,0.13517571,-0.034119866,-0.20646619,-0.033677639,2.499546,2.336023,0.63859212,0.15,1.6503949,0.5,0.03547734,14.093503,2.4916895,32.30635,-0.00022198435,-0.24292715,-0.0059353317,0.18649644,-1.7856613,0.80618042
2450,3450000.0,5.4418095,1.5171327,3.9246767,-0.27484736,1.0117486,1.1817384,0.77638188,-0.61728395,0.5,3.063795,4.1763042,4.2269942,0.78808658,0.063297,0.044474227,-0.034972654,2.9081886,2.7347656,0.64933643,0.15,1.6519579,0.5,0.036074246,13.860303,2.4902673,32.30635,-0.0023084589,-0.19916199,0.0011784169,0.18780722,-3.2771913,7.2368761
2451,3451000.0,5.4191482,1.5145141,3.9046341,-0.25989405,1.0100023,1.1725633,0.78495436,-0.61728395,0.5,2.8319286,4.0610896,4.0978941,0.33680205,-0.066645371,0.012667948,-0.12109352,2.6746041,2.5054539,0.65253607,0.15,1.676216,0.5,0.036252004,13.792341,2.4986551,32.30635,-0.0096214906,-0.20761232,0.0095571015,0.14379921,-3.2520946,-1.3517307
2452,3452000.0,5.4163877,1.4883661,3.9280216,-0.25232782,0.99256468,1.1639418,0.75525583,-0.61728395,0.5,2.5924417,3.8376083,3.8365106,0.10320609,0.034058946,-0.1281881,-0.11144601,2.4410695,2.2683674,0.66010092,0.15,1.7309562,0.5,0.036672273,13.634279,2.5028307,32.30635,-0.025215123,-0.19120492,-0.008291087,0.20881739,1.324393,-7.1033243
2453,3453000.0,5.4405981,1.5614519,3.8791462,-0.2601857,1.0413043,1.2102492,0.80741197,-0.61728395,0.5,2.7111395,3.9533364,3.9755199,0.20456232,-0.039780943,-0.25199995,-0.031816846,2.549314,2.374172,0.65571165,0.15,1.6910762,0.5,0.036428425,13.725545,2.490192,32.30635,-0.057973064,-0.23845939,-5.5111276e-05,0.21841962,2.7920354,4.1338031
2454,3454000.0,5.5097882,1.5702174,3.9395707,-0.24301077,1.0471499,1.2003947,0.83507235,-0.61728395,0.5,2.7493512,4.0024659,3.9031229,0.34246472,0.0030592063,-0.129594,0.14479142,2.5819818,2.4151274,0.64898039,0.15,1.7055095,0.5,0.036054466,13.867908,2.4873943,32.30635,-0.019477149,-0.14170676,0.017499813,0.19605204,0.88365317,3.5040003
2455,3455000.0,5.4935506,1.5542854,3.9392653,-0.25499753,1.036525,1.2013098,0.80840825,-0.61728395,0.5,2.7883715,4.0218695,4.0273839,0.31586115,0.0028122605,-0.044804817,0.050244904,2.6263463,2.4538929,0.64574535,0.15,1.7136496,0.5,0.035874742,13.937383,2.4935104,32.30635,-0.0065023659,-0.191474,-0.051765561,0.20519391,-1.6916207,1.420016
2456,3456000.0,5.4542434,1.5357422,3.9185012,-0.23884365,1.0241589,1.2014604,0.77864461,-0.61728395,0.5,2.6533095,3.9457701,3.9460626,0.068095619,0.021730291,0.12372698,0.04568741,2.4972496,2.318789,0.63438151,0.15,1.6484119,0.5,0.035243417,14.187047,2.4689779,32.30635,0.033708394,-0.17430681,-0.02227412,0.15092826,5.2242864,-1.9509763
2457,3457000.0,5.4728936,1.5418276,3.9310659,-0.23175622,1.0282172,1.2047864,0.78372318,-0.61728395,0.5,2.5941872,3.9346331,3.818572,0.029356427,-0.018218716,-0.014197599,0.033097174,2.4371095,2.2587406,0.63401201,0.15,1.6706337,0.5,0.03522289,14.195315,2.5123178,32.30635,0.012837561,-0.18711649,0.019413952,0.18075266,2.9110379,4.9121941
2458,3458000.0,5.4450799,1.5460715,3.8990085,-0.25641649,1.0310473,1.2218698,0.76675501,-0.61728395,0.5,2.8751779,4.0676104,4.0540333,0.50388996,-0.028292545,-0.0072830768,0.048652624,2.721501,2.5349748,0.62887198,0.15,1.6696936,0.5,0.034937332,14.311339,2.4968126,32.30635,-0.012602711,-0.19223209,0.024268012,0.24481006,-3.3488944,1.9044665
2459,3459000.0,5.50613,1.5508566,3.9552734,-0.23562183,1.0342384,1.1816216,0.83029402,-0.61728395,0.5,3.1735247,4.2505789,4.2867842,0.98321121,0.0037804988,-0.41608644,-0.17160995,3.0071131,2.8445279,0.63167085,0.15,1.6586609,0.5,0.035092825,14.247927,2.4684146,32.30635,-0.014747184,-0.20980899,-0.028541704,0.2335208,3.1039108,10.216661
2460,3460000.0,5.4631259,1.5206553,3.9424705,-0.24653303,1.0140978,1.1879046,0.77343023,-0.61728395,0.5,2.9025616,4.1067232,4.0551583,0.54580319,-0.035911162,0.30036363,0.047129879,2.7475468,2.5718154,0.64640719,0.15,1.7106386,0.5,0.035911511,13.923112,2.4942318,32.30635,0.013280846,-0.14132792,0.031867423,0.194395,-6.1456948,-3.7199956
2461,3461000.0,5.4388862,1.5357444,3.9031418,-0.2595013,1.0241604,1.2088503,0.76838206,-0.61728395,0.5,2.5956753,3.8638603,3.8992017,0.023963873,-0.010787349,-0.2427517,-0.0061466492,2.4416723,2.2590972,0.65638948,0.15,1.6307406,0.5,0.036466082,13.711372,2.5096491,32.30635,-0.0076103936,-0.19295379,-0.025072189,0.2102686,-2.4091145,-5.9320821
2462,3462000.0,5.4645699,1.5522478,3.912322,-0.26445532,1.0351662,1.1792968,0.83574104,-0.61728395,0.5,2.6325937,3.7677653,3.99299,0.13702582,0.0044576377,0.066555222,0.063191158,2.4650903,2.3042442,0.66372577,0.15,1.6356499,0.5,0.036873654,13.559817,2.4937719,32.30635,-0.01625507,-0.18057129,-0.0028802054,0.24763382,0.3065431,-0.81881937
2463,3463000.0,5.4566296,1.5364681,3.9201616,-0.25434425,1.024643,1.181158,0.80800522,-0.61728395,0.5,2.6543229,3.9252434,3.926508,0.11121747,0.0085245787,-0.090865319,0.0027676189,2.4923785,2.3254552,0.6640412,0.15,1.6134214,0.5,0.036891178,13.553376,2.5038382,32.30635,-0.016559809,-0.18541567,0.0091939025,0.2123296,5.0337624,0.33451898
2464,3464000.0,5.4561503,1.54362,3.9125303,-0.26684103,1.0294125,1.2084739,0.78145727,-0.61728395,0.5,2.7494289,3.9807972,3.9370149,0.33047472,-0.024666358,0.19535212,-0.024122233,2.5928054,2.4129557,0.65704457,0.15,1.6625211,0.5,0.036502476,13.697701,2.4716456,32.30635,0.022045926,-0.19570577,0.0054785297,0.1575503,2.9319571,-4.7206188
2465,3465000.0,5.4808324,1.5330617,3.9477707,-0.23993581,1.0223714,1.1807995,0.80307413,-0.61728395,0.5,2.6384851,3.8286366,3.9038555,0.18296332,-0.023894148,-0.081777657,-0.11634301,2.477529,2.3097172,0.64257436,0.15,1.6926586,0.5,0.035698576,14.006161,2.483371,32.30635,-0.028465136,-0.13540916,0.014043539,0.26716418,0.85461375,3.5441848
2466,3466000.0,5.4309382,1.5069051,3.9240331,-0.26463128,1.004928,1.1693652,0.77726957,-0.61728395,0.5,2.6074741,3.8523876,3.9242421,0.045792679,-0.028594023,-0.1608447,0.11462704,2.4516899,2.2818898,0.63307564,0.15,1.7185164,0.5,0.035170869,14.216311,2.4845041,32.30635,-0.00027288838,-0.17140639,0.0046143709,0.15051046,-0.31662744,1.7769711
2467,3467000.0,5.4105036,1.5210186,3.889485,-0.2501646,1.0143401,1.1822487,0.78186647,-0.61728395,0.5,2.8437355,4.0991491,4.0135906,0.41846688,0.029294718,0.041686767,0.01844408,2.68703,2.5145641,0.62734303,0.15,1.7120147,0.5,0.034852391,14.346218,2.4856859,32.30635,-0.0060508577,-0.14907191,-0.0001858977,0.15741717,-3.3308204,3.1506457
2468,3468000.0,5.479408,1.5515318,3.9278762,-0.26649527,1.0346887,1.2009201,0.80456084,-0.61728395,0.5,2.3704346,3.6257156,3.7234291,-0.23784105,-0.033671384,-0.0022828218,-0.10334197,2.2091805,2.0360645,0.6334659,0.15,1.7027711,0.5,0.03519255,14.207552,2.5067247,32.30635,-0.020229831,-0.16231561,0.0045028077,0.11328583,-1.4452653,-8.0120945
2469,3469000.0,5.424514,1.5376454,3.8868685,-0.24045841,1.0254282,1.1984723,0.785829,-0.61728395,0.5,2.7700033,4.0203121,4.0342525,0.25544531,0.011587417,0.19467835,0.032363876,2.6125035,2.4363148,0.64313471,0.15,1.7280361,0.5,0.035729706,13.993958,2.4783846,32.30635,0.014359012,-0.23137738,-0.011099477,0.20999499,-4.6483782,0.37176853
2470,3470000.0,5.4697729,1.5782864,3.8914865,-0.24461363,1.0525309,1.2245432,0.81438596,-0.61728395,0.5,2.7628856,3.9677195,4.0254229,0.29551431,-0.053530897,-0.042275363,-0.0029759863,2.5996623,2.4219382,0.65196298,0.15,1.659775,0.5,0.036220166,13.804465,2.4906593,32.30635,0.016792953,-0.20101242,-0.015374296,0.1701465,2.2394014,6.5823738
2471,3471000.0,5.4942532,1.55952,3.9347332,-0.26428512,1.0400159,1.2106974,0.80371027,-0.61728395,0.5,2.6010187,3.8656447,3.8537997,0.083611716,-0.0024217703,0.26142615,0.049395421,2.4399351,2.2639264,0.66351715,0.15,1.7460442,0.5,0.036862064,13.56408,2.4843136,32.30635,-0.0075387224,-0.18807452,0.021943159,0.1696421,-3.3729136,2.4486601
2472,3472000.0,5.4613057,1.5490877,3.912218,-0.27891881,1.0330588,1.179152,0.83090536,-0.61728395,0.5,2.895741,3.961582,4.1388358,0.58680516,-0.016906089,-0.21469472,0.13607943,2.7292068,2.5674318,0.66582943,0.15,1.750398,0.5,0.036990524,13.516975,2.4889485,32.30635,-0.0078924138,-0.15940168,0.018205509,0.21354777,5.9426303,4.0426741
2473,3473000.0,5.4532106,1.527018,3.9261926,-0.25678718,1.0183409,1.1745723,0.80209226,-0.61728395,0.5,2.9697987,4.1666724,4.1524982,0.59022555,0.0016034575,0.15369231,0.10378926,2.8090394,2.6427646,0.6595868,0.15,1.7073252,0.5,0.036643711,13.644906,2.4654115,32.30635,-0.010661179,-0.1732758,0.02601625,0.24129342,0.6444876,3.9152628
2474,3474000.0,5.4526803,1.5152804,3.9373998,-0.25610766,1.0105134,1.1719024,0.78709372,-0.61728395,0.5,2.4273713,3.7433534,3.7185737,-0.17981316,0.0017171953,-0.027895867,0.16615817,2.269618,2.1010806,0.65343942,0.15,1.7549639,0.5,0.03630219,13.773274,2.5270105,32.30635,-0.0083076635,-0.16359676,-0.0053210786,0.2184489,-0.9530086,-2.239738
2475,3475000.0,5.4569427,1.5381141,3.9188286,-0.25846842,1.0257407,1.1716003,0.82390619,-0.61728395,0.5,2.7549561,3.9525874,3.9695984,0.34268259,-0.036484806,-0.10501699,-0.098695883,2.5898247,2.4287495,0.64293929,0.15,1.7423698,0.5,0.03571885,13.998211,2.4984554,32.30635,0.018643375,-0.23196806,0.013978225,0.16607246,-0.85495803,9.6837587
2476,3476000.0,5.4363403,1.5449918,3.8913485,-0.2659955,1.0303274,1.1855778,0.81545072,-0.61728395,0.5,2.7005643,3.9129416,3.994568,0.19418345,0.054143005,-0.23379279,-0.019806515,2.5371276,2.370466,0.6360695,0.15,1.7270303,0.5,0.035337194,14.149397,2.471543,32.30635,-0.024759509,-0.16037604,0.017317488,0.15054822,3.6948406,1.8280702
2477,3477000.0,5.4280862,1.5087636,3.9193226,-0.25137988,1.0061674,1.1431109,0.81670378,-0.61728395,0.5,2.6288093,3.8559119,3.8968687,0.13364714,0.049492112,-0.12530936,0.062450441,2.4651214,2.3105349,0.63498264,0.15,1.7278263,0.5,0.035276813,14.173616,2.4643623,32.30635,-0.018091971,-0.19317282,0.030407042,0.20897544,0.58338721,-3.1936448
2478,3478000.0,5.4596926,1.5276686,3.932024,-0.25481306,1.0187748,1.1680013,0.8122576,-0.61728395,0.5,2.8894919,4.0622827,4.078486,0.52770715,-0.0049602498,-0.056605466,0.11395115,2.7266952,2.5642874,0.63848726,0.15,1.7241367,0.5,0.035471514,14.095818,2.4628944,32.30635,0.0011221016,-0.1319352,0.0061837286,0.15587243,0.052901731,6.173357
2479,3479000.0,5.4358954,1.502843,3.9330524,-0.23592271,1.002219,1.1611896,0.78215271,-0.61728395,0.5,2.7084966,3.9049901,3.9547977,0.26570211,-0.00085857405,-0.19857173,-0.0098426861,2.5517337,2.3851887,0.63969058,0.15,1.6902674,0.5,0.035538366,14.069302,2.4740381,32.30635,-0.01757192,-0.16213707,-0.0043680385,0.21702574,1.9848337,5.0108289
2480,3480000.0,5.3976209,1.4976829,3.899938,-0.26069605,0.99877788,1.1550769,0.78242017,-0.61728395,0.5,2.56003,3.8457161,3.830688,0.0036857779,-0.010598038,-0.026746969,-0.056167483,2.4032134,2.2384239,0.64526691,0.15,1.7119085,0.5,0.035848162,13.947717,2.4823308,32.30635,0.014611897,-0.14845072,-0.0024902376,0.18710501,4.8732415,-5.5741906
2481,3481000.0,5.4138679,1.5285026,3.8853653,-0.26149368,1.019331,1.1583217,0.82703367,-0.61728395,0.5,2.857291,4.1626047,4.0502512,0.35901695,0.0089496594,-0.31031373,-0.029190538,2.6915328,2.5347815,0.65687097,0.15,1.6727383,0.5,0.036492832,13.701321,2.4835781,32.30635,0.029861591,-0.16895168,0.0026279634,0.17593107,4.6087725,-3.1811127
2482,3482000.0,5.4070177,1.5143803,3.8926374,-0.23421089,1.0099131,1.1977492,0.74975304,-0.61728395,0.5,2.840649,3.9976914,4.03265,0.49160568,-0.038860659,0.045883071,0.13698316,2.6903798,2.5071618,0.65683712,0.15,1.6895711,0.5,0.036490951,13.702027,2.4775804,32.30635,0.0043621572,-0.13357186,0.017381858,0.20309283,-3.7216152,-1.6493526
2483,3483000.0,5.449387,1.5350185,3.9143685,-0.26998709,1.0236763,1.1822401,0.80419167,-0.61728395,0.5,2.7269919,3.9031381,3.9428674,0.33497017,0.0023548595,-0.33975607,0.057608486,2.5658118,2.3978228,0.65630223,0.15,1.6582384,0.5,0.036461235,13.713194,2.495729,32.30635,-0.0016425043,-0.1844696,-0.016962201,0.23692095,0.63397706,5.0730382
2484,3484000.0,5.4287429,1.5499065,3.8788365,-0.25115258,1.0336048,1.2029344,0.79917216,-0.61728395,0.5,3.0463179,4.2395791,4.1737237,0.72565086,0.034455826,-0.25154997,0.091531013,2.8861438,2.711387,0.65187317,0.15,1.6679348,0.5,0.036215176,13.806367,2.4916634,32.30635,0.00084595536,-0.21222975,0.014767661,0.21155149,1.2046591,6.2870741
2485,3485000.0,5.4450718,1.5423025,3.9027693,-0.24215788,1.0285339,1.2062549,0.78243996,-0.61728395,0.5,2.7622959,3.9205803,3.9896725,0.37663483,0.0015487187,-0.17709801,0.10157655,2.6054754,2.4264405,0.64257721,0.15,1.664148,0.5,0.035698734,14.006099,2.4710079,32.30635,0.015352941,-0.17186492,-0.0077450124,0.17891802,3.5836717,-6.2547012
2486,3486000.0,5.4474912,1.5400511,3.9074401,-0.25057863,1.0270325,1.1860035,0.80698472,-0.61728395,0.5,3.0546857,4.2058698,4.1424732,0.81571409,0.048909564,-0.22977624,0.012625456,2.8929458,2.7244688,0.632555,0.15,1.6730131,0.5,0.035141944,14.228012,2.4673618,32.30635,0.011061376,-0.20742107,-0.018072828,0.22954605,1.7879558,-3.232193
2487,3487000.0,5.4465668,1.5215847,3.9249821,-0.23846424,1.0147175,1.167948,0.80263498,-0.61728395,0.5,2.7740117,3.976654,4.033831,0.31155019,-0.0017516613,0.056994492,0.05606142,2.6131436,2.448822,0.63145959,0.15,1.6646222,0.5,0.035081089,14.252693,2.477924,32.30635,-0.00029930994,-0.18585903,-0.001919137,0.18171013,3.8793851,1.9942123
2488,3488000.0,5.4336643,1.5250683,3.908596,-0.24261444,1.0170407,1.1709546,0.8040106,-0.61728395,0.5,2.655162,3.9375792,3.8885611,0.13934577,0.076483929,-0.17660379,0.013302338,2.4940182,2.3291352,0.63304424,0.15,1.6514807,0.5,0.035169124,14.217016,2.47759,32.30635,0.006493245,-0.26945792,-0.016566388,0.15741275,2.5578886,1.8002559
2489,3489000.0,5.4221992,1.5138951,3.9083041,-0.26520824,1.0095895,1.1609371,0.8001186,-0.61728395,0.5,2.6238044,3.8161095,3.9540714,0.10123225,-0.029855934,-0.12712337,-0.13568488,2.4634406,2.3005667,0.63921648,0.15,1.6464488,0.5,0.035512027,14.079737,2.4872764,32.30635,0.0024452971,-0.17585653,0.0078802826,0.17303639,-4.9881428,-5.3047568
2490,3490000.0,5.4052107,1.5216587,3.883552,-0.25862791,1.0147669,1.1583296,0.81611464,-0.61728395,0.5,2.8405035,4.0004366,4.0247392,0.49633469,0.092699352,-0.24205387,0.052105233,2.6769337,2.5179918,0.64863356,0.15,1.7133893,0.5,0.036035198,13.875323,2.4835535,32.30635,0.0061481432,-0.2107222,-0.002232002,0.18181029,2.6479325,-3.5678243
2491,3491000.0,5.4157005,1.5188135,3.896887,-0.2577421,1.0128695,1.1539223,0.81770259,-0.61728395,0.5,2.8281338,4.0193474,4.0137409,0.45131316,-0.0026034878,0.020241638,0.11693707,2.6642458,2.5068493,0.65501786,0.15,1.7359231,0.5,0.036389881,13.740083,2.4884053,32.30635,-0.013575701,-0.16985102,0.0057610405,0.20838363,-1.0101015,9.2228658
2492,3492000.0,5.4303714,1.53817,3.8922015,-0.26001856,1.025778,1.1757358,0.81825026,-0.61728395,0.5,2.7268485,3.9494566,3.8974733,0.33361545,0.040703183,0.25671145,-0.069448667,2.5628507,2.3994904,0.65498596,0.15,1.6991872,0.5,0.036388109,13.740753,2.4725497,32.30635,0.0071944947,-0.2046556,0.005266287,0.16408382,-3.2785413,-0.78650536
2493,3493000.0,5.4275498,1.5307269,3.8968229,-0.2579091,1.0208143,1.155037,0.83514186,-0.61728395,0.5,2.9102421,4.1310419,4.0766052,0.52307918,0.058732792,0.20509103,-0.057442828,2.7428588,2.5886472,0.6528954,0.15,1.7022163,0.5,0.036271967,13.78475,2.4933823,32.30635,0.017573184,-0.17081501,0.029472299,0.14235978,-2.7161442,1.1804387
2494,3494000.0,5.4224914,1.503572,3.9189194,-0.25785978,1.0027052,1.1511669,0.79723817,-0.61728395,0.5,2.6514278,3.9264996,3.8826331,0.14515073,-0.00080558089,-0.064741093,0.10632717,2.4916414,2.3309105,0.65318018,0.15,1.6923347,0.5,0.036287788,13.77874,2.4778901,32.30635,-0.020892946,-0.20492404,-0.0017758671,0.18644753,0.9691661,1.8246582
2495,3495000.0,5.4436138,1.5490814,3.8945324,-0.24763808,1.0330546,1.1727396,0.83980341,-0.61728395,0.5,2.8370986,4.0149501,4.0888657,0.40747989,-0.048595867,-0.29797146,-0.018646617,2.668781,2.5105748,0.65088493,0.15,1.6625965,0.5,0.036160274,13.827329,2.4810601,32.30635,-0.014170397,-0.1758937,0.003687887,0.1495679,3.6806857,4.9632452
2496,3496000.0,5.4281417,1.535814,3.8923277,-0.26893453,1.0242068,1.1921111,0.79174696,-0.61728395,0.5,2.7532628,3.9449525,3.9897234,0.32511245,0.045794614,-0.088105149,-0.033011746,2.5945769,2.4213454,0.65062136,0.15,1.68338,0.5,0.036145631,13.83293,2.4892211,32.30635,-0.008452138,-0.19422126,-0.032961521,0.18586558,-1.6303707,-6.1997329
2497,3497000.0,5.4433319,1.5239473,3.9193846,-0.26118917,1.0162931,1.1808534,0.78847256,-0.61728395,0.5,2.5961227,3.8543393,3.8664363,0.067592609,-0.04587726,-0.080623751,-0.021491461,2.4380931,2.2673398,0.64558564,0.15,1.6809861,0.5,0.035865869,13.94083,2.4816318,32.30635,-0.0038794974,-0.19539567,-0.016033638,0.18194953,1.2488754,-1.4066611
2498,3498000.0,5.4462278,1.5351414,3.9110864,-0.25766302,1.0237583,1.2047707,0.77308833,-0.61728395,0.5,2.4708832,3.7960888,3.7926222,-0.17606142,0.051622307,-0.16033829,0.077899192,2.315937,2.135441,0.644697,0.15,1.6682044,0.5,0.0358165,13.960046,2.4804684,32.30635,-0.018251567,-0.2576584,0.0071621627,0.23226314,-2.2484978,-3.4393677
2499,3499000.0,5.463848,1.5253819,3.9384661,-0.24607972,1.0172498,1.1709999,0.80444745,-0.61728395,0.5,2.5220339,3.828343,3.8005602,-0.06280145,-0.021625664,0.25855684,-0.036175955,2.3608025,2.1959945,0.64338898,0.15,1.6503103,0.5,0.035743832,13.988427,2.4771311,32.30635,-0.019449168,-0.24591151,0.015380463,0.23755284,-4.578007,-0.96707471
2500,3500000.0,5.4734875,1.5542478,3.9192397,-0.25295683,1.0365,1.2090207,0.79763644,-0.61728395,0.5,2.7541015,3.9331693,3.9939242,0.33521095,-0.038797997,0.053769218,-0.078376637,2.5942352,2.417476,0.64365955,0.15,1.6194405,0.5,0.035758864,13.982547,2.4867443,32.30635,-0.0014088284,-0.22846014,0.042607568,0.16391667,-4.7470604,-5.0907037
2501,3501000.0,5.4799188,1.5540262,3.9258926,-0.27296249,1.0363522,1.1883252,0.8260332,-0.61728395,0.5,2.8772878,4.1173063,4.0023994,0.51215761,-0.010568401,0.061804679,0.047572817,2.7117301,2.5464245,0.64494354,0.15,1.6531297,0.5,0.035830197,13.95471,2.4975504,32.30635,-0.016350223,-0.15589321,0.0043371633,0.20270015,-1.5448448,2.580394
2502,3502000.0,5.4375397,1.5128976,3.924642,-0.24626959,1.0089243,1.1838399,0.76671252,-0.61728395,0.5,2.5851313,3.8936847,3.8809239,-0.019214601,-0.0068702835,0.091266471,-0.052676463,2.431463,2.2555169,0.64284157,0.15,1.6926629,0.5,0.035713421,14.000339,2.4893737,32.30635,0.00078788127,-0.18236478,0.0049539167,0.25966789,-1.3177297,4.3190879
2503,3503000.0,5.4532131,1.5456374,3.9075757,-0.24783205,1.0307579,1.1939646,0.80482879,-0.61728395,0.5,2.7136541,3.9098591,3.9403323,0.29077102,-0.02218873,-0.080263715,-0.015350109,2.5523463,2.3812207,0.63635605,0.15,1.6881089,0.5,0.035353114,14.143026,2.487799,32.30635,-0.043003656,-0.14780044,-0.014339132,0.20221431,-0.47137505,5.2716686
2504,3504000.0,5.4444095,1.5389267,3.9054829,-0.26012067,1.0262826,1.1770986,0.81756312,-0.61728395,0.5,2.7189247,3.9106704,3.9910868,0.25501677,0.041286031,-0.014810261,0.13141595,2.5550646,2.3911872,0.64507666,0.15,1.7425158,0.5,0.035837592,13.95183,2.4955199,32.30635,0.010081907,-0.17317431,-0.020719565,0.1765022,-1.2433447,-2.5300871
2505,3505000.0,5.4208144,1.524794,3.8960204,-0.25844175,1.0168578,1.1837851,0.78574927,-0.61728395,0.5,2.9496376,4.073105,4.1883902,0.58741767,-0.00089419996,-0.18561938,0.043013659,2.7921538,2.6200384,0.64460933,0.15,1.7160128,0.5,0.03581163,13.961945,2.4658886,32.30635,0.004815009,-0.18111763,0.010082185,0.18508796,-1.71413,5.7080484
2506,3506000.0,5.480754,1.5467075,3.9340465,-0.24338284,1.0314715,1.2027911,0.79427258,-0.61728395,0.5,2.5827926,3.8284999,3.8588316,0.061046418,-0.035574341,0.077401135,0.213159,2.4236005,2.2479016,0.65180396,0.15,1.6879405,0.5,0.036211331,13.807833,2.4797443,32.30635,-0.029166195,-0.21170255,-0.019090138,0.16512479,-3.3283876,-1.370627
2507,3507000.0,5.4746087,1.53474,3.9398686,-0.26045047,1.0234906,1.1915913,0.79075727,-0.61728395,0.5,2.6945618,3.9241827,3.9012605,0.25824202,-0.001835766,-0.26576729,0.076566791,2.5360742,2.3627891,0.6512867,0.15,1.64626,0.5,0.036182594,13.818799,2.4765595,32.30635,-0.0060521222,-0.20660467,0.013738561,0.14955332,-1.6006886,3.5101144
2508,3508000.0,5.4289643,1.5570755,3.8718888,-0.24744634,1.0383857,1.2214587,0.78486451,-0.61728395,0.5,2.4487082,3.7884891,3.7339237,-0.17628828,0.0055909852,-0.014440301,0.035077024,2.2914017,2.1086196,0.64893345,0.15,1.6211544,0.5,0.036051858,13.868911,2.4942894,32.30635,0.0048541514,-0.19740733,-0.012485415,0.19110021,-1.3790677,-2.6152863
2509,3509000.0,5.4437106,1.5591472,3.8845635,-0.2488582,1.0397673,1.2165731,0.79495347,-0.61728395,0.5,2.8659565,4.0564715,4.0625627,0.47883529,0.044954851,-0.39316538,-0.02640525,2.706628,2.5272282,0.63851621,0.15,1.6603175,0.5,0.035473123,14.095178,2.4726503,32.30635,0.015055174,-0.26935071,-0.0054764948,0.17432338,1.2949027,2.6581479
2510,3510000.0,5.463321,1.5228319,3.9404891,-0.24756131,1.0155493,1.1960158,0.76563136,-0.61728395,0.5,2.7405105,3.9568049,3.9767702,0.28795653,-0.0073813486,0.0049038298,0.0066887592,2.5870589,2.407506,0.63509551,0.15,1.6399718,0.5,0.035283084,14.171097,2.4721242,32.30635,-0.014157191,-0.1388761,-0.026192506,0.137088,1.356132,-2.0264693
2511,3511000.0,5.3907516,1.5124817,3.8782699,-0.26794354,1.0086469,1.1925722,0.75391872,-0.61728395,0.5,2.8447695,4.0102351,4.1198646,0.40420888,-0.003789567,-0.0099298637,-0.0058576871,2.6936654,2.5127238,0.63351095,0.15,1.6053379,0.5,0.035195053,14.206542,2.480766,32.30635,0.012817337,-0.15100789,-0.026474931,0.17730824,-2.0814673,4.2986106
2512,3512000.0,5.4529476,1.5249809,3.9279668,-0.25847899,1.0169824,1.1674499,0.8087399,-0.61728395,0.5,2.5897187,3.8108436,3.9032955,0.055016983,0.015081479,-0.33499412,-0.014746281,2.427627,2.2646677,0.6388182,0.15,1.6684736,0.5,0.0354899,14.088515,2.5081537,32.30635,0.012022629,-0.16392204,-0.010661615,0.19289224,-2.0684967,-1.7137707
2513,3513000.0,5.4391725,1.4924473,3.9467252,-0.25417902,0.99528632,1.1420863,0.7921219,-0.61728395,0.5,2.6350026,3.8607587,3.875219,0.16903021,0.01914017,-0.11368977,-0.011312853,2.4762416,2.3170136,0.64265219,0.15,1.6822102,0.5,0.035702899,14.004465,2.4742933,32.30635,0.003483127,-0.16855543,-0.036167687,0.23927983,-0.8180788,-1.1213965
2514,3514000.0,5.463155,1.5491223,3.9140326,-0.27787196,1.0330819,1.1855692,0.82204603,-0.61728395,0.5,2.7055504,3.9131359,3.9977936,0.20572164,0.0023485185,-0.20520799,-0.02073765,2.5407918,2.3754545,0.65353137,0.15,1.6560576,0.5,0.036307298,13.771336,2.488229,32.30635,-0.0043460788,-0.14332803,0.02106011,0.19521788,-0.47372587,-1.948971
2515,3515000.0,5.455212,1.5350039,3.9202081,-0.24975534,1.0236666,1.173599,0.81617257,-0.61728395,0.5,2.750256,4.0735314,3.9575487,0.21968797,-0.021367776,-0.056323921,0.063440558,2.5866746,2.4234929,0.66370899,0.15,1.6437722,0.5,0.036872721,13.56016,2.4913738,32.30635,-0.0056187529,-0.17884909,0.0098290051,0.21018087,-0.62046677,-0.47626268
2516,3516000.0,5.4107768,1.5316592,3.8791176,-0.2589938,1.0214361,1.199516,0.77483812,-0.61728395,0.5,2.6658479,3.8434598,3.8554277,0.2986562,-0.014399939,-0.27268185,-0.053058222,2.510551,2.3318688,0.66809139,0.15,1.7010539,0.5,0.037116188,13.471211,2.4781352,32.30635,0.006661092,-0.22266731,0.010430219,0.19474275,4.3343451,5.4219291
2517,3517000.0,5.4500679,1.5242857,3.9257823,-0.26873538,1.0165188,1.167717,0.8072608,-0.61728395,0.5,2.3657787,3.628499,3.7349375,-0.26610038,-0.024456425,-0.10202259,0.012378687,2.2039835,2.0406533,0.66866725,0.15,1.7123309,0.5,0.03714818,13.459609,2.4878759,32.30635,0.013856136,-0.15219462,0.0035677184,0.17114159,-0.91691456,-6.9752478
2518,3518000.0,5.4226263,1.5022398,3.9203865,-0.24015268,1.0018168,1.1849472,0.74818752,-0.61728395,0.5,3.0579039,4.199535,4.1900566,0.78412016,0.054041585,-0.2414855,0.10372775,2.9079484,2.7279812,0.65954567,0.15,1.6658895,0.5,0.036641426,13.645757,2.5276448,32.30635,0.0016717495,-0.16662301,-0.026676124,0.1564467,-0.15598683,3.0194863
2519,3519000.0,5.4059015,1.554892,3.8510095,-0.28004772,1.0369296,1.2231608,0.77901985,-0.61728395,0.5,2.9760076,4.1751177,4.1498372,0.60306796,0.0066645825,-0.34749342,0.0053922874,2.8198726,2.6354451,0.65427152,0.15,1.7240915,0.5,0.036348418,13.755757,2.4818141,32.30635,-0.003642688,-0.14780177,0.010966253,0.15528999,2.9361125,2.5294478
2520,3520000.0,5.4325957,1.5284032,3.9041924,-0.26954768,1.0192647,1.1786178,0.79868021,-0.61728395,0.5,2.6374927,3.9288776,3.8769181,0.10668241,0.019402275,-0.30472193,-0.068836591,2.4774172,2.3093322,0.64000078,0.15,1.716569,0.5,0.035555599,14.062483,2.5003755,32.30635,0.027657223,-0.20489757,-0.011492757,0.22362752,4.0133339,-4.1266024
2521,3521000.0,5.4648977,1.5430403,3.9218573,-0.26337861,1.0290259,1.1758075,0.82591323,-0.61728395,0.5,2.5937371,3.8464574,3.8489225,0.08583125,0.00016550386,0.0083657054,0.12597023,2.4282034,2.2663591,0.63723111,0.15,1.6947392,0.5,0.035401728,14.123604,2.4762219,32.30635,-0.0035890951,-0.1716069,-0.0099223047,0.15707449,0.54846551,0.25920357
2522,3522000.0,5.4448346,1.5578539,3.8869808,-0.2705642,1.0389048,1.1942923,0.82384438,-0.61728395,0.5,2.4760532,3.7771435,3.7973876,-0.14637141,-0.058126319,-0.22557709,-0.018070637,2.3109342,2.1435285,0.63500311,0.15,1.6847272,0.5,0.03527795,14.173159,2.4689211,32.30635,-0.012555792,-0.18684132,-0.0061064921,0.26199129,1.0321187,-2.9156206
2523,3523000.0,5.4559428,1.5283672,3.9275756,-0.24555279,1.0192407,1.1893044,0.78377707,-0.61728395,0.5,2.7906366,4.0340744,3.9815193,0.35631601,-0.038967439,-0.1294064,-0.0032369508,2.6335481,2.4595006,0.63974186,0.15,1.7198744,0.5,0.035541214,14.068174,2.4791813,32.30635,-0.024408499,-0.19060733,-0.027162274,0.21977552,-4.8416655,-1.5597814
2524,3524000.0,5.4482091,1.5211722,3.9270369,-0.23710812,1.0144425,1.1723153,0.79591057,-0.61728395,0.5,2.8885461,4.0394123,4.1390578,0.4871683,-0.025861975,-0.27387289,-0.036338568,2.7290257,2.5621404,0.64005889,0.15,1.7466382,0.5,0.035558827,14.061206,2.4868101,32.30635,0.010799564,-0.19226305,-0.024490898,0.1506747,-1.9922521,9.9443234
2525,3525000.0,5.4585712,1.5665166,3.8920547,-0.26945292,1.0446818,1.197976,0.8325339,-0.61728395,0.5,2.5937085,3.8880898,3.8830193,0.010016531,-0.026718434,-0.33243377,-0.053542221,2.4268479,2.2601582,0.65039248,0.15,1.7541996,0.5,0.036132915,13.837798,2.4937612,32.30635,-0.003786066,-0.12391212,-0.00048776984,0.19847052,3.152813,-5.6741967
2526,3526000.0,5.4264563,1.5374097,3.8890467,-0.26497781,1.0252709,1.1928863,0.7932132,-0.61728395,0.5,2.6965168,3.9461218,3.9288637,0.214565,-0.0049380978,-0.20582627,0.044611858,2.5375371,2.3643836,0.65942898,0.15,1.7441992,0.5,0.036634943,13.648172,2.5056514,32.30635,0.016578066,-0.1350447,0.011227038,0.1831718,3.58714,-5.4896233
2527,3527000.0,5.4098686,1.5380425,3.8718261,-0.26161767,1.025693,1.2081237,0.77305418,-0.61728395,0.5,2.7520531,3.9869793,4.012494,0.25668594,-0.013989909,-0.1994386,0.099621479,2.5971137,2.4156773,0.66129785,0.15,1.7691945,0.5,0.036738769,13.609601,2.4941594,32.30635,-0.034109143,-0.16353517,-0.006346296,0.22747672,3.4535656,0.19541338
2528,3528000.0,5.4694779,1.5742592,3.8952187,-0.26460368,1.0498452,1.209902,0.82830674,-0.61728395,0.5,2.7250205,3.9396516,3.9262082,0.30920154,-0.021835418,-0.066787273,0.022944196,2.5590071,2.3881496,0.65895215,0.15,1.7779958,0.5,0.036608453,13.658048,2.4766381,32.30635,-0.035829022,-0.22913476,0.02991643,0.18385313,-0.27528039,5.1333614
2529,3529000.0,5.4562645,1.5562204,3.9000441,-0.26251317,1.0378155,1.1970713,0.81738043,-0.61728395,0.5,2.8924841,4.0913267,4.079212,0.5069136,0.031366364,-0.02684015,0.015688167,2.7286606,2.5591857,0.65276627,0.15,1.7448123,0.5,0.036264793,13.787477,2.5278902,32.30635,0.017446479,-0.19474915,-0.0050165146,0.18309341,-3.7338729,-5.8176785
2530,3530000.0,5.4628177,1.5361005,3.9267172,-0.24865088,1.0243979,1.1736696,0.81782217,-0.61728395,0.5,2.8836888,4.0016669,4.126929,0.52247042,0.0081523577,-0.098481223,0.10367272,2.7197768,2.556906,0.64329573,0.15,1.7756944,0.5,0.035738652,13.990455,2.5095786,32.30635,-0.043871683,-0.2061329,-0.021565119,0.18659691,-1.5370015,-1.9584318
2531,3531000.0,5.4460445,1.5346903,3.9113542,-0.23917144,1.0234574,1.1673428,0.82436376,-0.61728395,0.5,2.767346,3.9704061,4.0109229,0.32070892,-0.011915066,0.11051277,-0.056435498,2.6021229,2.4423248,0.64089247,0.15,1.773527,0.5,0.035605137,14.042917,2.4927435,32.30635,0.0062750067,-0.1684686,0.019448399,0.19994899,-1.1847072,-5.1122565
2532,3532000.0,5.4775215,1.521181,3.9563405,-0.23953447,1.0144483,1.1738378,0.79380951,-0.61728395,0.5,2.9502926,4.07854,4.1956364,0.57670134,0.00012230984,0.057043427,-0.096365516,2.7911933,2.623463,0.63893596,0.15,1.7394419,0.5,0.035496442,14.085919,2.4803369,32.30635,0.0034469101,-0.18497169,0.04495242,0.17986771,-2.8644887,2.9802512
2533,3533000.0,5.4404751,1.5228977,3.9175774,-0.2640196,1.0155932,1.1697308,0.80225109,-0.61728395,0.5,2.6132654,3.8780768,3.9010184,0.060700924,-0.026097052,0.07192518,0.00066498183,2.4524742,2.2875793,0.64396637,0.15,1.7335791,0.5,0.03577591,13.975885,2.4915373,32.30635,0.01598183,-0.1778854,0.039302292,0.24146255,3.6132924,-1.7135044
2534,3534000.0,5.4390117,1.5458717,3.89314,-0.25644366,1.0309141,1.1968173,0.80123925,-0.61728395,0.5,2.604934,3.8045949,3.9542666,0.055940296,-0.0035402783,-0.048307631,0.12484017,2.4443456,2.2717062,0.64654307,0.15,1.724251,0.5,0.035919059,13.920186,2.490723,32.30635,-0.00089099536,-0.23075079,-0.056281787,0.23800697,0.76666652,-2.5866938
2535,3535000.0,5.4249583,1.5448317,3.8801266,-0.24447361,1.0302206,1.1842374,0.81705754,-0.61728395,0.5,2.6068095,3.940063,3.8393633,0.041002092,0.0028948176,-0.05516842,-0.12883437,2.4430507,2.2770843,0.65386945,0.15,1.7710941,0.5,0.03632608,13.764216,2.4878941,32.30635,-0.0042067048,-0.27628075,0.019022974,0.21136818,0.20853855,-5.5753295
2536,3536000.0,5.4771565,1.5431155,3.934041,-0.22811145,1.0290761,1.1890966,0.80757201,-0.61728395,0.5,3.0575929,4.2444489,4.1966874,0.73164255,-0.0019583541,0.21634949,-0.17186728,2.8957353,2.7265149,0.65574926,0.15,1.7390759,0.5,0.036430514,13.724758,2.5009166,32.30635,0.025578473,-0.17296312,0.038285144,0.17690716,-1.1639861,6.7249572
2537,3537000.0,5.4428788,1.5611311,3.8817477,-0.27357611,1.0410904,1.2261997,0.78474244,-0.61728395,0.5,2.5814277,3.8608602,3.8514572,0.031965812,0.050964982,-0.29044314,-0.0073964662,2.4241457,2.2400191,0.65256634,0.15,1.7243917,0.5,0.036253685,13.791701,2.4966076,32.30635,-0.01914846,-0.20148842,-0.052286344,0.19514425,2.9020067,-6.1378996
2538,3538000.0,5.4406976,1.5114429,3.9292547,-0.25779565,1.0079542,1.1714159,0.78165316,-0.61728395,0.5,2.9692512,4.1035067,4.2208329,0.58341401,0.0013301515,-0.43027791,-0.0080860025,2.8125884,2.643096,0.64588197,0.15,1.7115286,0.5,0.035882332,13.934434,2.4975344,32.30635,0.0084605219,-0.16554416,0.0059753701,0.17396505,-0.39535329,7.7080317
2539,3539000.0,5.4582517,1.5258298,3.9324218,-0.25966061,1.0175486,1.184064,0.78701291,-0.61728395,0.5,2.8629415,4.0323248,4.1083538,0.44814573,-0.029474501,-0.18181552,-0.11776194,2.7052044,2.5332646,0.63960724,0.15,1.7372841,0.5,0.035533735,14.071135,2.4840133,32.30635,0.024966364,-0.18777146,-0.004747238,0.17869128,-2.3529144,6.6024344
2540,3540000.0,5.4495471,1.5116486,3.9378985,-0.23773466,1.0080913,1.179308,0.77101733,-0.61728395,0.5,2.658942,3.8855186,3.9102098,0.18109769,0.01297953,-0.21481805,0.013954604,2.5044109,2.3305894,0.63480476,0.15,1.7680382,0.5,0.035266931,14.177588,2.465739,32.30635,-0.014529765,-0.18280408,0.0062315662,0.21062327,4.3193066,-1.1729139
2541,3541000.0,5.460471,1.5589601,3.9015109,-0.25281197,1.0396426,1.215715,0.79584741,-0.61728395,0.5,2.7300005,3.9641017,3.9411192,0.28478056,0.061849159,-0.31139814,-0.061654547,2.5704928,2.3915111,0.6329979,0.15,1.7765239,0.5,0.03516655,14.218057,2.4711731,32.30635,-0.01042903,-0.18863261,0.0049080759,0.21654942,0.3645206,0.31839809
2542,3542000.0,5.4641355,1.5596268,3.9045086,-0.26141539,1.0400872,1.216565,0.79572931,-0.61728395,0.5,2.5926039,3.8525683,3.8876161,0.037627309,0.069923079,0.088787417,-0.00044429446,2.4331199,2.2538779,0.63798827,0.15,1.733501,0.5,0.035443793,14.106842,2.4744048,32.30635,0.0019394283,-0.13882959,-0.00089905639,0.16153773,-1.1118382,2.4579848
2543,3543000.0,5.4820193,1.579717,3.9023023,-0.24846682,1.0534849,1.2286813,0.81091756,-0.61728395,0.5,2.773012,4.0022758,3.955962,0.36079814,-0.048123803,-0.18305279,-0.05028523,2.6104838,2.4309124,0.64100523,0.15,1.7126389,0.5,0.035611402,14.040447,2.4830076,32.30635,-0.0017136952,-0.17111654,-0.0045927066,0.22516669,0.731668,4.5743468
2544,3544000.0,5.4949626,1.5669795,3.9279831,-0.25611328,1.0449905,1.2173324,0.80638198,-0.61728395,0.5,2.7642779,3.941693,3.9951143,0.35602644,-0.017354913,-0.30443872,0.044246144,2.6026588,2.4253382,0.64541166,0.15,1.7301302,0.5,0.035856203,13.944589,2.4804272,32.30635,0.013696994,-0.14492134,0.021502798,0.13474383,2.6512471,-2.1770171
2545,3545000.0,5.4777538,1.5648523,3.9129014,-0.24349855,1.043572,1.2325353,0.78187203,-0.61728395,0.5,2.7789259,3.9432964,3.9945958,0.39888536,-0.056765083,-0.01260148,-0.01033188,2.6222192,2.4357532,0.64982539,0.15,1.7704389,0.5,0.03610141,13.849874,2.4865789,32.30635,-0.020214753,-0.22890379,0.017073428,0.24234788,0.079427464,-9.9490662
2546,3546000.0,5.4894955,1.5418783,3.9476173,-0.25005481,1.028251,1.1967249,0.79500287,-0.61728395,0.5,2.4833866,3.8614707,3.7620223,-0.17333308,-0.035189027,-0.0042350992,-0.00083069366,2.3240482,2.1501846,0.65131265,0.15,1.7759854,0.5,0.036184036,13.818249,2.4769301,32.30635,0.01912914,-0.16954699,0.013663956,0.15826534,-0.2847131,-1.6012581
2547,3547000.0,5.4891825,1.5686653,3.9205172,-0.24340911,1.0461148,1.2555473,0.75598127,-0.61728395,0.5,2.9589306,4.1554864,4.2115812,0.50972429,-0.059242645,-0.21168093,0.033648935,2.8074131,2.6093508,0.65183393,0.15,1.7503888,0.5,0.036212996,13.807198,2.4812893,32.30635,0.00021789535,-0.16268503,-0.010579343,0.18709086,1.4143835,4.5280459
2548,3548000.0,5.4939403,1.5595611,3.9343792,-0.24833834,1.0400433,1.2141551,0.79897235,-0.61728395,0.5,2.8680535,3.9900344,4.0719051,0.54222108,-0.053363665,-0.21092281,0.038409622,2.7079195,2.5299985,0.64722874,0.15,1.7627125,0.5,0.035957152,13.905439,2.4901198,32.30635,-0.0089829686,-0.19920187,0.0023204735,0.15740712,5.9300107,2.3006423
2549,3549000.0,5.4839554,1.5713558,3.9125996,-0.24495456,1.047909,1.2288696,0.79732968,-0.61728395,0.5,2.9810645,4.2107922,4.1491621,0.583239,0.043314857,-0.32843086,-0.11848911,2.8212597,2.6389125,0.64925246,0.15,1.7146018,0.5,0.036069581,13.862096,2.4706723,32.30635,0.0016860483,-0.22319236,0.0075742533,0.17321207,2.6782127,-4.1126185
2550,3550000.0,5.4788292,1.5780571,3.9007721,-0.26100063,1.052378,1.2262646,0.81162927,-0.61728395,0.5,2.6952804,3.9101499,3.9478989,0.2277923,-0.0038869602,-0.10085014,0.011500026,2.5326096,2.3538537,0.64443,0.15,1.6842928,0.5,0.035801667,13.96583,2.4761996,32.30635,0.0025858151,-0.2103256,0.0019591005,0.16186261,-0.68019422,-3.8111023
2551,3551000.0,5.4794617,1.5741197,3.905342,-0.25932255,1.0497522,1.2060667,0.83341244,-0.61728395,0.5,3.0037463,4.2035729,4.1652488,0.64241711,-0.017299557,0.02002213,0.021632213,2.8367096,2.6679433,0.6419462,0.15,1.6838516,0.5,0.035663678,14.019867,2.4824454,32.30635,-0.0033567803,-0.1574547,0.004152654,0.18635924,-1.6238062,7.0218708
2552,3552000.0,5.4792952,1.5498617,3.9294335,-0.25231265,1.033575,1.1936465,0.81200349,-0.61728395,0.5,2.6138356,3.9011163,3.8776215,0.06276921,0.035562472,-0.47140083,0.0071035522,2.4510899,2.2814908,0.63753796,0.15,1.6977168,0.5,0.035418776,14.116806,2.4671721,32.30635,0.00076987499,-0.14131043,-0.0013848596,0.15737335,1.2351155,3.2075615
2553,3553000.0,5.4428989,1.5293794,3.9135195,-0.26632957,1.0199157,1.1862783,0.7895942,-0.61728395,0.5,2.7822737,3.9879427,3.9851732,0.37370514,-0.014891725,-0.26628854,0.052503042,2.6240193,2.4519803,0.63831072,0.15,1.7228856,0.5,0.035461707,14.099716,2.4785854,32.30635,-0.01743369,-0.18735173,-0.015395976,0.19586574,-2.9699573,-2.7785535
2554,3554000.0,5.4810629,1.5464979,3.9345649,-0.26277168,1.0313317,1.1865752,0.81646558,-0.61728395,0.5,2.6028833,3.8728917,3.9145967,0.021161375,0.0069202372,-0.28073132,0.10036729,2.4392432,2.2725072,0.63707707,0.15,1.72759,0.5,0.03539317,14.127019,2.5172054,32.30635,0.028901069,-0.16395675,0.019606958,0.14902434,-0.40025343,-4.5426762
2555,3555000.0,5.4783877,1.5628869,3.9155008,-0.24450587,1.0422613,1.2134885,0.80519915,-0.61728395,0.5,2.6568735,3.8765017,3.9054473,0.1886716,0.044247404,-0.25555291,-0.048002525,2.4954915,2.3190041,0.6391835,0.15,1.7444326,0.5,0.035510195,14.080464,2.4821443,32.30635,0.037409803,-0.18296328,-0.0046878997,0.20312951,4.4484306,-1.95592
2556,3556000.0,5.4659285,1.5471102,3.9188183,-0.24958675,1.03174,1.1981773,0.80132399,-0.61728395,0.5,2.5452085,3.8705994,3.8149052,-0.049878874,0.033004367,-0.18848868,-0.077084938,2.3846032,2.2116022,0.64453954,0.15,1.7035537,0.5,0.035807752,13.963457,2.4953753,32.30635,-0.0057821513,-0.18949721,0.0040288352,0.19101769,3.8189283,-5.0712923
2557,3557000.0,5.4600103,1.5361158,3.9238946,-0.25543116,1.0244081,1.20468,0.77476727,-0.61728395,0.5,2.6464326,3.8236314,3.9323168,0.18334974,-0.023743946,-0.080872152,0.063136622,2.4911499,2.3110157,0.64950234,0.15,1.6841506,0.5,0.036083463,13.856763,2.4698947,32.30635,-0.0011325336,-0.21273267,0.028704271,0.18237807,1.0028678,-2.5713436
2558,3558000.0,5.4887094,1.5690526,3.9196568,-0.25904726,1.046373,1.2183808,0.80822978,-0.61728395,0.5,2.876147,4.0289076,4.077723,0.52181046,-0.028673783,-0.073041873,-0.24160701,2.7141576,2.5369154,0.65986538,0.15,1.7128896,0.5,0.036659188,13.639146,2.5163148,32.30635,-0.018635185,-0.19471808,0.021006135,0.15870388,-1.2117953,5.780931
2559,3559000.0,5.4883389,1.5785805,3.9097584,-0.2534767,1.0527271,1.222458,0.81775155,-0.61728395,0.5,2.8809072,4.084212,4.0749568,0.48355268,-0.018763328,0.0044583436,0.035819113,2.7170093,2.5405403,0.65394412,0.15,1.6878519,0.5,0.036330229,13.762644,2.4794599,32.30635,-0.0018437842,-0.22047616,0.012763559,0.23458549,-0.87875619,1.3274118
2560,3560000.0,5.4889982,1.5884515,3.9005467,-0.26964006,1.0593098,1.2198795,0.83706618,-0.61728395,0.5,2.3698969,3.7248915,3.6606908,-0.27589176,-0.026039593,0.26881881,0.097862913,2.2021279,2.030248,0.64939182,0.15,1.7187849,0.5,0.036077323,13.859121,2.5013964,32.30635,-0.018914383,-0.12534157,-0.025346856,0.1704332,-4.1238737,-7.739584
2561,3561000.0,5.460108,1.5920236,3.8680844,-0.27000225,1.061692,1.2382213,0.81727913,-0.61728395,0.5,2.7550827,3.9880729,4.0132731,0.26390221,-0.0096818424,-0.046587169,-0.060576642,2.5912796,2.4103269,0.64342122,0.15,1.7081707,0.5,0.035745623,13.987727,2.4655065,32.30635,-0.0020849127,-0.19037772,-0.0010958934,0.20620204,-3.0776504,1.9745944
2562,3562000.0,5.4899481,1.5306549,3.9592932,-0.25004751,1.0207663,1.1888196,0.78809671,-0.61728395,0.5,2.7264528,3.7955895,3.9783925,0.40537654,-0.020185917,0.031758949,0.18587489,2.5684986,2.3954519,0.63799689,0.15,1.6851307,0.5,0.035444271,14.106652,2.4949669,32.30635,-0.004198482,-0.21093746,0.0088769932,0.13632853,-2.7619268,5.1503827
2563,3563000.0,5.4976754,1.5830342,3.9146413,-0.24621844,1.0556971,1.2316825,0.81203527,-0.61728395,0.5,2.9479649,4.1662924,4.142588,0.5350143,-0.019384749,-0.17694787,0.15883624,2.7852127,2.6050297,0.6368828,0.15,1.6795147,0.5,0.035382378,14.131328,2.4677313,32.30635,-0.030637442,-0.14727059,0.028341429,0.20666786,3.483464,-1.7675371
2564,3564000.0,5.528915,1.5975141,3.931401,-0.25766396,1.0653535,1.2499513,0.80973481,-0.61728395,0.5,2.8318318,3.9970337,4.0331452,0.46531643,-0.064367022,-0.015861959,-0.053862856,2.6695407,2.48381,0.63403427,0.15,1.6976861,0.5,0.035224126,14.194816,2.4696787,32.30635,-0.015274608,-0.21248261,0.0057557284,0.17818784,-0.91538889,2.3805963
2565,3565000.0,5.5468854,1.5830993,3.9637861,-0.24235538,1.0557406,1.2328496,0.81051788,-0.61728395,0.5,2.735688,3.8982281,4.0151265,0.2937095,0.0039119479,0.24965489,-0.020680076,2.57324,2.3924279,0.6434857,0.15,1.6917922,0.5,0.035749206,13.986325,2.4726821,32.30635,-0.021800988,-0.15242029,0.04039586,0.25600423,-4.8231867,-1.705641
2566,3566000.0,5.5165109,1.580301,3.9362098,-0.24055439,1.0538744,1.2581837,0.7708639,-0.61728395,0.5,2.7725142,4.0433233,3.9440141,0.33020505,0.018450013,-0.077820302,0.10967642,2.6180138,2.4222003,0.64979426,0.15,1.6900274,0.5,0.036099681,13.850538,2.4717102,32.30635,-0.0037671241,-0.2677635,0.010931778,0.14540118,1.1361065,3.2595229
2567,3567000.0,5.4976069,1.5323678,3.965239,-0.24834296,1.0219086,1.210379,0.76087678,-0.61728395,0.5,2.829855,4.0143141,4.0316733,0.44357741,-0.038946511,-0.011342852,-0.13183886,2.6773562,2.4928513,0.65959806,0.15,1.7007661,0.5,0.036644337,13.644673,2.5064387,32.30635,0.0012057413,-0.19582408,0.031544923,0.22544071,-2.4799658,-0.59092982
2568,3568000.0,5.489656,1.5684303,3.9212257,-0.25327866,1.045958,1.2372661,0.7810026,-0.61728395,0.5,3.0849526,4.2460354,4.1998422,0.8089804,0.0077378706,-0.42539608,-0.055089508,2.9284202,2.7404628,0.65688422,0.15,1.6993479,0.5,0.036493568,13.701045,2.4872546,32.30635,-0.0083806896,-0.19352148,0.0018279559,0.20911057,3.8938026,1.8558681
2569,3569000.0,5.4827779,1.5566234,3.9261545,-0.25196191,1.0380842,1.2373683,0.76204256,-0.61728395,0.5,2.6840527,3.9052247,3.8779188,0.26901469,-0.0082345826,-0.13572546,-0.024093454,2.5313204,2.3395345,0.65574352,0.15,1.6933239,0.5,0.036430195,13.724878,2.4951532,32.30635,-0.0075061356,-0.17772752,0.049653553,0.26038466,1.6675824,-0.65800559
2570,3570000.0,5.5202004,1.5903508,3.9298496,-0.24868648,1.0605764,1.263199,0.77991438,-0.61728395,0.5,2.5805762,3.8437921,3.8883523,0.0095840166,0.03718023,0.04991535,-0.078022193,2.4242618,2.2288659,0.65306478,0.15,1.7275414,0.5,0.036281377,13.781175,2.4743259,32.30635,0.013724393,-0.14857893,0.014682212,0.18888739,2.4579625,-0.16620672
2571,3571000.0,5.522952,1.5739448,3.9490072,-0.26557028,1.0496355,1.220525,0.81304831,-0.61728395,0.5,2.599822,3.815775,3.8543182,0.12937274,0.014357864,-0.1526168,0.032452677,2.4368668,2.2599934,0.64292128,0.15,1.7386326,0.5,0.035717849,13.998603,2.4790378,32.30635,-0.0027760756,-0.13678152,-0.027152438,0.19589541,2.5344892,0.14790499
2572,3572000.0,5.5294826,1.584477,3.9450056,-0.23481712,1.0566593,1.2248166,0.82387293,-0.61728395,0.5,2.7927179,3.9832796,4.041019,0.35385512,-0.064646356,-0.0090204611,0.092874083,2.6275932,2.4516944,0.63602472,0.15,1.770921,0.5,0.035334707,14.150393,2.4633634,32.30635,0.0021592138,-0.15007894,-0.0091585769,0.1795459,0.96114661,-1.250305
2573,3573000.0,5.5548945,1.5822138,3.9726807,-0.24635661,1.05515,1.2357142,0.80512702,-0.61728395,0.5,2.7150614,3.928375,3.9403924,0.27641673,0.016443818,0.014516383,-0.030098605,2.5536938,2.3710037,0.63621523,0.15,1.7379277,0.5,0.03534529,14.146156,2.495717,32.30635,-0.028496492,-0.16563237,0.0027639535,0.22145552,-0.95489074,-3.3824924
2574,3574000.0,5.4668419,1.5697568,3.8970851,-0.25603324,1.0468426,1.2324632,0.78978888,-0.61728395,0.5,2.5024522,3.6962424,3.7668243,0.044290028,-0.09598293,-0.11497926,0.067722075,2.3441588,2.1592997,0.6368056,0.15,1.6753673,0.5,0.035378089,14.133042,2.4890522,32.30635,0.0088193438,-0.28611932,0.024870139,0.22314297,-4.4288661,-0.072004092
2575,3575000.0,5.47802,1.5716587,3.9063613,-0.25837604,1.048111,1.2197093,0.81053785,-0.61728395,0.5,2.8848376,4.0886048,4.0928521,0.47305594,0.03576582,-0.14392587,0.0060381137,2.7223856,2.5452361,0.64518368,0.15,1.6733473,0.5,0.035843538,13.949516,2.4977961,32.30635,-0.0215046,-0.14537879,-0.0098270429,0.2278577,-1.6804497,3.778043
2576,3576000.0,5.4619232,1.5466112,3.915312,-0.25555157,1.0314073,1.1975338,0.8014226,-0.61728395,0.5,2.9203048,4.0050573,4.0801404,0.67571678,-0.0086852091,-0.091394727,-0.10551844,2.7596797,2.5868776,0.64933844,0.15,1.6737034,0.5,0.036074358,13.860261,2.4978037,32.30635,0.02123671,-0.2724141,0.016755316,0.16017084,0.53636287,1.1861196
2577,3577000.0,5.4716416,1.5616271,3.9100145,-0.23455771,1.0414211,1.2066553,0.81268369,-0.61728395,0.5,3.0707074,4.2922207,4.1893819,0.73051965,-0.021045494,0.037993955,-0.1366901,2.9078253,2.7347405,0.65535265,0.15,1.6061674,0.5,0.03640848,13.733064,2.4846577,32.30635,-0.00024525483,-0.20556427,-0.005833488,0.17659539,-3.8468899,2.5642824
2578,3578000.0,5.452793,1.5448445,3.9079485,-0.25575808,1.0302291,1.2175489,0.77080193,-0.61728395,0.5,2.7644614,3.9760557,3.9637469,0.35358173,0.00064120245,0.039069797,0.12045565,2.6099735,2.4254614,0.65514032,0.15,1.6244636,0.5,0.036396684,13.737515,2.4745178,32.30635,0.0073390556,-0.20532003,-0.0099450986,0.18055197,0.47973298,2.0577805
2579,3579000.0,5.4318862,1.5232003,3.9086859,-0.23883309,1.015795,1.1876557,0.77783232,-0.61728395,0.5,2.6893207,3.9169443,3.9444596,0.20655814,-0.038208387,-0.25792719,-0.066049199,2.5334236,2.3586438,0.65146286,0.15,1.6532986,0.5,0.036192381,13.815062,2.483868,32.30635,0.019913716,-0.23504635,0.0054141266,0.27472726,3.7299037,-0.89295126
2580,3580000.0,5.4583432,1.5565717,3.9017715,-0.25177142,1.0380498,1.217856,0.78906654,-0.61728395,0.5,2.8391244,4.0721607,4.0311566,0.41405582,0.021797024,0.042178403,-0.029599437,2.6809757,2.5000389,0.65014931,0.15,1.7014227,0.5,0.036119406,13.842974,2.4770917,32.30635,-0.0025251569,-0.14653678,-0.0039317409,0.195885,-3.3348817,-5.6149092
2581,3581000.0,5.4671519,1.5526713,3.9144806,-0.25661819,1.0354487,1.2178121,0.78291089,-0.61728395,0.5,2.7934154,4.0456299,4.0214312,0.31318516,0.010404515,-0.035806075,0.12323803,2.6365005,2.4543421,0.64453408,0.15,1.7095644,0.5,0.035807449,13.963575,2.4767088,32.30635,0.01589301,-0.1674111,0.0039593993,0.1531169,-0.99831426,0.62384643
2582,3582000.0,5.4739064,1.5576915,3.9162149,-0.25397749,1.0387965,1.2100265,0.80172783,-0.61728395,0.5,2.7415501,3.9542043,4.0218329,0.24861326,-0.0037471189,-0.062748159,0.086135497,2.5808639,2.4046446,0.64386013,0.15,1.7270509,0.5,0.035770007,13.978191,2.4974141,32.30635,0.0097277619,-0.18389581,0.003866592,0.16457455,-0.63664588,3.8589426
2583,3583000.0,5.4854162,1.5648816,3.9205346,-0.24120728,1.0435915,1.2134616,0.8084155,-0.61728395,0.5,2.7643759,3.9656541,3.9674937,0.35997987,0.0083015318,0.0047719432,-0.087770372,2.6023492,2.4265139,0.64204107,0.15,1.7515941,0.5,0.035668948,14.017795,2.4970101,32.30635,-0.0045665364,-0.1961723,0.0036881899,0.26147309,-4.5651714,-0.2366233
2584,3584000.0,5.4727845,1.5706525,3.9021321,-0.27126284,1.04744,1.2393774,0.78161137,-0.61728395,0.5,2.7416062,4.0038696,4.027526,0.1934228,-0.031074284,-0.042912649,-0.035499531,2.5849517,2.3965285,0.64673386,0.15,1.7096109,0.5,0.035929659,13.91608,2.5017941,32.30635,0.026710007,-0.21476149,0.021546138,0.16585897,-0.20585458,4.8011204
2585,3585000.0,5.4928575,1.563934,3.9289235,-0.26181825,1.0429595,1.2036013,0.82060303,-0.61728395,0.5,2.840712,4.0823548,3.9976548,0.44212645,-0.013652167,-0.29357381,0.020906988,2.6762427,2.5055954,0.64852767,0.15,1.684574,0.5,0.036029315,13.877588,2.4852695,32.30635,-0.0074067385,-0.16242137,-0.0077771471,0.17786982,1.5065487,1.7867687
2586,3586000.0,5.4698165,1.5120454,3.9577711,-0.24662615,1.008356,1.1738601,0.77921806,-0.61728395,0.5,2.6881439,3.9927303,3.8599165,0.21178472,0.0030244233,-0.061417607,-0.12436043,2.5319691,2.3613081,0.65476316,0.15,1.6643833,0.5,0.036375731,13.745428,2.5054463,32.30635,-0.00085803251,-0.21151443,0.0058849813,0.15161432,0.49674341,-6.1641837
2587,3587000.0,5.4866836,1.5533884,3.9332953,-0.23741417,1.0359268,1.1856755,0.8286976,-0.61728395,0.5,2.8545055,4.0296892,4.0563415,0.47748572,-0.0053602207,0.014737854,0.17907467,2.6884138,2.52438,0.65707607,0.15,1.6193299,0.5,0.036504226,13.697044,2.4785687,32.30635,0.0090563684,-0.16475104,-0.0021325387,0.2097735,4.0842783,1.3367615
2588,3588000.0,5.4599953,1.5377321,3.9222632,-0.24205061,1.025486,1.1951089,0.79063944,-0.61728395,0.5,2.7888896,4.0049201,4.0640293,0.29771955,0.0069230693,0.17161424,-0.011553866,2.6304257,2.4561376,0.66083338,0.15,1.6791374,0.5,0.036712966,13.619167,2.4849396,32.30635,0.009635446,-0.19949578,0.021740233,0.16895599,2.5598203,7.4434981
2589,3589000.0,5.4949571,1.5771419,3.9178153,-0.25105656,1.0517676,1.2263321,0.81007673,-0.61728395,0.5,2.7807728,4.0421442,3.9845403,0.31563395,-0.0010566971,-0.099615788,0.12503177,2.6184132,2.4393273,0.66079421,0.15,1.6968,0.5,0.03671079,13.619974,2.4694756,32.30635,0.0097682026,-0.17380886,0.018795227,0.23141675,1.0036106,2.0940467
2590,3590000.0,5.4839708,1.5589986,3.9249722,-0.25976667,1.0396682,1.2194684,0.79069452,-0.61728395,0.5,2.7007638,4.005202,3.9227274,0.17436211,-0.044323111,-0.17035984,0.0037909482,2.5422889,2.3612294,0.65770559,0.15,1.7074714,0.5,0.0365392,13.683934,2.4742085,32.30635,0.023614878,-0.29899552,0.00457595,0.18871931,-1.0286363,-7.3283826
2591,3591000.0,5.5155035,1.5602596,3.9552439,-0.25057311,1.0405092,1.1934737,0.82881604,-0.61728395,0.5,2.9160831,4.087897,4.1043835,0.55596879,0.018326452,-0.25441478,-0.094189221,2.7499676,2.5837863,0.65029903,0.15,1.6647048,0.5,0.036127724,13.839787,2.5025757,32.30635,-0.013374957,-0.21480931,0.016742851,0.19972534,0.25569203,0.61634001
2592,3592000.0,5.492333,1.551253,3.94108,-0.23762718,1.0345028,1.1901753,0.81904314,-0.61728395,0.5,2.9278188,4.0919096,4.0986515,0.59289538,-0.038329038,-0.36756528,-0.032168504,2.7636621,2.5964404,0.639427,0.15,1.6418794,0.5,0.035523722,14.075102,2.4811287,32.30635,0.00076089122,-0.1552187,0.019192909,0.22267123,1.1742419,2.245019
2593,3593000.0,5.4656736,1.5274346,3.9382389,-0.24701883,1.0186188,1.1874665,0.78484386,-0.61728395,0.5,2.5189907,3.7891476,3.794157,-0.026332538,0.014459841,0.19869729,0.031498417,2.3616884,2.1883665,0.63463764,0.15,1.6711794,0.5,0.035257647,14.181321,2.5016188,32.30635,0.028111624,-0.14588005,0.0027795445,0.20846069,-1.6569685,-3.9023384
2594,3594000.0,5.4428671,1.5497584,3.8931087,-0.25604742,1.0335061,1.2052356,0.79573947,-0.61728395,0.5,2.8010028,3.9821451,4.0370843,0.38377897,0.012323773,-0.0282929,0.088572981,2.6415167,2.4654312,0.62822275,0.15,1.6990221,0.5,0.034901264,14.326129,2.4846455,32.30635,0.0019430086,-0.16275484,-0.0027301992,0.21296901,6.2760338,1.8764223
2595,3595000.0,5.452696,1.5292916,3.9234043,-0.27410186,1.0198572,1.1920594,0.78142324,-0.61728395,0.5,2.6337314,3.8649127,3.9239046,0.11237674,-0.0059468282,-0.046282645,0.054452827,2.4771146,2.3018284,0.6346331,0.15,1.7349449,0.5,0.035257395,14.181422,2.4807781,32.30635,-0.0046012438,-0.15203415,0.023638919,0.1610891,1.2751576,-0.71107533
2596,3596000.0,5.4544639,1.57085,3.8836139,-0.25892749,1.0475717,1.220425,0.80825473,-0.61728395,0.5,2.7600994,3.9777713,4.022422,0.28010504,0.0033286029,0.15835956,0.054989975,2.598105,2.4202987,0.6435449,0.15,1.752501,0.5,0.035752494,13.985038,2.5010469,32.30635,-0.00067216062,-0.16327365,0.0014204466,0.13908032,-3.9009033,1.0203508
2597,3597000.0,5.5016842,1.5832514,3.9184329,-0.25940245,1.0558419,1.236803,0.80526811,-0.61728395,0.5,2.679815,3.9191758,3.9362875,0.18398176,-0.0060128993,-0.063316279,0.060617054,2.5184192,2.3354541,0.65420175,0.15,1.7375357,0.5,0.036344542,13.757224,2.500658,32.30635,0.0024912407,-0.18589788,-0.007108548,0.16159966,4.0142489,4.5572671
2598,3598000.0,5.5146024,1.5848508,3.9297516,-0.23522539,1.0569086,1.2197731,0.83147502,-0.61728395,0.5,2.9087353,4.1365051,4.1032756,0.48642538,-0.037306967,0.1349151,-0.078998369,2.742087,2.5691161,0.66275422,0.15,1.7233261,0.5,0.036819679,13.579695,2.4939132,32.30635,-0.023240058,-0.1815332,0.010664256,0.20680569,-0.90844121,-2.4156832
2599,3599000.0,5.479481,1.5646816,3.9147995,-0.26285867,1.0434581,1.2065754,0.81766306,-0.61728395,0.5,2.5211466,3.7974446,3.7844329,-0.018437588,-0.074227641,-0.12071052,0.059924156,2.3572665,2.185202,0.66100584,0.15,1.6924233,0.5,0.036722547,13.615613,2.5019104,32.30635,0.0059689826,-0.21372791,-0.024284572,0.18392006,-3.3418116,-1.6393617
2600,3600000.0,5.4638163,1.5446976,3.9191187,-0.26765031,1.0301311,1.2018694,0.79234966,-0.61728395,0.5,2.614321,3.8608965,3.8764462,0.10562029,0.031143046,0.25866776,-0.12861558,2.4555143,2.2796867,0.65315308,0.15,1.7000878,0.5,0.036286282,13.779312,2.4844238,32.30635,-0.010497422,-0.14511453,-0.0047214684,0.19448535,-3.0118591,0.25181858
2601,3601000.0,5.4867492,1.5687591,3.9179901,-0.2521939,1.0461773,1.2045607,0.82696069,-0.61728395,0.5,2.559786,3.8432419,3.8249271,0.011189017,-0.0011029131,-0.057184756,-0.022626145,2.3940424,2.2244023,0.64186366,0.15,1.6281681,0.5,0.035659092,14.021669,2.4849446,32.30635,0.00073255594,-0.19317919,-0.015174908,0.17219549,2.8141469,-7.3796826
2602,3602000.0,5.4758928,1.5620317,3.9138611,-0.25539385,1.0416909,1.2283936,0.78312988,-0.61728395,0.5,2.5494505,3.7771305,3.820315,0.050906096,-0.060759972,-0.07220973,-0.11164628,2.3924917,2.2074311,0.63718111,0.15,1.6748872,0.5,0.03539895,14.124713,2.5019947,32.30635,0.004853284,-0.13833829,-0.0091654652,0.18674058,1.8591197,-1.1456132
2603,3603000.0,5.4607164,1.5572125,3.9035039,-0.26318846,1.0384771,1.2099644,0.80105076,-0.61728395,0.5,2.6173221,3.8841533,3.8676203,0.10019269,0.019608971,-0.12683495,-0.058857618,2.4567715,2.2804339,0.63514796,0.15,1.6964471,0.5,0.035285998,14.169927,2.4815813,32.30635,0.0076027699,-0.21445746,-0.012591032,0.19365446,1.7630415,-6.5608451
2604,3604000.0,5.4948409,1.550916,3.9439249,-0.24511244,1.0342781,1.1889962,0.82014394,-0.61728395,0.5,3.2281045,4.3306102,4.3071771,1.0465261,0.02429317,-0.24659345,-0.058262079,3.0637271,2.8970544,0.63637454,0.15,1.6830475,0.5,0.035354141,14.142615,2.4847362,32.30635,0.0085478999,-0.17451251,0.024963968,0.18979247,2.2706078,2.0247792
2605,3605000.0,5.4558686,1.5462227,3.9096459,-0.27367741,1.0311482,1.2142351,0.77760217,-0.61728395,0.5,2.9063583,4.1158024,4.0593301,0.54394244,-0.0053247432,-0.0026236051,-0.010852549,2.7505074,2.568281,0.64370278,0.15,1.6776269,0.5,0.035761265,13.981608,2.4660755,32.30635,0.022417395,-0.22763717,-0.012190024,0.15352592,-1.3349158,9.1732773
2606,3606000.0,5.4819159,1.5735538,3.9083621,-0.24923875,1.0493748,1.2239965,0.80760258,-0.61728395,0.5,2.8281948,4.037999,4.0416449,0.40494069,0.033299609,-0.052508363,0.001777884,2.6663311,2.4873997,0.65193009,0.15,1.6929704,0.5,0.036218338,13.805161,2.4830598,32.30635,0.0027440457,-0.20598356,0.0018757474,0.1980423,-0.39782909,0.10041916
2607,3607000.0,5.4809055,1.5524495,3.928456,-0.25902687,1.0353007,1.21163,0.79114551,-0.61728395,0.5,2.5729355,3.7709728,3.8310266,0.11680699,-0.027725124,-0.071758831,0.078838528,2.4143702,2.2355835,0.65805908,0.15,1.7167066,0.5,0.036558838,13.676583,2.4815926,32.30635,0.010856304,-0.14218286,-0.035382356,0.19066449,0.32771095,0.79045213
2608,3608000.0,5.4732369,1.5243494,3.9488874,-0.2516162,1.0165613,1.1967907,0.76697359,-0.61728395,0.5,2.7452149,3.9031078,3.9572928,0.37524397,-0.011954425,-0.13786295,0.03487941,2.5914942,2.4119945,0.65303121,0.15,1.6775392,0.5,0.036279512,13.781883,2.4721588,32.30635,0.010637135,-0.18463428,0.023141671,0.18141583,-0.45513436,5.2618118
2609,3609000.0,5.4515362,1.5218469,3.9296893,-0.24878985,1.0148924,1.1892746,0.77342629,-0.61728395,0.5,2.7443474,4.0098467,3.9331195,0.29007591,-0.010063211,-0.033623272,0.037922813,2.5893334,2.4132197,0.64887878,0.15,1.7076995,0.5,0.036048821,13.870079,2.4748646,32.30635,0.0010075721,-0.2009393,-0.023528406,0.14835244,-2.2590628,2.6623231
2610,3610000.0,5.4700475,1.5547723,3.9152752,-0.25983765,1.0368497,1.1968874,0.81532789,-0.61728395,0.5,2.7547384,4.0055783,3.9841874,0.2744497,-0.040476058,-0.21322397,-0.012141984,2.5913264,2.4214912,0.64034386,0.15,1.6909561,0.5,0.035574659,14.054949,2.4931089,32.30635,-0.0017816907,-0.17199626,0.026447062,0.1794852,5.2285567,-5.0032308
2611,3611000.0,5.4489626,1.5337662,3.9151963,-0.25696063,1.0228412,1.1881663,0.79396312,-0.61728395,0.5,2.8975175,4.099172,4.0813996,0.51198086,-0.010708422,-0.12539376,-0.15409166,2.7383874,2.5666984,0.63554406,0.15,1.7062966,0.5,0.035308003,14.161095,2.4756978,32.30635,0.032154795,-0.27547827,-0.021898954,0.17284982,4.6818902,1.7784201
2612,3612000.0,5.4460804,1.5572569,3.8888235,-0.27098868,1.0385067,1.2037238,0.80979083,-0.61728395,0.5,2.9485725,4.1416868,4.1305318,0.57349878,0.020072656,0.10522863,-0.028257103,2.7862701,2.6134218,0.63173433,0.15,1.7321416,0.5,0.035096352,14.246495,2.4785943,32.30635,-0.021696405,-0.15157867,0.011619514,0.16951117,-0.9996602,4.0036602
2613,3613000.0,5.4727468,1.5402457,3.9325011,-0.24930018,1.0271622,1.1861175,0.8071365,-0.61728395,0.5,2.4874253,3.7412996,3.812764,-0.091787671,-0.029408256,-0.023742239,-0.090140282,2.325655,2.1571767,0.63143039,0.15,1.7171033,0.5,0.035079466,14.253353,2.4813751,32.30635,0.0024298748,-0.19100403,0.023781126,0.13650529,-0.79621376,-3.6216928
2614,3614000.0,5.4219186,1.5343425,3.8875761,-0.25670925,1.0232255,1.2037094,0.7732894,-0.61728395,0.5,2.8132466,4.0844045,3.9846349,0.37070042,-0.018789066,0.064746672,-0.079620334,2.6582601,2.4780999,0.63629357,0.15,1.6952716,0.5,0.035349643,14.144415,2.4882275,32.30635,0.022083022,-0.15490582,-0.0020340435,0.16420109,-2.8154601,2.1352075
2615,3615000.0,5.4582114,1.5461317,3.9120797,-0.24562689,1.0310875,1.2231139,0.76512278,-0.61728395,0.5,2.8073421,4.0220885,4.0035804,0.39635755,0.002239395,-0.058381002,-0.024660527,2.6539924,2.4667927,0.64148985,0.15,1.6599762,0.5,0.035638325,14.02984,2.4732696,32.30635,0.00046917494,-0.19409483,-0.011853695,0.1929919,1.7338433,6.6284062
2616,3616000.0,5.4788888,1.5576382,3.9212507,-0.25504637,1.038761,1.2059555,0.80729821,-0.61728395,0.5,2.8989077,4.0479263,4.0835644,0.56523252,-0.032005418,0.11778067,0.12050153,2.737105,2.5631357,0.65129538,0.15,1.632062,0.5,0.036183077,13.818615,2.4661668,32.30635,-0.0054547928,-0.17096328,0.0069144221,0.20172671,1.8302423,12.37852
2617,3617000.0,5.4653123,1.5545273,3.910785,-0.2658996,1.0366864,1.2144651,0.79051861,-0.61728395,0.5,2.592089,3.900519,3.8336613,0.042086798,0.09135727,0.071153265,-0.093714249,2.4336494,2.2539477,0.65563027,0.15,1.6064813,0.5,0.036423904,13.727249,2.4897378,32.30635,-0.0020190673,-0.20316227,-0.023301086,0.27615416,-0.060342156,-2.9683288
2618,3618000.0,5.5091364,1.5479964,3.96114,-0.24953816,1.032331,1.2081307,0.78890922,-0.61728395,0.5,2.5179057,3.7964987,3.8780007,-0.12078232,-0.021354647,-0.073320343,-0.031655662,2.3597886,2.181528,0.65514644,0.15,1.7318603,0.5,0.036397024,13.737387,2.4892776,32.30635,0.010628196,-0.15914325,0.024077376,0.18883771,0.30364009,-4.980031
2619,3619000.0,5.5098537,1.5575628,3.952291,-0.24991337,1.0387107,1.198931,0.8169364,-0.61728395,0.5,2.9295967,4.0150397,4.1701953,0.60355495,-0.043713764,-0.11893546,0.081028449,2.7658622,2.5957804,0.65028266,0.15,1.7356727,0.5,0.036126815,13.840135,2.4761278,32.30635,-0.0051717837,-0.20324,0.0082743007,0.21281986,-0.34810811,0.48737026
2620,3620000.0,5.5283253,1.5935169,3.9348084,-0.23446684,1.0626879,1.2233773,0.84028043,-0.61728395,0.5,2.8833894,4.099194,4.0565353,0.49443898,0.025563068,-0.05277763,-0.033860743,2.7149762,2.5427666,0.64777589,0.15,1.7645032,0.5,0.03598755,13.893694,2.4984786,32.30635,-0.0070865106,-0.21547628,-0.0047587788,0.15612799,2.5004623,2.5518117
2621,3621000.0,5.4535508,1.547519,3.9060318,-0.2556554,1.0320127,1.2040205,0.79385821,-0.61728395,0.5,2.6203121,3.9000063,3.865528,0.095401991,0.030586317,-0.22635353,-0.039000217,2.4612031,2.2850788,0.6502372,0.15,1.7231353,0.5,0.036124289,13.841103,2.4754044,32.30635,0.019086468,-0.19819522,0.005215155,0.18531096,4.8873797,-2.2464564
2622,3622000.0,5.4670726,1.5515355,3.9155371,-0.2685778,1.0346912,1.18639,0.82475186,-0.61728395,0.5,2.8243118,4.0526822,4.0012797,0.4189735,-0.044439126,-0.16385987,0.030393831,2.6590109,2.4939873,0.64778323,0.15,1.7226017,0.5,0.035987957,13.893537,2.4821556,32.30635,0.0013410849,-0.17702008,0.010410981,0.21157562,0.91680961,-1.2206324
2623,3623000.0,5.4998667,1.5615807,3.9382859,-0.25247957,1.0413902,1.2215119,0.79197118,-0.61728395,0.5,2.8101308,4.0063369,4.0517513,0.37230428,-0.0023309563,-0.11346154,0.0046504775,2.6514,2.4700274,0.6511886,0.15,1.7050197,0.5,0.036177145,13.820881,2.4830507,32.30635,-0.00055160064,-0.16765664,0.020836401,0.19002607,-0.62597179,-1.7007902
2624,3624000.0,5.509256,1.5448778,3.9643781,-0.25405796,1.0302513,1.1822956,0.81982862,-0.61728395,0.5,2.8411465,3.970212,4.0469142,0.50631344,-0.0048539588,-0.15586574,0.0022082215,2.6768324,2.5119621,0.64969271,0.15,1.671746,0.5,0.036094039,13.852703,2.476972,32.30635,0.0058037875,-0.20378955,0.039293622,0.22157127,-2.2153635,2.1524998
2625,3625000.0,5.4991973,1.5548922,3.9443052,-0.23771072,1.0369297,1.1975921,0.81453991,-0.61728395,0.5,2.8084094,3.9911607,4.0897675,0.34429989,-0.012245369,-0.23173915,0.015640146,2.6451552,2.4749659,0.6469635,0.15,1.6917863,0.5,0.035942417,13.91114,2.4941169,32.30635,-0.03862145,-0.16943337,0.033879435,0.24940509,0.73885513,4.6816362
2626,3626000.0,5.4548932,1.5375097,3.9173835,-0.26527129,1.0253377,1.1981633,0.7860419,-0.61728395,0.5,2.6580895,3.884251,3.894405,0.19561244,-0.022811146,-0.18515866,0.038113534,2.500547,2.324487,0.63992431,0.15,1.6934843,0.5,0.035551351,14.064163,2.5019209,32.30635,0.023549107,-0.18585025,-0.010478796,0.1344476,1.7232172,-2.2058951
2627,3627000.0,5.4927726,1.5514889,3.9412837,-0.2494685,1.0346601,1.2055497,0.7980612,-0.61728395,0.5,2.4740503,3.7189085,3.7977862,-0.094543742,0.010836577,-0.18421436,-0.0366281,2.3140989,2.1383912,0.6326216,0.15,1.6978471,0.5,0.035145644,14.226514,2.4966933,32.30635,0.0056979601,-0.13845733,-0.0076216148,0.21493898,3.1010085,2.5587243
2628,3628000.0,5.4959523,1.5590082,3.9369441,-0.2553037,1.0396746,1.2313021,0.77427065,-0.61728395,0.5,2.7647019,3.9975742,3.9648446,0.33168706,0.0096957795,-0.084727623,-0.0073734371,2.6095188,2.4218727,0.63299255,0.15,1.7502623,0.5,0.035166253,14.218177,2.4915763,32.30635,0.019712119,-0.15936543,0.0038438622,0.239617,1.7791801,1.798198
2629,3629000.0,5.4666366,1.5338626,3.932774,-0.24040791,1.0229054,1.196426,0.7826424,-0.61728395,0.5,3.0114938,4.1325108,4.2241756,0.67779513,-0.018049556,0.2729484,0.078670802,2.8546327,2.6783751,0.63423899,0.15,1.7977264,0.5,0.0352355,14.190234,2.5016967,32.30635,-0.010626632,-0.1543496,0.0041517638,0.25410409,-4.6739145,0.82945794
2630,3630000.0,5.4733683,1.5460477,3.9273206,-0.25300978,1.0310315,1.2020964,0.79418617,-0.61728395,0.5,2.7947621,3.9654419,4.0090976,0.40974689,-0.062593198,0.059766742,-0.16900827,2.6355874,2.4600646,0.63961134,0.15,1.7796072,0.5,0.035533963,14.071045,2.4708974,32.30635,0.0020281829,-0.20722532,-0.00015610481,0.20623235,-3.5358797,0.44590664
2631,3631000.0,5.5006523,1.5561356,3.9445167,-0.25446801,1.0377589,1.2061424,0.80464378,-0.61728395,0.5,2.9009951,4.1293367,4.0887893,0.4848593,-0.059717729,0.041313432,-0.016784283,2.7397244,2.565171,0.64653167,0.15,1.7723421,0.5,0.035918426,13.920432,2.490183,32.30635,-0.021339618,-0.17475602,0.012494147,0.1701108,-6.4871585,-0.37110591
2632,3632000.0,5.484741,1.538726,3.9460149,-0.22208989,1.0261488,1.1847376,0.80663139,-0.61728395,0.5,2.9579971,4.1691381,4.0973608,0.60749232,0.0031892855,-0.27940562,-0.00074180999,2.796328,2.6281327,0.65203215,0.15,1.7777452,0.5,0.036224008,13.803,2.4889155,32.30635,-0.0042112456,-0.21804001,0.012673377,0.20814579,-1.3451817,-1.6879985
2633,3633000.0,5.4876605,1.5542631,3.9333974,-0.25688014,1.0365102,1.2285394,0.77054569,-0.61728395,0.5,2.8848353,4.0789146,4.0432422,0.53234921,-0.021114229,0.12677506,0.0071661273,2.7303987,2.5427753,0.65131964,0.15,1.747297,0.5,0.036184424,13.8181,2.470128,32.30635,-0.015954576,-0.19905968,0.025672777,0.20162797,0.0042909039,1.1143559
2634,3634000.0,5.4953957,1.5498463,3.9455493,-0.24208631,1.0335647,1.2221388,0.77239776,-0.61728395,0.5,2.8128708,3.9849067,4.0357395,0.41796602,-0.031039451,-0.18223133,-0.075977194,2.6580629,2.4725928,0.64867191,0.15,1.7095834,0.5,0.036037328,13.874502,2.4772344,32.30635,0.00043639239,-0.22786586,0.0076380512,0.20679033,6.8299182,1.2733712
2635,3635000.0,5.4893449,1.5585494,3.9307955,-0.2485137,1.0393687,1.2401585,0.76123616,-0.61728395,0.5,2.6912817,3.8557852,3.9426074,0.27545254,0.0086012604,-0.04388841,0.0562011,2.538711,2.3459866,0.64891967,0.15,1.7012169,0.5,0.036051093,13.869205,2.4886374,32.30635,-0.01096654,-0.19473434,-0.0066594286,0.19616146,1.0083957,0.8383175
2636,3636000.0,5.505947,1.5743886,3.9315584,-0.25761996,1.0499316,1.2217753,0.81201881,-0.61728395,0.5,2.74121,4.0541665,3.9586886,0.210775,-0.02898046,-0.015339304,-0.0069259898,2.5784612,2.4010333,0.64266368,0.15,1.7004358,0.5,0.035703538,14.004214,2.5026244,32.30635,0.016366508,-0.16279444,0.0090620027,0.1719627,-3.2846122,4.0841457
2637,3637000.0,5.4927477,1.5750268,3.9177209,-0.24247622,1.0503572,1.2203556,0.81500829,-0.61728395,0.5,2.5524932,3.8658571,3.8253482,-0.033725699,-0.022466641,0.08633403,-0.013251856,2.3891452,2.2127117,0.64033455,0.15,1.7623063,0.5,0.035574142,14.055153,2.4971862,32.30635,-0.016960747,-0.15015406,-0.006723079,0.18876286,-4.7036083,0.55701537
2638,3638000.0,5.5085819,1.5510515,3.9575304,-0.23950658,1.0343685,1.2124138,0.78782853,-0.61728395,0.5,2.6076118,3.8535359,3.8511701,0.11812941,0.075194908,-0.20837394,0.01173481,2.4497113,2.2700416,0.63429155,0.15,1.7684058,0.5,0.035238419,14.189059,2.4860943,32.30635,-0.023205239,-0.2311439,-0.013606258,0.21359139,0.76412069,-1.3569205
2639,3639000.0,5.4759556,1.5583936,3.917562,-0.2449193,1.0392647,1.2208975,0.787745,-0.61728395,0.5,2.9043247,4.0996777,4.1143211,0.4989752,-0.084042663,-0.10678285,0.055316538,2.7464409,2.5643924,0.63977474,0.15,1.7324982,0.5,0.035543041,14.067451,2.4726792,32.30635,0.029650609,-0.21724043,0.029905282,0.23351487,-1.7699575,1.7471219
2640,3640000.0,5.5321459,1.5481257,3.9840202,-0.22900695,1.0324173,1.203123,0.79607199,-0.61728395,0.5,2.7081059,3.9635304,3.972838,0.18794929,-0.040608999,0.085324242,0.02105668,2.5485532,2.3731225,0.64021401,0.15,1.7577501,0.5,0.035567445,14.057799,2.4850055,32.30635,0.012181079,-0.19994787,0.024981252,0.13771034,3.5513367,-2.9068608
2641,3641000.0,5.4754662,1.5387202,3.936746,-0.25185459,1.0261449,1.2020038,0.78263596,-0.61728395,0.5,2.6975323,3.9228238,3.944932,0.22484118,-0.028214747,-0.22935901,0.0083740637,2.5406725,2.3628605,0.64515666,0.15,1.7700241,0.5,0.035842036,13.9501,2.4803765,32.30635,0.0077552498,-0.20051773,0.026641451,0.2052164,4.9915905,2.046722
2642,3642000.0,5.4582647,1.5365438,3.9217209,-0.27457692,1.0246935,1.1962583,0.78714877,-0.61728395,0.5,2.7451993,3.9541478,3.9750182,0.306432,0.047471184,-0.083409414,-0.017370281,2.587435,2.4121272,0.640701,0.15,1.7462361,0.5,0.0355945,14.047114,2.4805235,32.30635,-0.017552092,-0.1757768,0.0045752374,0.14847381,-2.8032624,-2.6657158
2643,3643000.0,5.5085255,1.5686852,3.9398403,-0.25266202,1.046128,1.2111411,0.8177015,-0.61728395,0.5,3.0284878,4.1698472,4.1049951,0.81062109,0.061335289,-0.28565076,0.024737707,2.8646,2.6912719,0.64575607,0.15,1.7138991,0.5,0.035875337,13.937151,2.487638,32.30635,-0.0039148176,-0.18120506,-0.021779414,0.23654317,2.4244072,7.7383792
2644,3644000.0,5.4771861,1.5717325,3.9054536,-0.27459358,1.0481602,1.2169495,0.81448937,-0.61728395,0.5,2.6909924,3.8853109,3.9771721,0.21049421,-0.0044739281,-0.24243586,-0.077240168,2.5277484,2.3521593,0.64526074,0.15,1.7014486,0.5,0.035847819,13.94785,2.5188307,32.30635,-0.012670472,-0.14372441,0.018428474,0.1673544,2.035902,-2.9580913
2645,3645000.0,5.5287176,1.5646345,3.9640831,-0.26135031,1.0434267,1.2062136,0.81809061,-0.61728395,0.5,2.8334327,4.0382622,4.0264023,0.43563369,-0.067949024,-0.053961911,-0.17004943,2.6694669,2.4975888,0.64180984,0.15,1.6895234,0.5,0.035656102,14.022845,2.4931871,32.30635,0.0083108776,-0.17829412,0.0039714628,0.12382681,-1.8940081,4.2945862
2646,3646000.0,5.562035,1.5621111,3.9999238,-0.23359698,1.0417439,1.2035271,0.81780093,-0.61728395,0.5,2.5787063,3.8381682,3.8818721,0.01607863,-0.032916741,-0.17050991,-0.027989804,2.4147986,2.2436104,0.64268102,0.15,1.6499357,0.5,0.035704501,14.003837,2.4640123,32.30635,-0.011048069,-0.17804922,-0.014037896,0.15336623,0.2968308,-2.532089
2647,3647000.0,5.5522065,1.5997875,3.952419,-0.20982976,1.0668696,1.2273285,0.84478571,-0.61728395,0.5,2.7991461,4.0600572,4.0698635,0.26751779,-0.055144534,-0.14055805,-0.082212966,2.62983,2.4574232,0.64824807,0.15,1.666925,0.5,0.036013782,13.883574,2.5068843,32.30635,0.0037121603,-0.19904088,0.0095096538,0.17867472,2.9051895,0.27540124
2648,3648000.0,5.5366822,1.5671237,3.9695585,-0.2486621,1.0450867,1.2274654,0.79253517,-0.61728395,0.5,2.892567,4.0609673,4.0848256,0.53190802,0.040871383,0.101472,-0.0065127517,2.7337231,2.5508059,0.64669543,0.15,1.7078215,0.5,0.035927524,13.916907,2.4844663,32.30635,-0.0045570976,-0.21003407,-0.014473936,0.16166459,1.3941987,7.8539715
2649,3649000.0,5.5204157,1.5623707,3.958045,-0.24722706,1.041917,1.2104932,0.80853736,-0.61728395,0.5,2.830709,4.0198421,4.0149432,0.4573417,-0.058337404,-0.12884543,-0.023523831,2.6686579,2.4936735,0.64254828,0.15,1.7196066,0.5,0.035697127,14.00673,2.4742707,32.30635,-0.034502117,-0.22641165,0.023171059,0.2463679,0.29115256,3.7311835
2650,3650000.0,5.5333169,1.5661763,3.9671406,-0.2564607,1.0444549,1.2003713,0.82866402,-0.61728395,0.5,2.4456036,3.7032636,3.7721579,-0.13861066,0.019063217,-0.29207159,0.056374227,2.2795186,2.1113863,0.64117073,0.15,1.7481581,0.5,0.035620596,14.036823,2.4871569,32.30635,0.027992707,-0.27427314,-0.00031762352,0.15313397,3.9086462,-0.50611222
2651,3651000.0,5.5187504,1.5660948,3.9526557,-0.24115266,1.0444005,1.1947992,0.83627481,-0.61728395,0.5,2.8230397,4.0509841,4.085857,0.33227808,-0.028290976,-0.14510084,-0.063394341,2.6554293,2.4903739,0.63890419,0.15,1.773806,0.5,0.035494677,14.086619,2.5072015,32.30635,-0.036903699,-0.17522876,-0.010605415,0.19094196,3.3286365,-1.774687
2652,3652000.0,5.5384399,1.5758851,3.9625548,-0.24587669,1.0509295,1.2035551,0.83971527,-0.61728395,0.5,2.629465,3.8685362,3.9112673,0.10859132,-0.026395156,-0.083979441,-0.0011648819,2.461165,2.2943612,0.63782135,0.15,1.8016304,0.5,0.035434519,14.110534,2.4675176,32.30635,0.02137719,-0.15074779,0.010721838,0.18101122,3.3145087,4.4806827
2653,3653000.0,5.5307263,1.5686123,3.9621141,-0.25092807,1.0460794,1.226171,0.79670582,-0.61728395,0.5,2.6209342,3.9365653,3.8122463,0.11399082,-0.040096967,0.040020902,0.18164384,2.4612544,2.2795335,0.64422023,0.15,1.7836109,0.5,0.035790013,13.970378,2.4850406,32.30635,0.032742411,-0.16357099,0.02820245,0.15933937,-4.1340141,5.4124886
2654,3654000.0,5.5079834,1.5518306,3.9561528,-0.25756227,1.034888,1.1959184,0.81198547,-0.61728395,0.5,3.0522553,4.1931932,4.2461378,0.71743491,0.0351218,-0.31861722,-0.049799076,2.8895131,2.7192778,0.65011485,0.15,1.7610171,0.5,0.036117492,13.843708,2.4951851,32.30635,-0.028659249,-0.20464936,0.014426284,0.19081783,-3.4467953,3.1674785
2655,3655000.0,5.5084418,1.5600317,3.9484101,-0.24790313,1.0403572,1.2234008,0.78687822,-0.61728395,0.5,3.0331771,4.2119732,4.2175392,0.67001888,-0.028622892,0.053857136,0.018119524,2.875467,2.6925478,0.64864019,0.15,1.7346416,0.5,0.036035566,13.875181,2.4889398,32.30635,-0.017744714,-0.19027026,0.0029356554,0.18552179,-3.0790284,4.139887
2656,3656000.0,5.4733116,1.562985,3.9103267,-0.25953669,1.0423267,1.220138,0.79611792,-0.61728395,0.5,2.7824944,4.0351341,4.0192212,0.29312779,-0.035541831,-0.045484419,-0.022472614,2.6229324,2.4427735,0.64592063,0.15,1.744711,0.5,0.035884479,13.9336,2.4683125,32.30635,0.0095736456,-0.20937379,0.0022977301,0.22702519,-2.9535297,0.093107327
2657,3657000.0,5.4829811,1.5607592,3.9222219,-0.24701107,1.0408423,1.2087916,0.80833269,-0.61728395,0.5,2.7118327,3.9346613,3.9506179,0.25021886,0.045265694,-0.13348836,-0.040549515,2.5498226,2.375271,0.64322436,0.15,1.7565925,0.5,0.035734687,13.992007,2.509589,32.30635,-0.022829209,-0.16912454,0.029605535,0.17350188,1.7139932,6.2921217
2658,3658000.0,5.4591096,1.5696718,3.8894377,-0.2667264,1.046786,1.2160717,0.81242452,-0.61728395,0.5,2.6980549,4.0027156,3.9275247,0.16392437,-0.037472692,-0.18792676,0.082933227,2.5352247,2.3594662,0.63988586,0.15,1.7180351,0.5,0.035549215,14.065008,2.4856161,32.30635,0.0022942415,-0.213163,0.0066337559,0.20731163,4.9662123,1.8091044
2659,3659000.0,5.4669271,1.544955,3.9219721,-0.26752295,1.0303028,1.2024257,0.79198706,-0.61728395,0.5,2.7256483,3.8862257,4.0625765,0.2281426,-0.0041195988,-0.045241362,-0.050417523,2.5669143,2.390859,0.63715983,0.15,1.6982591,0.5,0.035397768,14.125184,2.4648172,32.30635,0.0050535282,-0.16814106,-0.0047614166,0.1458347,0.84395268,1.4506713
2660,3660000.0,5.4768293,1.5354466,3.9413827,-0.24225977,1.0239618,1.1819712,0.80524767,-0.61728395,0.5,2.7305668,3.8800366,3.9609794,0.35068428,-0.015355441,-0.017905958,-0.099784971,2.569175,2.4014726,0.64042927,0.15,1.6994333,0.5,0.035579404,14.053074,2.4846891,32.30635,0.030388728,-0.24548433,0.012549299,0.21248966,-2.7675408,-3.5665189
2661,3661000.0,5.4647072,1.5751635,3.8895436,-0.2704054,1.0504483,1.2152627,0.82230112,-0.61728395,0.5,2.79733,3.9523121,4.0493731,0.39030473,0.0024260317,-0.1683347,-0.064961205,2.6325203,2.4589665,0.63614689,0.15,1.6628274,0.5,0.035341494,14.147676,2.4793463,32.30635,-0.0072611397,-0.1320469,0.0043468282,0.18888103,0.13578635,3.2262174
2662,3662000.0,5.4658138,1.5470341,3.9187797,-0.28054145,1.0316893,1.2056321,0.79084646,-0.61728395,0.5,2.4021797,3.6730576,3.7043141,-0.17083264,-0.004141115,-0.037858613,-0.058400709,2.2436743,2.0664977,0.64116615,0.15,1.7268275,0.5,0.035620341,14.036923,2.5024102,32.30635,-0.0074550445,-0.14525063,0.016018888,0.20437347,2.639967,0.80619356
2663,3663000.0,5.5049595,1.550435,3.9545246,-0.22850841,1.0339573,1.1797686,0.83219621,-0.61728395,0.5,2.5310301,3.7788414,3.8404894,-0.02624057,-0.016474798,-0.21465542,0.10716385,2.3642372,2.2025492,0.64099846,0.15,1.7245514,0.5,0.035611026,14.040595,2.4739585,32.30635,-0.040740189,-0.21039274,0.00099267901,0.24560282,1.976167,-2.5113109
2664,3664000.0,5.4677568,1.5466762,3.9210806,-0.23945151,1.0314506,1.2070728,0.78827464,-0.61728395,0.5,2.7561465,3.9904662,3.9829822,0.29499097,-0.0074070586,0.017236162,0.018245586,2.5981565,2.4200633,0.64572084,0.15,1.7300893,0.5,0.03587338,13.937912,2.5053868,32.30635,0.010700097,-0.18391075,0.017526258,0.19171918,-2.4571622,1.8395421
2665,3665000.0,5.4623453,1.5525977,3.9097476,-0.24856035,1.0353996,1.2032522,0.80302007,-0.61728395,0.5,2.7161826,3.949558,3.9852307,0.21375912,0.038981128,-0.14296311,0.035999555,2.5552373,2.3811632,0.64858497,0.15,1.7692459,0.5,0.036032498,13.876362,2.4777141,32.30635,-0.016537802,-0.21396748,-5.9262741e-05,0.15843654,1.925631,-1.1050248
2666,3666000.0,5.4753262,1.5722802,3.903046,-0.25117479,1.0485255,1.2275806,0.80059366,-0.61728395,0.5,2.8691956,4.0243545,4.0942172,0.48901503,0.013849845,-0.30551102,0.05352999,2.7087366,2.5274025,0.65534064,0.15,1.7845905,0.5,0.036407813,13.733316,2.4735539,32.30635,-0.01412782,-0.17744556,-0.01366957,0.21643625,0.86262688,-0.31865076
2667,3667000.0,5.4725691,1.5500289,3.9225402,-0.26055229,1.0336865,1.2200383,0.77560682,-0.61728395,0.5,2.7166589,3.9038847,4.0004737,0.24561838,-0.050534402,-0.017143064,-0.060483915,2.5612079,2.3769658,0.65632092,0.15,1.7755404,0.5,0.036462274,13.712804,2.4732635,32.30635,0.004746199,-0.17496019,0.020188369,0.17908784,0.16369691,1.5073392
2668,3668000.0,5.4702093,1.5455957,3.9246136,-0.2630326,1.03073,1.195355,0.80283068,-0.61728395,0.5,2.6719803,3.8888471,3.9330658,0.19402804,-0.009953959,0.0071833118,0.088651144,2.511073,2.3391597,0.6535077,0.15,1.7719092,0.5,0.036305983,13.771835,2.4846707,32.30635,0.0056091884,-0.18649088,-0.0096499942,0.19283217,3.5684031,0.67587962
2669,3669000.0,5.4717734,1.5476302,3.9241433,-0.26477407,1.0320868,1.2001673,0.79938813,-0.61728395,0.5,2.7577387,3.9508887,4.0068698,0.31545766,-0.00041638554,-0.25121531,-0.019796058,2.5975213,2.4235782,0.65118944,0.15,1.7516222,0.5,0.036177191,13.820863,2.4791665,32.30635,-0.0087628209,-0.17515564,-0.00053259471,0.18005768,1.6125524,-1.7303369
2670,3670000.0,5.4646418,1.5422862,3.9223557,-0.25265668,1.028523,1.1855763,0.81114053,-0.61728395,0.5,2.9421642,4.0863465,4.1382913,0.60185501,-0.049996594,-0.42874884,-0.047396942,2.7795914,2.6120663,0.64809397,0.15,1.7487722,0.5,0.036005221,13.886875,2.4825043,32.30635,0.0011732178,-0.21065867,-0.0073774023,0.14617175,0.32244717,1.2374859
2671,3671000.0,5.5074664,1.5592072,3.9482592,-0.23654856,1.0398073,1.201186,0.8164247,-0.61728395,0.5,2.8104811,4.0201165,4.0309254,0.38040147,0.042410327,-0.1657359,-0.0098916847,2.6468492,2.476037,0.64452804,0.15,1.7603609,0.5,0.035807114,13.963706,2.4837926,32.30635,-0.022600721,-0.18971887,-0.0029200533,0.1018615,0.98050235,-1.7218762
2672,3672000.0,5.5338231,1.5655559,3.9682672,-0.24323553,1.0440411,1.1922462,0.83896256,-0.61728395,0.5,2.7241142,3.8658075,3.9542438,0.35229128,-0.0021514363,-0.0026971383,0.063397732,2.5559651,2.3921592,0.64109196,0.15,1.783284,0.5,0.03561622,14.038548,2.4806408,32.30635,-0.012438485,-0.17871215,-0.011657189,0.16057678,-2.1490765,2.8948593
2673,3673000.0,5.4911462,1.5752979,3.9158484,-0.25110278,1.0505379,1.209817,0.83008029,-0.61728395,0.5,2.8858592,4.0208176,4.0672856,0.5694745,0.031355613,0.057302705,-0.082777779,2.7194904,2.549012,0.64194112,0.15,1.7226819,0.5,0.035663396,14.019977,2.4627658,32.30635,0.0062530852,-0.23028989,-0.024431438,0.20383108,-1.6884948,2.0827149
2674,3674000.0,5.4423419,1.5150902,3.9272518,-0.25493618,1.0103865,1.1894438,0.76242225,-0.61728395,0.5,2.4886637,3.7258739,3.8369549,-0.096837801,0.0092213089,-0.13145833,0.05593999,2.3358552,2.1574889,0.65005665,0.15,1.63423,0.5,0.036114259,13.844947,2.4917259,32.30635,0.0036375977,-0.19229144,0.0017327372,0.16790416,3.7388027,0.30334818
2675,3675000.0,5.4392479,1.5341318,3.9051161,-0.26673994,1.023085,1.1805835,0.80507965,-0.61728395,0.5,2.6283204,3.8816096,3.9054813,0.097870301,-0.0098600961,-0.24366508,0.008675158,2.4669623,2.2996126,0.65116022,0.15,1.6307814,0.5,0.036175568,13.821483,2.4794859,32.30635,0.001606537,-0.20287963,0.019101439,0.13331345,5.4505386,-0.021146466
2676,3676000.0,5.465175,1.5765938,3.8885811,-0.25360755,1.0514022,1.2406525,0.78930959,-0.61728395,0.5,2.9767866,4.217196,4.1454574,0.56770644,-0.066046075,0.14931834,0.021451145,2.8185893,2.6313539,0.65557944,0.15,1.6891923,0.5,0.03642108,13.728313,2.4938094,32.30635,-0.010384429,-0.21084415,-0.0031528389,0.16507735,-2.0522947,1.8921724
2677,3677000.0,5.4901289,1.5673953,3.9227337,-0.24318854,1.0452678,1.2155061,0.80958173,-0.61728395,0.5,2.7089491,3.9311329,3.9072116,0.28850271,0.010995332,-0.14889847,0.21288661,2.5466887,2.3705179,0.65268848,0.15,1.7363236,0.5,0.036260471,13.78912,2.4688108,32.30635,-0.0069311795,-0.16391339,0.0058103969,0.11947474,-1.3037822,0.068373251
2678,3678000.0,5.4674968,1.5511455,3.9163513,-0.26563707,1.0344311,1.197005,0.80938403,-0.61728395,0.5,2.4862269,3.7055559,3.8518275,-0.098702714,-0.026265941,-0.16293526,0.021217303,2.3240061,2.1529469,0.6510078,0.15,1.7585819,0.5,0.0361671,13.824719,2.4851805,32.30635,-0.0094051659,-0.12960685,4.2510946e-05,0.21411443,-0.88769895,-1.9669645
2679,3679000.0,5.4681226,1.5509723,3.9171503,-0.24510913,1.0343156,1.1763605,0.83778709,-0.61728395,0.5,2.5413344,3.7894869,3.8049699,0.029546412,0.010845424,-0.065088278,-0.00046602284,2.3734209,2.2138024,0.64518661,0.15,1.7851585,0.5,0.035843701,13.949453,2.4852368,32.30635,-0.0040315469,-0.16425947,-0.0084867761,0.20825736,2.3496832,-8.2941017
2680,3680000.0,5.4844757,1.5758204,3.9086553,-0.23061536,1.0508864,1.2255184,0.80910103,-0.61728395,0.5,2.8053397,4.0964448,3.9852348,0.33433957,0.018332503,0.22180906,-0.059403553,2.6431757,2.4641208,0.63969372,0.15,1.731053,0.5,0.03553854,14.069233,2.4834216,32.30635,-0.0057160718,-0.20089868,-0.0033954823,0.15636572,-1.8932265,-0.15342631
2681,3681000.0,5.4964165,1.5569434,3.939473,-0.22746791,1.0382977,1.223883,0.78128622,-0.61728395,0.5,2.8400729,4.0967864,4.012213,0.41121929,0.038392686,0.13005171,-0.042756651,2.6834836,2.4993093,0.63779672,0.15,1.7124427,0.5,0.035433151,14.111079,2.4686744,32.30635,0.01386416,-0.1732487,0.01793011,0.19627172,0.50415549,-1.7497644
2682,3682000.0,5.4853764,1.5760585,3.9093179,-0.25393768,1.0510452,1.2118605,0.82845387,-0.61728395,0.5,2.7265821,3.9682248,4.0073486,0.20417291,0.040364735,0.14765333,-0.014452416,2.5605392,2.3891659,0.63713415,0.15,1.6531858,0.5,0.035396342,14.125754,2.4841748,32.30635,-0.003866216,-0.19320221,-0.012583433,0.19957451,4.0307989,-4.3179092
2683,3683000.0,5.4833346,1.5504011,3.9329335,-0.2639117,1.0339347,1.205409,0.79652285,-0.61728395,0.5,2.3658611,3.6209979,3.6661705,-0.18958505,-0.020881387,-0.3882687,-0.057340939,2.206218,2.0302412,0.63789471,0.15,1.6291909,0.5,0.035438595,14.108912,2.4897115,32.30635,0.031589146,-0.17176477,0.012472132,0.18775573,1.0906045,-4.8251487
2684,3684000.0,5.5166504,1.5662892,3.9503612,-0.2558696,1.0445302,1.2232379,0.79707789,-0.61728395,0.5,2.6138948,3.8493608,3.8433623,0.14896125,-0.025574817,0.11076117,0.086889262,2.4541405,2.2733108,0.64208459,0.15,1.6606223,0.5,0.035671366,14.016845,2.488924,32.30635,-0.008852811,-0.14421559,-0.00064482647,0.20039308,-3.8238646,2.7321903
2685,3685000.0,5.4729207,1.5512807,3.92164,-0.2638131,1.0345213,1.2165355,0.78246788,-0.61728395,0.5,2.5762325,3.8333694,3.8285529,0.066775239,-0.0088893968,-0.19573718,-0.075557759,2.4194064,2.2375147,0.64798284,0.15,1.6400437,0.5,0.035999047,13.889257,2.5107872,32.30635,0.015274805,-0.16683795,0.01389679,0.21288461,2.0000536,5.5981371
2686,3686000.0,5.4929162,1.5900915,3.9028247,-0.24081999,1.0604035,1.2329853,0.82147358,-0.61728395,0.5,2.8319965,4.0334277,4.1306607,0.33190108,0.00020434353,-0.21149949,-0.00049174459,2.6673526,2.4886986,0.65038563,0.15,1.6900777,0.5,0.036132535,13.837944,2.4892234,32.30635,-0.013206608,-0.17183004,-0.0092598919,0.17626482,2.2367092,-0.7419202
2687,3687000.0,5.4586751,1.5695469,3.8891282,-0.24742688,1.0467027,1.2160906,0.81219914,-0.61728395,0.5,2.9424379,4.1033515,4.1754109,0.54855125,0.042447079,-0.017138921,0.084393977,2.7796529,2.6038439,0.64554305,0.15,1.7141158,0.5,0.035863503,13.94175,2.4677795,32.30635,0.0074037259,-0.18882491,0.022105421,0.19708808,4.2728321,0.40095595
2688,3688000.0,5.4496803,1.5579775,3.8917028,-0.25931718,1.0389872,1.2222555,0.7851953,-0.61728395,0.5,2.9285961,4.0390993,4.221657,0.52503221,-0.014378011,-0.098013424,-0.11578746,2.7712234,2.5882857,0.64573809,0.15,1.7386322,0.5,0.035874338,13.937539,2.4589408,32.30635,-0.02541239,-0.21345738,-0.0022387854,0.14199873,0.37413458,2.9611045
2689,3689000.0,5.47549,1.5479573,3.9275327,-0.269114,1.0323049,1.2022937,0.79695559,-0.61728395,0.5,2.7916356,3.9821534,4.0570443,0.33570907,-0.041241373,0.15427379,-0.077347691,2.6319058,2.4568831,0.6464773,0.15,1.714185,0.5,0.035915405,13.921603,2.4865998,32.30635,0.016555218,-0.14307536,0.0064989518,0.14769827,-4.1827543,-6.0029758
2690,3690000.0,5.5034375,1.5745853,3.9288522,-0.27019319,1.0500627,1.1966089,0.84729328,-0.61728395,0.5,2.7569106,4.0084325,3.9378257,0.32447357,-0.036934912,-0.12245441,-0.018564209,2.5870918,2.4237409,0.64414642,0.15,1.7378759,0.5,0.035785912,13.971979,2.4844405,32.30635,-0.029110406,-0.1422708,0.027106762,0.19675881,-1.9294112,0.16720001
2691,3691000.0,5.5042966,1.5588139,3.9454827,-0.25786537,1.039545,1.1931285,0.8269912,-0.61728395,0.5,2.5981083,3.8487854,3.885653,0.059886505,0.018911339,-0.020449417,-0.11573156,2.4323586,2.2659076,0.64647454,0.15,1.6919919,0.5,0.035915252,13.921662,2.4944717,32.30635,-0.014645918,-0.18343304,0.0025640578,0.17868167,-0.54911726,-0.79617239
2692,3692000.0,5.4685932,1.5488774,3.9197157,-0.25996436,1.0329186,1.1936869,0.81037866,-0.61728395,0.5,2.5338702,3.8595584,3.7678157,-0.025763371,0.021982525,-0.10468143,0.0038092892,2.3714501,2.2015141,0.65206824,0.15,1.7398598,0.5,0.036226013,13.802236,2.4846343,32.30635,0.0038095283,-0.22757023,4.6260628e-05,0.15200752,3.756196,-2.2088174
2693,3693000.0,5.4742307,1.5415807,3.93265,-0.25200266,1.0280525,1.1891962,0.80498732,-0.61728395,0.5,2.8432558,3.9894917,4.0633522,0.47692337,-0.037198123,0.13640175,-0.091024873,2.6819162,2.51215,0.66293763,0.15,1.7274881,0.5,0.036829868,13.575938,2.492197,32.30635,0.018765582,-0.19814842,-0.0071257196,0.22377648,0.71886768,0.6946525
2694,3694000.0,5.4770209,1.5406353,3.9363856,-0.25337198,1.0274221,1.1746227,0.82372591,-0.61728395,0.5,2.9221459,4.115849,4.0898233,0.56076551,0.023423411,0.17390319,0.11652136,2.7570507,2.5950978,0.66106103,0.15,1.6869847,0.5,0.036725613,13.614477,2.4830663,32.30635,0.0051191003,-0.20838787,0.015186378,0.2121506,-0.32109327,4.7801896
2695,3695000.0,5.5023439,1.543455,3.958889,-0.23790771,1.0293024,1.2111037,0.7775409,-0.61728395,0.5,2.7795082,3.9528618,3.9814556,0.40420738,-0.037451646,-0.029758654,-0.11987084,2.6236696,2.4423028,0.65921569,0.15,1.6805369,0.5,0.036623094,13.652588,2.4646195,32.30635,0.014534414,-0.19265351,-0.043143565,0.1808705,2.7613355,5.2088048
2696,3696000.0,5.4891945,1.5684327,3.9207617,-0.24662743,1.0459597,1.2147877,0.81223328,-0.61728395,0.5,2.8032007,4.0383239,4.0247921,0.34648613,-0.025297578,-0.023190655,0.052142454,2.6404089,2.4649695,0.65302811,0.15,1.6493185,0.5,0.036279339,13.781949,2.4939811,32.30635,0.0048751845,-0.20218342,-0.0072722066,0.14668848,1.3716442,-5.655051
2697,3697000.0,5.5200087,1.5780578,3.9419509,-0.25237912,1.0523784,1.2273372,0.81014024,-0.61728395,0.5,2.6285777,3.8682185,3.8990227,0.11849191,0.051356323,0.10834532,-0.0047934554,2.4662053,2.2868524,0.64792717,0.15,1.6773015,0.5,0.035995954,13.89045,2.4951052,32.30635,0.0071633812,-0.1996935,0.0041044045,0.15740692,-2.1178599,-3.6701245
2698,3698000.0,5.4467905,1.5434105,3.90338,-0.24485996,1.0292728,1.1891335,0.80799083,-0.61728395,0.5,2.7541205,3.9754285,4.0200966,0.26683632,-0.015074856,0.13692099,-0.058525368,2.5921789,2.4230321,0.64088829,0.15,1.6304398,0.5,0.035604905,14.043009,2.4922165,32.30635,-0.030699018,-0.22512412,-0.018884219,0.16430659,-1.3049377,9.3569913
2699,3699000.0,5.4741463,1.5675328,3.9066135,-0.25280815,1.0453595,1.2015887,0.82913474,-0.61728395,0.5,2.8989808,4.0514878,4.0979857,0.54746892,-0.083746587,-0.13581565,-0.11375865,2.7328015,2.5644246,0.63800519,0.15,1.6565204,0.5,0.035444733,14.106468,2.4911619,32.30635,0.039762008,-0.15768404,-0.020828827,0.15066804,-1.8036899,1.9260587
2700,3700000.0,5.4242501,1.5483269,3.8759232,-0.26202429,1.0325514,1.1906618,0.81370347,-0.61728395,0.5,3.2591801,4.3274378,4.3722679,1.0778344,-0.012623222,0.049700735,0.13853607,3.0960935,2.9276662,0.64248588,0.15,1.6793853,0.5,0.03569366,14.00809,2.4834617,32.30635,0.015160681,-0.17446269,0.0036099737,0.20074624,1.2984309,-0.059906637
2701,3701000.0,5.4310067,1.5034696,3.9275371,-0.24797696,1.0026369,1.1585335,0.78684134,-0.61728395,0.5,2.7414268,4.0462308,3.9497029,0.22834674,-0.056163955,-0.043449624,-0.13581054,2.5837241,2.4188584,0.64526406,0.15,1.6515911,0.5,0.035848003,13.947778,2.4731887,32.30635,0.0089829802,-0.18555584,0.0036916761,0.16206599,-3.1391548,-1.7804725
2702,3702000.0,5.442464,1.5094434,3.9330206,-0.265956,1.0066207,1.1422865,0.81893256,-0.61728395,0.5,2.4905586,3.782247,3.7260091,-0.036580295,0.0065595445,-0.32032828,-0.018547909,2.326424,2.1725138,0.65718214,0.15,1.7092442,0.5,0.036510119,13.694834,2.4823304,32.30635,-0.013992929,-0.21097036,-0.014694106,0.20836109,-0.72348531,-2.9770134
2703,3703000.0,5.4397684,1.57241,3.8673585,-0.25898957,1.048612,1.2197416,0.81169042,-0.61728395,0.5,2.6499674,3.9149212,3.9592293,0.075751809,-0.060030575,-0.11130148,-0.064942433,2.4872844,2.310357,0.66500172,0.15,1.7210216,0.5,0.03694454,13.5338,2.5041543,32.30635,-0.0057066869,-0.21962713,0.016984284,0.16976292,-4.539941,0.88614705
2704,3704000.0,5.466204,1.5894274,3.8767766,-0.2618369,1.0599606,1.2279833,0.82736381,-0.61728395,0.5,2.919966,4.0386425,4.1985713,0.52268427,-0.035275234,-0.4058181,0.083995937,2.7541417,2.5780608,0.6648219,0.15,1.7612328,0.5,0.03693455,13.53746,2.4772709,32.30635,-0.018057894,-0.19987311,-0.021188779,0.15245101,6.3478814,3.9156443
2705,3705000.0,5.4713341,1.5453194,3.9260147,-0.25777893,1.0305458,1.2063932,0.78705619,-0.61728395,0.5,2.5979665,3.8634289,3.8726318,0.057838682,0.00042634363,0.25221653,0.10089166,2.4402207,2.2620725,0.66252975,0.15,1.7983968,0.5,0.036807208,13.584296,2.4948092,32.30635,0.0053358311,-0.15773271,0.0043831658,0.20772358,3.1108988,-3.9704627
2706,3706000.0,5.4729408,1.5221417,3.9507991,-0.25254154,1.015089,1.1913895,0.77095812,-0.61728395,0.5,2.6882245,3.8823093,3.8969228,0.28544138,0.040393727,0.33711837,0.0079651315,2.5337052,2.356508,0.65186767,0.15,1.8211542,0.5,0.036214871,13.806483,2.4827009,32.30635,0.0053968372,-0.16856826,0.021257653,0.22518129,-0.25183903,-3.1543458
2707,3707000.0,5.4607063,1.5430758,3.9176306,-0.2425099,1.0290496,1.1938571,0.80089527,-0.61728395,0.5,2.6452085,3.8935896,3.8968647,0.14517117,-0.014691223,-0.061579417,0.047318374,2.4846891,2.312805,0.6398675,0.15,1.7470713,0.5,0.035548194,14.065412,2.4690038,32.30635,0.016278202,-0.15613607,0.014869489,0.19741593,-0.54803651,1.1114463
2708,3708000.0,5.4224421,1.4995895,3.9228527,-0.25889224,1.0000493,1.1699856,0.76474793,-0.61728395,0.5,2.6254134,3.9261883,3.8674663,0.082585521,-0.025066698,-0.20953359,-0.052776662,2.4721388,2.2996564,0.63609508,0.15,1.6810178,0.5,0.035338616,14.148828,2.479597,32.30635,0.0064537504,-0.20054711,0.0038270626,0.21416353,-0.63668888,3.971169
2709,3709000.0,5.4783832,1.5677222,3.910661,-0.23451046,1.0454858,1.2017457,0.8292187,-0.61728395,0.5,3.0885197,4.2069248,4.2417883,0.81684607,0.054470379,0.052834201,0.16223354,2.9223236,2.7539198,0.63500253,0.15,1.7133668,0.5,0.035277918,14.173172,2.4648916,32.30635,0.0039305647,-0.24347554,-0.018165699,0.13850874,-4.3879566,6.8014846
2710,3710000.0,5.4440901,1.5526551,3.891435,-0.26606936,1.0354378,1.1959271,0.81328742,-0.61728395,0.5,2.7933403,3.9772395,3.987824,0.41495747,-0.028713643,0.13226719,-0.13092724,2.6303372,2.4603604,0.6357636,0.15,1.7021934,0.5,0.0353202,14.156205,2.4696214,32.30635,0.021176712,-0.17977183,-0.012841047,0.18562337,-6.0892972,-4.2428221
2711,3711000.0,5.4795812,1.5461463,3.9334349,-0.25658386,1.0310973,1.1818003,0.82253852,-0.61728395,0.5,2.6978665,3.9179172,3.9545867,0.22109573,0.012835213,0.17192774,0.11501004,2.5330093,2.36882,0.63609241,0.15,1.6949472,0.5,0.035338467,14.148888,2.4750548,32.30635,-0.011318241,-0.19270603,0.0080843203,0.15454554,1.4241104,-3.5116613
2712,3712000.0,5.4421099,1.5451314,3.8969785,-0.25386883,1.0304204,1.1977667,0.79874044,-0.61728395,0.5,2.906781,4.0679124,4.1460318,0.50639884,-0.0012313278,0.14901827,0.053671729,2.7466935,2.5732889,0.64929531,0.15,1.714686,0.5,0.036071962,13.861181,2.4863043,32.30635,0.036253879,-0.19045143,0.052883627,0.20377837,0.28075245,6.208408
2713,3713000.0,5.475764,1.5604766,3.9152874,-0.25871552,1.0406538,1.2111588,0.8045938,-0.61728395,0.5,2.6591884,3.8804491,3.9098825,0.18723367,0.012068652,0.093261869,-0.023451346,2.4979277,2.3219676,0.65567206,0.15,1.6574741,0.5,0.036426225,13.726374,2.5058519,32.30635,-0.021628515,-0.14672037,0.013124449,0.16912604,-0.0018314538,2.222835
2714,3714000.0,5.4579378,1.5702461,3.8876917,-0.25050722,1.0471689,1.213968,0.81626217,-0.61728395,0.5,2.7690321,4.0350567,4.0632075,0.2088321,0.032873757,-0.064149847,0.055109704,2.6054328,2.4310291,0.66090375,0.15,1.737911,0.5,0.036716875,13.617717,2.486578,32.30635,-0.01719477,-0.19973579,-0.0053214198,0.16380542,-1.8218833,6.788422
2715,3715000.0,5.4416192,1.5708663,3.8707528,-0.25721079,1.0475826,1.2073173,0.82648975,-0.61728395,0.5,2.7413858,3.9585837,4.081721,0.18385282,-0.0065932326,-0.18454602,0.016437201,2.5757366,2.4052346,0.65551113,0.15,1.7023606,0.5,0.036417285,13.729744,2.4872837,32.30635,-0.00091678383,-0.16001477,-0.036624129,0.15637037,1.3469711,-3.7392099
2716,3716000.0,5.4322817,1.5545262,3.8777555,-0.26229607,1.0366857,1.2038828,0.80521772,-0.61728395,0.5,3.0667317,4.1177621,4.2600819,0.82235121,0.0058500411,-0.25806358,-0.073580004,2.905346,2.7315368,0.64891553,0.15,1.7237794,0.5,0.036050863,13.869294,2.4944193,32.30635,0.0034080153,-0.17156233,-0.0057052721,0.19489287,6.2807657,2.7271377
2717,3717000.0,5.4358952,1.5192381,3.9166571,-0.24390502,1.0131527,1.1780997,0.78479235,-0.61728395,0.5,2.7752369,4.0289334,3.972002,0.32477511,0.10038276,-0.23061159,0.035932044,2.6179449,2.4472206,0.64203544,0.15,1.720995,0.5,0.035668636,14.017918,2.4867959,32.30635,-0.018193405,-0.16607565,-0.019088001,0.12796249,5.3517512,1.5075538
2718,3718000.0,5.4610844,1.5248312,3.9362532,-0.24712509,1.0168826,1.1695239,0.80562023,-0.61728395,0.5,2.4169128,3.6746074,3.7964236,-0.22029256,-0.091470021,0.089978953,-0.11227795,2.2554464,2.0912844,0.63522435,0.15,1.6798141,0.5,0.035290241,14.168223,2.4789805,32.30635,0.0077728491,-0.16131593,-0.014259922,0.1711931,-2.5255369,6.2798653
2719,3719000.0,5.4423635,1.5274436,3.9149199,-0.27630993,1.0186248,1.1911587,0.77972901,-0.61728395,0.5,2.5566464,3.7690978,3.8634489,0.037392517,0.0030505658,-0.18922149,0.034072379,2.4003692,2.2249942,0.63830769,0.15,1.6412404,0.5,0.035461538,14.099783,2.4856354,32.30635,0.022178211,-0.15048495,0.012877482,0.19490712,-3.754487,0.94342667
2720,3720000.0,5.4604269,1.5377197,3.9227073,-0.23582596,1.0254777,1.1804439,0.81099222,-0.61728395,0.5,2.9730224,4.1532977,4.1049219,0.66084754,-0.021852903,-0.24583559,-0.069887064,2.8104793,2.6443535,0.64294514,0.15,1.6650223,0.5,0.035719175,13.998084,2.4955714,32.30635,-0.0061647439,-0.19566284,0.0042889852,0.23299018,-0.61129073,-0.48594509
2721,3721000.0,5.472986,1.5461764,3.9268096,-0.25445857,1.0311173,1.1868505,0.8155708,-0.61728395,0.5,3.1333501,4.2313469,4.2510706,0.91763269,-0.00010709421,0.15379531,-0.10889157,2.9698893,2.8028974,0.64255311,0.15,1.6074643,0.5,0.035697395,14.006624,2.4774873,32.30635,-0.00035767442,-0.19533584,-0.0012270916,0.23707576,-7.0405298,-2.351967
2722,3722000.0,5.4640782,1.5663867,3.8976915,-0.24885834,1.0445952,1.216183,0.80703388,-0.61728395,0.5,3.0548312,4.2123907,4.1593227,0.79278029,0.0098147687,0.077394571,-0.10417244,2.8930815,2.7162115,0.64727934,0.15,1.6380348,0.5,0.035959964,13.904352,2.5004483,32.30635,0.0017311021,-0.20496696,-0.013844421,0.2414217,0.099599852,6.1522196
2723,3723000.0,5.454976,1.5295539,3.9254221,-0.25686415,1.0200321,1.1870819,0.788756,-0.61728395,0.5,2.6970529,3.9724383,3.9229767,0.19574369,0.0042362779,0.14891308,-0.11883385,2.5389665,2.3665358,0.6485228,0.15,1.6476111,0.5,0.036029045,13.877692,2.487294,32.30635,-0.040596099,-0.16716022,0.0079436439,0.15722323,-0.4341997,1.7692385
2724,3724000.0,5.4011732,1.5409479,3.8602253,-0.26294909,1.0276305,1.2072142,0.77894828,-0.61728395,0.5,2.9574627,4.1529276,4.1146522,0.6048084,0.026213973,0.047131567,-0.061391461,2.801342,2.6213402,0.64503744,0.15,1.6486079,0.5,0.035835413,13.952678,2.4811475,32.30635,-0.0013224087,-0.17203849,-0.0018242484,0.14964933,-0.69784988,5.6936222
2725,3725000.0,5.4440193,1.5636562,3.8803631,-0.2586858,1.0427743,1.23393,0.77802801,-0.61728395,0.5,2.8013986,4.0027489,4.0770462,0.32440069,0.021187263,-0.064364489,-0.07749066,2.6454623,2.4578376,0.64837955,0.15,1.649753,0.5,0.036021086,13.880759,2.4804207,32.30635,-0.014143673,-0.16898638,0.00034148119,0.15719462,-4.6687026,-3.7772619
2726,3726000.0,5.4174545,1.4908718,3.9265827,-0.2514248,0.99423564,1.1539555,0.7731223,-0.61728395,0.5,2.4407802,3.75914,3.7479989,-0.18479831,-0.039564171,-0.17951885,0.057148314,2.2858272,2.1194864,0.64773449,0.15,1.6845179,0.5,0.035985249,13.894582,2.4725645,32.30635,0.0021382868,-0.21407006,-0.015994539,0.17391196,-1.9080708,-2.1051431
2727,3727000.0,5.4565035,1.5562853,3.9002182,-0.27858218,1.0378587,1.212883,0.7955184,-0.61728395,0.5,2.8262285,3.9646374,4.0983345,0.41571377,-0.016153088,-0.49691105,0.17659445,2.6667868,2.4885277,0.65054815,0.15,1.6681863,0.5,0.036141564,13.834487,2.4795762,32.30635,0.02064104,-0.13115988,0.0072162259,0.21522007,1.9916694,7.3762375
2728,3728000.0,5.4367544,1.5360998,3.9006547,-0.2608464,1.0243974,1.1923978,0.79180401,-0.61728395,0.5,2.7820134,4.0077157,4.0063778,0.33194681,-0.0085445834,-0.04531782,0.0010396267,2.6233161,2.4500162,0.66124316,0.15,1.6928863,0.5,0.036735731,13.610727,2.4853211,32.30635,-0.032189158,-0.20767805,-0.00053849559,0.21711797,-0.14596694,1.9580483
2729,3729000.0,5.4406161,1.547286,3.89333,-0.2737557,1.0318573,1.1953121,0.8055845,-0.61728395,0.5,2.938074,4.0557637,4.1483538,0.61010435,-0.028256769,-0.14780733,0.077934332,2.7766147,2.6052653,0.66225854,0.15,1.6570109,0.5,0.036792141,13.589859,2.5087458,32.30635,-0.0093769661,-0.14264078,-0.0010452642,0.16588881,2.930952,1.9974006
2730,3730000.0,5.478274,1.5590221,3.9192519,-0.26908198,1.0396839,1.1816613,0.84325317,-0.61728395,0.5,2.9084502,3.994238,4.1763843,0.55472837,0.079137011,-0.12168184,0.045828333,2.7394412,2.5794423,0.66277699,0.15,1.6628344,0.5,0.036820944,13.579228,2.4564948,32.30635,0.02744547,-0.16207417,-0.029203908,0.22726405,1.7589276,3.5434469
2731,3731000.0,5.4756918,1.5365468,3.939145,-0.26232154,1.0246955,1.1782656,0.81214884,-0.61728395,0.5,2.8093249,3.9460338,4.0273716,0.4545693,-0.0070534719,-0.030481205,0.0032270703,2.64655,2.4812625,0.66038904,0.15,1.7256424,0.5,0.03668828,13.62833,2.4811706,32.30635,-0.00078930406,-0.15737551,0.019928238,0.22933456,-0.1463226,8.4261849
2732,3732000.0,5.4510475,1.5465696,3.9044779,-0.24908426,1.0313796,1.1851394,0.81857449,-0.61728395,0.5,2.6531926,3.9022213,3.9238921,0.13346445,-0.014722304,0.10543921,0.029383866,2.4891298,2.3232163,0.65380658,0.15,1.7590214,0.5,0.036322588,13.765539,2.486938,32.30635,-0.0027533135,-0.15602957,0.0021865131,0.20056245,1.3816218,1.5696365
2733,3733000.0,5.4116272,1.5700549,3.8415722,-0.25299801,1.0470415,1.2150803,0.81441227,-0.61728395,0.5,2.6264859,3.9063522,3.8318451,0.14126054,0.057490227,-0.26606035,0.11215884,2.4632574,2.2881733,0.64415195,0.15,1.7704798,0.5,0.03578622,13.971859,2.481167,32.30635,-0.02091113,-0.19233102,-0.017324474,0.16970495,0.84191163,-5.3554608
2734,3734000.0,5.4952174,1.5669297,3.9282877,-0.2407614,1.0449573,1.1941483,0.83850974,-0.61728395,0.5,2.8451303,4.0139152,4.0791032,0.44237263,0.042015415,-0.16459577,-0.058536482,2.677072,2.5126457,0.63851593,0.15,1.7152512,0.5,0.035473107,14.095185,2.4833975,32.30635,-0.012443261,-0.17076515,-0.016956498,0.17141651,2.4822765,-2.7244321
2735,3735000.0,5.4436512,1.5298056,3.9138456,-0.26164789,1.0201999,1.1703266,0.81243336,-0.61728395,0.5,2.6562509,3.8624608,3.8959928,0.21029902,-0.0067892323,-0.26978104,0.065645075,2.4934189,2.3303989,0.63546526,0.15,1.706408,0.5,0.035303626,14.162851,2.4864636,32.30635,0.00017164025,-0.11995534,-0.01360153,0.17010474,-2.9560535,-0.2009847
2736,3736000.0,5.4443377,1.5479329,3.8964049,-0.24566778,1.0322887,1.1865596,0.81877433,-0.61728395,0.5,2.7554446,3.9809889,4.0128906,0.27245434,-0.034567574,-0.19310814,0.093928971,2.5913418,2.4250729,0.63541888,0.15,1.6641927,0.5,0.035301049,14.163885,2.4822468,32.30635,-0.021918429,-0.18048927,-0.00091811496,0.17729276,-2.3889353,1.2203464
2737,3737000.0,5.4962836,1.5742243,3.9220593,-0.25723668,1.0498219,1.2071192,0.83211701,-0.61728395,0.5,2.7997408,3.999833,3.9634868,0.43590252,-0.0025026697,-0.14901977,0.069733499,2.6329637,2.4636447,0.64130462,0.15,1.6467444,0.5,0.035628035,14.033892,2.4729519,32.30635,-0.037518559,-0.12554862,-0.0080719534,0.13496781,1.3323818,1.5961877
2738,3738000.0,5.4913686,1.5325694,3.9587993,-0.24753838,1.022043,1.1735792,0.81231983,-0.61728395,0.5,2.6860707,3.881043,3.9492082,0.22796076,0.025386623,0.13524472,-0.025398648,2.5232615,2.3593131,0.64690943,0.15,1.6210927,0.5,0.035939413,13.912303,2.4886155,32.30635,-0.021564105,-0.15294005,0.0092317598,0.17543689,-0.33294032,-2.9106849
2739,3739000.0,5.4716658,1.541993,3.9296728,-0.26263521,1.0283275,1.2029943,0.78647636,-0.61728395,0.5,2.7247926,3.8798418,3.9350576,0.35947855,0.0094774543,0.37228284,0.055782652,2.5671631,2.3898451,0.65235539,0.15,1.6470739,0.5,0.036241966,13.796161,2.48003,32.30635,0.014400978,-0.17024397,-0.020189893,0.21592479,-0.87847993,3.6824514
2740,3740000.0,5.4921309,1.5646181,3.9275128,-0.25519813,1.0434158,1.2158933,0.80461764,-0.61728395,0.5,2.5818958,3.8887702,3.869312,-0.012394751,0.018381508,-0.030662905,0.049977373,2.4206303,2.2433568,0.65570401,0.15,1.6261373,0.5,0.036428001,13.725705,2.4953911,32.30635,0.014940144,-0.12929403,-0.023545156,0.18052031,3.0053042,1.9907812
2741,3741000.0,5.5238137,1.5813534,3.9424603,-0.25865291,1.0545762,1.2193024,0.82655468,-0.61728395,0.5,2.8824044,4.0751693,4.092393,0.4796508,0.026936665,-0.070461884,-0.041495233,2.7167422,2.5429162,0.65553615,0.15,1.6503186,0.5,0.036418675,13.72922,2.5065612,32.30635,-0.016497996,-0.19414516,0.0041609712,0.16226921,-2.2180444,2.9420807
2742,3742000.0,5.5203615,1.5989462,3.9214153,-0.23641312,1.0663086,1.2452195,0.81859079,-0.61728395,0.5,2.9779387,4.1928343,4.1287878,0.61219405,0.0030881599,0.017558739,-0.051257496,2.8138726,2.6312344,0.65695171,0.15,1.6172839,0.5,0.036497317,13.699637,2.4959464,32.30635,-0.021459738,-0.14522485,0.011516012,0.22897664,-3.2995115,3.077324
2743,3743000.0,5.4348185,1.5333775,3.901441,-0.26668319,1.0225819,1.1920312,0.78797452,-0.61728395,0.5,2.3967569,3.7161434,3.7186647,-0.24453748,0.022085355,-0.14498716,-0.10692024,2.2388271,2.0648617,0.65072365,0.15,1.6645999,0.5,0.036151314,13.830756,2.4818352,32.30635,0.057494544,-0.27212653,-0.044698422,0.20326984,-4.9767878,-1.1254066
2744,3744000.0,5.4631568,1.5405367,3.9226201,-0.2648621,1.0273563,1.1889355,0.80368559,-0.61728395,0.5,2.5847791,3.7512274,3.8424296,0.16068028,-0.0048481924,-0.087422655,-0.04581569,2.4237004,2.2537459,0.6437873,0.15,1.637608,0.5,0.035765961,13.979772,2.4901332,32.30635,0.012069401,-0.14808983,-0.0051436295,0.23940991,4.6483119,-1.8092438
2745,3745000.0,5.4573512,1.5791292,3.878222,-0.25890006,1.0530929,1.2195602,0.82265159,-0.61728395,0.5,2.7778009,4.0871002,3.9732064,0.27309597,-0.046091519,-0.12259484,0.015625897,2.6129209,2.4382409,0.63537967,0.15,1.6526939,0.5,0.03529887,14.164759,2.4848603,32.30635,0.011025201,-0.20008316,-0.015779926,0.15077656,3.6846446,-2.9366939
2746,3746000.0,5.440943,1.5219881,3.9189548,-0.24498506,1.0149866,1.1714976,0.79834703,-0.61728395,0.5,2.8581662,4.0311907,4.0839242,0.45938376,0.035981728,-0.41079064,-0.024205208,2.6981575,2.5319882,0.62916333,0.15,1.6641574,0.5,0.034953518,14.304712,2.4676987,32.30635,0.030124825,-0.18437218,0.02244435,0.17550268,4.7821351,0.96784654
2747,3747000.0,5.4549351,1.5093028,3.9456323,-0.26059935,1.006527,1.1966364,0.74320626,-0.61728395,0.5,2.4321351,3.7573697,3.7212603,-0.18222479,-0.040946991,-0.17670416,0.048279448,2.2831779,2.0989577,0.6270457,0.15,1.6228705,0.5,0.034835872,14.353021,2.4929537,32.30635,-0.013037459,-0.1578539,-0.0057408664,0.19169999,1.8337386,-3.6643451
2748,3748000.0,5.4797079,1.5702488,3.9094591,-0.26131609,1.0471708,1.2375134,0.78355753,-0.61728395,0.5,3.0516882,4.2715051,4.1266104,0.75694911,-0.092807756,-0.18273431,-0.074957081,2.8946437,2.7071295,0.62876234,0.15,1.616139,0.5,0.034931241,14.313834,2.471942,32.30635,0.00036715048,-0.19242969,0.0057132762,0.15976444,-2.6720179,9.3802381
2749,3749000.0,5.4948001,1.6019597,3.8928404,-0.25611341,1.0683182,1.2556146,0.808953,-0.61728395,0.5,2.992533,4.1275997,4.1267995,0.72319983,0.041611065,-0.044907042,0.0080330442,2.8303986,2.6429344,0.63906071,0.15,1.6503254,0.5,0.035503373,14.083169,2.4804835,32.30635,-0.028617931,-0.20206641,-0.019129306,0.218613,-3.5930904,1.1782915
2750,3750000.0,5.4793078,1.5373986,3.9419092,-0.25315418,1.0252636,1.2161377,0.76089499,-0.61728395,0.5,2.8955564,4.1005468,4.0432254,0.54289708,0.028162992,0.10786284,0.033551621,2.743054,2.5569493,0.64607918,0.15,1.696227,0.5,0.035893288,13.930181,2.4707979,32.30635,0.022503442,-0.22900728,-0.0014407316,0.19490853,-3.8678768,7.6576094
2751,3751000.0,5.4484001,1.5254241,3.922976,-0.25870656,1.017278,1.2012177,0.76253637,-0.61728395,0.5,2.6394292,3.8904483,3.8651215,0.16271782,-0.058717607,-0.16956814,-0.033225844,2.4865979,2.3049763,0.65576525,0.15,1.6818922,0.5,0.036431403,13.724423,2.4734275,32.30635,0.022864338,-0.15379567,-0.018794406,0.20261934,2.9345271,0.39714863
2752,3752000.0,5.4536716,1.5615843,3.8920874,-0.26575066,1.0413926,1.2289056,0.78170567,-0.61728395,0.5,2.9181645,4.1114208,4.096626,0.54644682,-0.03469894,-0.14113922,0.1036062,2.7614912,2.5760025,0.65740728,0.15,1.6683355,0.5,0.036522626,13.690144,2.4624566,32.30635,-0.015633569,-0.20375311,-0.0080713751,0.18663327,2.1617769,1.1154733
2753,3753000.0,5.4299191,1.5450501,3.8848689,-0.25632763,1.0303662,1.1854686,0.81569539,-0.61728395,0.5,2.7246861,3.9489796,4.0170301,0.20804868,-0.021657424,-0.059956224,-0.0039368021,2.5612004,2.3946182,0.65917243,0.15,1.6439103,0.5,0.03662069,13.653484,2.4927426,32.30635,-0.00051666453,-0.14235213,-0.0029600924,0.2017231,3.1481909,-4.5765871
2754,3754000.0,5.4191912,1.5180995,3.9010918,-0.23783151,1.0123933,1.1709641,0.79289022,-0.61728395,0.5,2.6942733,3.9707836,3.9948713,0.11716486,0.020360617,-0.13300442,0.020508694,2.5353582,2.3682438,0.65497339,0.15,1.7081282,0.5,0.036387411,13.741016,2.4713292,32.30635,0.0056730155,-0.17174084,0.0042923897,0.20158419,2.1960891,4.1163735
2755,3755000.0,5.4628744,1.5552539,3.9076205,-0.25699097,1.0371709,1.2023552,0.80849962,-0.61728395,0.5,2.5814567,3.8928261,3.8423181,0.0092260198,-0.07444123,0.0086826884,0.012452491,2.4194132,2.2466871,0.64655924,0.15,1.7099943,0.5,0.035919958,13.919838,2.5089669,32.30635,0.0083757336,-0.15976183,-0.022607161,0.13187776,0.59617254,1.1558276
2756,3756000.0,5.4758269,1.5431965,3.9326303,-0.22907725,1.0291301,1.1971523,0.7965102,-0.61728395,0.5,2.7828459,3.9301445,4.0181851,0.40020812,-0.014017979,0.023892787,0.1265219,2.6232054,2.4495249,0.63664457,0.15,1.6387292,0.5,0.035369143,14.136616,2.4891538,32.30635,0.0081985312,-0.17814184,0.0077579369,0.19248061,-1.6982141,0.5945567
2757,3757000.0,5.4589389,1.5122566,3.9466823,-0.23745037,1.0084968,1.1754631,0.77732781,-0.61728395,0.5,2.6707304,3.8904991,3.9290721,0.19262003,0.024366485,-0.23201746,0.024549239,2.5149345,2.3434483,0.63583566,0.15,1.5959208,0.5,0.035324203,14.154601,2.4840854,32.30635,0.0032018891,-0.13431586,0.014429997,0.16463978,0.14259207,-1.0708459
2758,3758000.0,5.449237,1.5426182,3.9066188,-0.243013,1.0287444,1.203876,0.7862479,-0.61728395,0.5,2.4333708,3.7486458,3.7049318,-0.15346525,-0.070353208,-0.24612117,0.012688182,2.2757871,2.0981777,0.63745123,0.15,1.640776,0.5,0.035413957,14.118727,2.5010705,32.30635,-0.01706427,-0.15486594,0.0014029495,0.27232802,3.8464828,-5.176005
2759,3759000.0,5.4706389,1.5413403,3.9292986,-0.26155837,1.0278922,1.1773997,0.82099175,-0.61728395,0.5,2.9496033,4.1366216,4.1379893,0.57419911,-0.027092327,-0.12673829,0.034681232,2.7850561,2.621782,0.63964469,0.15,1.5858892,0.5,0.035535816,14.070311,2.4860465,32.30635,0.027091719,-0.25113356,0.031017066,0.19449264,1.2154819,1.774323
2760,3760000.0,5.4631341,1.5708078,3.8923263,-0.25607228,1.0475436,1.2351693,0.78770485,-0.61728395,0.5,2.7943355,4.0344055,4.0135366,0.33506452,-0.029898909,-0.29364122,0.039878672,2.6364598,2.4504295,0.64472478,0.15,1.5993407,0.5,0.035818043,13.959445,2.4750525,32.30635,-0.011762185,-0.17822543,-0.00048354314,0.12982209,2.5744482,-3.1118021
2761,3761000.0,5.4558603,1.5213718,3.9344885,-0.24333371,1.0145756,1.1689091,0.80096057,-0.61728395,0.5,2.705219,3.9507038,3.9983457,0.16660741,-0.063021668,0.07352436,-0.058735346,2.5446865,2.3797617,0.65265491,0.15,1.583263,0.5,0.036258606,13.78983,2.4956333,32.30635,0.029806418,-0.18860771,-0.0029789741,0.21387894,-1.0830406,-2.7417607
2762,3762000.0,5.482192,1.5820685,3.9001235,-0.26048163,1.0550531,1.2369612,0.80316304,-0.61728395,0.5,2.6027575,3.8662214,3.8886624,0.053388526,0.010423218,0.096525128,-0.0096189302,2.4417835,2.2583525,0.65742889,0.15,1.6012983,0.5,0.036523827,13.689694,2.5136011,32.30635,-0.029690598,-0.24278976,-0.044956563,0.14845589,-4.1420263,-2.3197615
2763,3763000.0,5.4962845,1.5658275,3.930457,-0.24472428,1.0442223,1.2035123,0.82374465,-0.61728395,0.5,2.8167436,4.0385693,4.0594102,0.35225145,-0.019789084,-0.19266468,0.0031474939,2.6516446,2.4816518,0.65918609,0.15,1.6614706,0.5,0.03662145,13.653201,2.4808403,32.30635,0.018637442,-0.16782623,-0.010952389,0.13056184,0.23176486,4.0313786
2764,3764000.0,5.4913482,1.557807,3.9335412,-0.23467964,1.0388735,1.1961497,0.82118938,-0.61728395,0.5,3.0458826,4.2005594,4.2514613,0.68562721,-0.01168581,-0.017548373,0.15221372,2.8812957,2.7128408,0.66072478,0.15,1.678132,0.5,0.036706932,13.621405,2.4730297,32.30635,-0.018531127,-0.13352482,-0.00086464401,0.18192937,0.052747188,3.5929519
2765,3765000.0,5.5067141,1.5534091,3.953305,-0.25300213,1.0359407,1.2116166,0.79269354,-0.61728395,0.5,2.6822963,3.9021788,4.0257742,0.11893576,-0.041594005,-0.073120582,-0.019577158,2.5234207,2.344948,0.65921062,0.15,1.6751202,0.5,0.036622812,13.652693,2.4854853,32.30635,-0.021219146,-0.14180528,0.0090565856,0.15476522,-0.18726364,-2.5653648
2766,3766000.0,5.497585,1.5605665,3.9370185,-0.25163911,1.0407138,1.2060761,0.81179795,-0.61728395,0.5,2.7895613,3.9187677,4.0164884,0.43342788,0.021775201,-0.052370545,-0.040866134,2.6268567,2.4537557,0.64835306,0.15,1.6492575,0.5,0.036019614,13.881326,2.4807073,32.30635,0.0065245183,-0.1969306,0.017517481,0.22416545,-2.0977572,0.61811062
2767,3767000.0,5.5019221,1.54256,3.9593621,-0.26630977,1.0287056,1.1867108,0.81000092,-0.61728395,0.5,2.686803,3.89296,3.9067846,0.26066437,0.012434264,-0.042088379,-0.020037085,2.5244586,2.3563892,0.64275805,0.15,1.6394711,0.5,0.035708781,14.002158,2.513545,32.30635,0.0094213682,-0.20547776,0.02649819,0.17924651,-2.8897784,5.9962253
2768,3768000.0,5.4701696,1.5515228,3.9186468,-0.23920905,1.0346828,1.1910759,0.8182221,-0.61728395,0.5,2.9555826,4.1459334,4.1523613,0.56845305,0.039678569,0.052744963,-0.02604353,2.7915904,2.6239534,0.63280634,0.15,1.6253011,0.5,0.035155908,14.222361,2.4620748,32.30635,-0.012371357,-0.1908917,-0.017330646,0.16704314,-0.51982117,1.4595176
2769,3769000.0,5.5045416,1.5834174,3.9211242,-0.2367708,1.0559527,1.2154582,0.8351847,-0.61728395,0.5,2.7585293,4.1297481,3.9290091,0.21683074,-0.020988488,0.074533882,-0.083604082,2.5911374,2.4201114,0.63196645,0.15,1.6557951,0.5,0.035109247,14.241262,2.4672986,32.30635,0.021580537,-0.18276904,0.0026052157,0.1655084,4.4719781,-0.83724169
2770,3770000.0,5.4845255,1.5537486,3.9307769,-0.26109067,1.0361671,1.1922375,0.8201558,-0.61728395,0.5,2.8093454,3.9930641,4.0043978,0.43057428,0.01398888,0.18924331,0.0033979895,2.6449657,2.4773928,0.63476878,0.15,1.6735738,0.5,0.035264932,14.178391,2.4783031,32.30635,-0.018631066,-0.15419687,0.00046374539,0.18873417,0.31497823,5.7711166
2771,3771000.0,5.4456478,1.5008868,3.944761,-0.2554441,1.0009145,1.156295,0.7858345,-0.61728395,0.5,2.7490761,3.9683934,4.0347151,0.24411992,0.013177727,-0.024436367,-0.084869238,2.5915753,2.427131,0.63674288,0.15,1.6206226,0.5,0.035374605,14.134434,2.477671,32.30635,-0.011726369,-0.17217386,0.0074656366,0.16498228,0.027554555,7.1089825
2772,3772000.0,5.4814876,1.5511232,3.9303644,-0.25917585,1.0344163,1.1763204,0.83808334,-0.61728395,0.5,2.7778619,4.0789522,3.9065676,0.34806581,-0.012690119,-0.23995347,0.0046685261,2.609889,2.4503411,0.64668685,0.15,1.618766,0.5,0.035927047,13.917091,2.4918858,32.30635,-0.014525804,-0.2129027,-0.010626362,0.17161034,-2.0171954,-2.3571118
2773,3773000.0,5.4553826,1.5470244,3.9083582,-0.25180682,1.0316828,1.2048212,0.79195749,-0.61728395,0.5,2.9057974,4.0158346,4.0944392,0.60711851,0.0095157826,-0.27154574,-0.049297302,2.7470694,2.5703412,0.65058716,0.15,1.6284772,0.5,0.036143731,13.833658,2.5067613,32.30635,0.014772486,-0.1796487,0.0017497819,0.17090786,-2.806435,-0.10538634
2774,3774000.0,5.461533,1.5425386,3.9189944,-0.26281853,1.0286913,1.1923966,0.80206806,-0.61728395,0.5,2.6115852,3.8009017,3.8979532,0.1359007,0.0028575585,0.092407434,0.019317174,2.4508307,2.2795883,0.65545222,0.15,1.680105,0.5,0.036414012,13.730978,2.46756,32.30635,-0.032644709,-0.21338686,-0.018400519,0.13866431,0.97288774,0.79425427
2775,3775000.0,5.4510664,1.5554084,3.895658,-0.25479474,1.037274,1.2027849,0.80814905,-0.61728395,0.5,2.7041107,3.9956826,3.9361265,0.18052301,0.031245952,0.096634636,0.074939509,2.5421374,2.3692214,0.66171451,0.15,1.7056531,0.5,0.036761917,13.601032,2.4818006,32.30635,-0.01932606,-0.1748693,0.02157013,0.20145886,0.44256755,0.99658318
2776,3776000.0,5.4627548,1.554771,3.9079838,-0.27023931,1.0368489,1.2059537,0.80273098,-0.61728395,0.5,2.8604856,4.0851556,4.0706078,0.42569338,-0.028014514,-0.26308524,-0.11292194,2.6995983,2.524714,0.66289468,0.15,1.7289382,0.5,0.036827482,13.576817,2.4805226,32.30635,-0.021561028,-0.20126056,-0.010352137,0.16754228,6.304637,9.4804409
2777,3777000.0,5.4352008,1.5462901,3.8889106,-0.26582232,1.0311932,1.19969,0.79791552,-0.61728395,0.5,2.5464748,3.799668,3.9097424,-0.069985868,-0.014777989,-0.39104686,-0.084115844,2.3865526,2.2124473,0.6580784,0.15,1.7262966,0.5,0.036559911,13.676182,2.4868822,32.30635,-0.0027654064,-0.19286483,0.0098406188,0.14353155,0.069251153,-8.2443727
2778,3778000.0,5.4537642,1.5376159,3.9161483,-0.25414952,1.0254084,1.1928187,0.79363568,-0.61728395,0.5,3.0686256,4.1323894,4.239845,0.83364233,-0.011742254,-0.4526958,0.11351669,2.9095611,2.7365112,0.65004897,0.15,1.6726099,0.5,0.036113831,13.845111,2.4729798,32.30635,0.015261218,-0.19453819,-0.015676237,0.19466497,-1.0061054,3.6911672
2779,3779000.0,5.4074538,1.4820515,3.9254023,-0.25289239,0.98835354,1.1546788,0.75805949,-0.61728395,0.5,2.7668509,3.9498884,3.9598184,0.39084596,0.008093948,-0.0088920376,-0.076776811,2.6149169,2.4453557,0.63959443,0.15,1.636662,0.5,0.035533024,14.071417,2.499613,32.30635,-0.028879754,-0.16069638,0.0010649998,0.20479976,-1.6107917,5.3372024
2780,3780000.0,5.4084358,1.4997729,3.9086629,-0.25528104,1.0001716,1.1592077,0.78001285,-0.61728395,0.5,2.8279656,4.0281706,4.0619425,0.39378382,0.035289741,-0.052851271,0.048318097,2.6716316,2.5052095,0.62363234,0.15,1.6798683,0.5,0.034646241,14.43158,2.4769992,32.30635,0.014715797,-0.22800023,-0.0041197596,0.16640383,-0.97502393,3.0349535
2781,3781000.0,5.3846376,1.5089436,3.875694,-0.24843681,1.0062874,1.1639984,0.78797413,-0.61728395,0.5,2.6894801,3.95705,3.949791,0.16159925,0.024478199,0.18963521,0.061405957,2.5315504,2.3653901,0.62506727,0.15,1.6841685,0.5,0.034725959,14.39845,2.4808751,32.30635,0.024797677,-0.14981182,0.025967506,0.23855342,-4.0119301,0.87883229
2782,3782000.0,5.419397,1.5586359,3.8607611,-0.25326533,1.0394263,1.1929689,0.82692938,-0.61728395,0.5,2.6310869,3.8347586,3.9530331,0.10546889,0.010326779,-0.05077464,0.030567482,2.4653496,2.2989307,0.63250131,0.15,1.6605225,0.5,0.035138962,14.229219,2.4889944,32.30635,0.012527414,-0.16123597,0.0043370543,0.23154766,-0.14467432,-3.213555
2783,3783000.0,5.4150966,1.5407821,3.8743146,-0.26731114,1.0275199,1.1755012,0.82273941,-0.61728395,0.5,2.8923365,4.089157,4.0554222,0.53243021,-0.0032932398,-0.14192082,-0.089819241,2.7274389,2.5650438,0.64776136,0.15,1.6878317,0.5,0.035986742,13.894006,2.4763376,32.30635,-0.019396846,-0.13315074,-0.007406828,0.15613864,-0.8141718,6.0568578
2784,3784000.0,5.4275768,1.5128233,3.9147534,-0.273241,1.0088748,1.1676208,0.7891255,-0.61728395,0.5,2.6889812,3.9314938,3.8802514,0.25519841,0.017448935,0.0019588328,-0.011025321,2.5308208,2.3638826,0.66770039,0.15,1.7336707,0.5,0.037094466,13.4791,2.5000277,32.30635,-0.0030453539,-0.16710232,-0.014491063,0.21852653,-1.8877197,3.9192728
2785,3785000.0,5.4019244,1.5065044,3.8954201,-0.27211033,1.0046607,1.1526015,0.79991888,-0.61728395,0.5,2.8219485,4.0295434,3.9830805,0.45322159,0.03992059,-0.26250242,-0.036105927,2.6616248,2.5010317,0.680166,0.15,1.6909099,0.5,0.037787,13.232064,2.4806739,32.30635,0.0062823337,-0.16922748,0.036424886,0.22359379,1.4677508,3.8730063
2786,3786000.0,5.3930613,1.5275399,3.8655214,-0.28557803,1.018689,1.1818642,0.79279426,-0.61728395,0.5,2.8056688,3.9642584,4.0404493,0.41229877,-0.001635757,0.0066129928,0.021644554,2.646773,2.4766044,0.68459439,0.15,1.7003904,0.5,0.038033022,13.146471,2.4911749,32.30635,0.0013257741,-0.19466394,0.014000399,0.198654,0.75625449,-7.2491016
2787,3787000.0,5.4207459,1.5206224,3.9001235,-0.25254406,1.0140758,1.1657511,0.80415319,-0.61728395,0.5,2.9279385,4.0512475,4.1857773,0.54679075,0.02763404,0.2047128,-0.063951716,2.7667661,2.6033605,0.66809589,0.15,1.6656904,0.5,0.037116438,13.47112,2.4723354,32.30635,-0.028006644,-0.16675992,0.0086272743,0.094077295,-4.2402544,3.6968823
2788,3788000.0,5.4019455,1.5403918,3.8615537,-0.26599534,1.0272597,1.1708572,0.82856889,-0.61728395,0.5,2.6759676,3.9883869,3.8746663,0.16484945,0.0012661531,-0.098291524,-0.013284478,2.5099017,2.3499679,0.65258991,0.15,1.6870087,0.5,0.036254995,13.791203,2.4863254,32.30635,0.034504255,-0.18558382,0.00322327,0.21380851,-2.8215677,5.1233629
2789,3789000.0,5.4856052,1.5312003,3.9544049,-0.25540832,1.02113,1.157531,0.8324317,-0.61728395,0.5,2.6370164,3.9443367,3.8288368,0.13787575,0.064538165,0.070449504,0.070481974,2.4701763,2.3147271,0.63628013,0.15,1.6719163,0.5,0.035348896,14.144713,2.4675346,32.30635,0.0042954941,-0.15544962,-0.0036180519,0.15580218,-0.53594629,3.613803
2790,3790000.0,5.4299359,1.4922204,3.9377155,-0.21900214,0.99513503,1.1254835,0.81482479,-0.61728395,0.5,2.3599309,3.7344094,3.6443016,-0.29891818,-0.024715457,-0.092957036,-0.059104046,2.1966197,2.0465646,0.62570248,0.15,1.6560307,0.5,0.034761249,14.383833,2.4883667,32.30635,-0.0016950969,-0.16822358,-0.042335644,0.19916148,3.4043967,-4.292672
2791,3791000.0,5.3998261,1.5157028,3.8841233,-0.26522899,1.010795,1.1381182,0.83469949,-0.61728395,0.5,2.5239848,3.799361,3.8625281,-0.089934633,-0.040638612,0.12258639,0.04931161,2.3566902,2.2071006,0.62114947,0.15,1.6411079,0.5,0.034508304,14.489266,2.498372,32.30635,0.019371378,-0.20567544,0.0079546851,0.26508816,-4.8064639,-0.047045056
2792,3792000.0,5.4206203,1.5158044,3.9048159,-0.26329564,1.0108628,1.1503306,0.81789618,-0.61728395,0.5,2.7024113,3.9322749,3.8900558,0.28490335,0.07212368,-0.02109684,-0.17709178,2.5384845,2.3821268,0.62652166,0.15,1.6319609,0.5,0.034806759,14.365026,2.4796995,32.30635,0.0074338086,-0.16773524,-0.00014791692,0.19538124,1.8049742,4.646666
2793,3793000.0,5.4670772,1.5252133,3.9418639,-0.2365985,1.0171374,1.1601948,0.819189,-0.61728395,0.5,2.8861326,4.1337413,4.0467208,0.4779358,0.024364661,0.087409992,-0.095026605,2.7219467,2.5631016,0.63928248,0.15,1.63533,0.5,0.035515693,14.078284,2.5084602,32.30635,-0.010395076,-0.18235482,0.0052892365,0.15161319,-1.2890527,-1.3956657
2794,3794000.0,5.4236721,1.5490047,3.8746675,-0.25411126,1.0330034,1.1798802,0.82976156,-0.61728395,0.5,2.7505319,3.9939379,3.9470503,0.31060742,0.0098813306,-0.046037933,-0.062428024,2.5842269,2.4220199,0.6543224,0.15,1.6236593,0.5,0.036351245,13.754687,2.4806973,32.30635,-0.026644323,-0.16819685,0.0081916363,0.18827577,-4.5650844,3.0595507
2795,3795000.0,5.3793865,1.5384173,3.8409692,-0.27794736,1.0259429,1.1769814,0.8169141,-0.61728395,0.5,2.4697647,3.7963741,3.8585333,-0.24561335,-0.0045747369,-0.12793895,0.029209285,2.3060347,2.1420598,0.66873066,0.15,1.6659211,0.5,0.037151703,13.458333,2.4959343,32.30635,-0.0028894602,-0.15052605,0.026770105,0.14140677,-0.67619168,-5.2667001
2796,3796000.0,5.4070984,1.5500829,3.8570156,-0.25488104,1.0337225,1.1848365,0.82459469,-0.61728395,0.5,2.7123143,4.0242763,3.9313724,0.18129414,-0.0064972913,0.060004038,-0.12438991,2.5470449,2.3824224,0.67154283,0.15,1.6973854,0.5,0.037307935,13.401975,2.4658897,32.30635,0.0020816883,-0.22138037,0.0043408632,0.19210183,2.5624561,1.4237744
2797,3797000.0,5.391913,1.5063818,3.8855313,-0.26831638,1.004579,1.1833468,0.75701236,-0.61728395,0.5,2.25489,3.610127,3.5888149,-0.43427202,0.070426023,-0.032589135,0.13734455,2.1031658,1.9254128,0.67219949,0.15,1.7168001,0.5,0.037344416,13.388882,2.5137447,32.30635,0.0081578297,-0.16858708,0.015585977,0.217473,3.5765622,-10.646779
2798,3798000.0,5.4542113,1.5465433,3.907668,-0.25539347,1.031362,1.2048748,0.79111629,-0.61728395,0.5,2.7896286,3.9218995,4.0403229,0.40666353,-0.030784618,-0.076506186,-0.061000511,2.6310692,2.4541575,0.656093,0.15,1.7021725,0.5,0.036449611,13.717567,2.4744039,32.30635,-0.021878618,-0.1570442,-0.050435496,0.16336408,2.0931886,-0.1274807
2799,3799000.0,5.4583813,1.538515,3.9198662,-0.24786852,1.0260081,1.1921889,0.79594369,-0.61728395,0.5,2.5626705,3.8187089,3.8316267,0.037675928,0.024137466,-0.070795926,-0.030595601,2.4031435,2.2307314,0.64585916,0.15,1.6857868,0.5,0.035881064,13.934927,2.4922837,32.30635,-0.01073734,-0.19629518,0.018371388,0.11049274,-0.99051953,-5.2775152
2800,3800000.0,5.4501613,1.5258773,3.924284,-0.27656994,1.0175802,1.1620295,0.81769851,-0.61728395,0.5,2.4742121,3.7104179,3.764089,-0.051870732,0.0052337251,0.10794544,-0.066616458,2.3103248,2.1506702,0.63685581,0.15,1.7016314,0.5,0.035380878,14.131927,2.4802363,32.30635,-0.033689137,-0.1682397,-0.0060544857,0.20779789,-3.8115905,-6.01871
2801,3801000.0,5.4398228,1.5448713,3.8949516,-0.264863,1.0302469,1.1973109,0.79895903,-0.61728395,0.5,2.7466628,3.9887175,3.941754,0.30951678,-0.020193109,0.11187479,0.085367995,2.5865314,2.4132976,0.63036538,0.15,1.686816,0.5,0.035020299,14.277434,2.4663392,32.30635,-0.015551773,-0.13704878,0.018265597,0.16139145,-1.5748826,6.1486743
2802,3802000.0,5.4000302,1.4947647,3.9052655,-0.24854579,0.99683175,1.1623636,0.76764647,-0.61728395,0.5,3.064535,4.1497943,4.2922705,0.75154038,0.023002643,0.18754308,0.030852876,2.9106795,2.7409002,0.63360719,0.15,1.6703861,0.5,0.035200399,14.204384,2.4884577,32.30635,0.032870412,-0.24544556,0.017044793,0.23898703,-2.5262908,1.3440346
2803,3803000.0,5.4060365,1.5352706,3.8707659,-0.25079844,1.0238444,1.1922105,0.79074271,-0.61728395,0.5,2.8262683,4.0462884,3.9961125,0.43640404,0.0062567649,-0.1338316,-0.15261538,2.6677837,2.4943232,0.63941456,0.15,1.6916739,0.5,0.035523031,14.075375,2.4807366,32.30635,0.015796875,-0.21173602,-0.0097025023,0.18674493,-1.9258885,-2.291597
2804,3804000.0,5.4288709,1.5275798,3.9012911,-0.26640638,1.0187156,1.1770388,0.79956121,-0.61728395,0.5,2.9456511,4.1027042,4.1206837,0.61356541,-0.0040693218,-0.17854549,-0.088022819,2.7853991,2.6179303,0.64542245,0.15,1.657263,0.5,0.035856803,13.944355,2.4798302,32.30635,-0.0089124163,-0.17043431,0.012529107,0.14633996,-1.024621,4.7325653
2805,3805000.0,5.4055071,1.5175713,3.8879358,-0.26502481,1.0120411,1.1902674,0.76523247,-0.61728395,0.5,2.6849985,3.9394385,3.9558051,0.15975187,0.010902325,-0.073902134,-0.062831912,2.5316268,2.3535945,0.65273972,0.15,1.7003566,0.5,0.036263318,13.788038,2.4679422,32.30635,0.029053378,-0.19694828,-0.0014766615,0.17733114,-2.3498106,-0.92799941
2806,3806000.0,5.4195574,1.5475731,3.8719843,-0.27123156,1.0320488,1.179578,0.82789969,-0.61728395,0.5,2.7188073,4.0115707,3.9417021,0.2031492,-0.021097069,-0.1331004,-0.1013152,2.5528755,2.3903795,0.65876512,0.15,1.7101671,0.5,0.036598062,13.661925,2.4902529,32.30635,0.012856596,-0.21826939,-0.011620339,0.1776941,-0.71715302,3.708716
2807,3807000.0,5.4311582,1.5169255,3.9142327,-0.24439132,1.0116104,1.1682909,0.79473274,-0.61728395,0.5,2.7126697,3.9513589,3.9240608,0.26258949,-0.01976264,-0.040730993,-0.079118515,2.5533854,2.3873846,0.65891248,0.15,1.6800563,0.5,0.036606249,13.65887,2.4976309,32.30635,-0.020427948,-0.12098556,0.012285882,0.21077679,3.9283367,0.54094579
2808,3808000.0,5.4065081,1.4836051,3.9229031,-0.26688764,0.98938961,1.1417062,0.77855708,-0.61728395,0.5,2.7493539,3.9418039,3.9722016,0.33405633,-0.030946354,-0.10272315,-0.017740619,2.5933117,2.4314707,0.65990606,0.15,1.6812139,0.5,0.036661448,13.638305,2.4773969,32.30635,0.0044079536,-0.21777926,-0.0061177367,0.19397431,1.2321626,-1.3298406
2809,3809000.0,5.3821178,1.5136466,3.8684712,-0.25884392,1.0094238,1.182777,0.7693828,-0.61728395,0.5,2.7497352,3.8956137,3.9741579,0.37943409,0.014171399,-0.17013422,0.022130674,2.5955317,2.4204167,0.65272504,0.15,1.7170454,0.5,0.036262502,13.788348,2.4757865,32.30635,0.0017102277,-0.16774655,0.014683958,0.20422135,-3.1489185,8.233828
2810,3810000.0,5.4346216,1.5391945,3.8954272,-0.24791799,1.0264612,1.1796577,0.81443488,-0.61728395,0.5,2.7519277,3.9837588,3.9528505,0.31917389,0.016184239,0.095415023,-0.049205447,2.5886946,2.4234777,0.64718535,0.15,1.6925066,0.5,0.035954742,13.906372,2.4725984,32.30635,0.00097319287,-0.24386629,0.033144449,0.20925067,-4.9967034,-2.7457201
2811,3811000.0,5.4256769,1.5328359,3.892841,-0.24589417,1.0222208,1.1837724,0.79858424,-0.61728395,0.5,2.9048497,4.1613474,4.0622048,0.49099684,-0.071526384,0.0075440013,-0.0026969914,2.7447934,2.575254,0.64188624,0.15,1.6810041,0.5,0.035660346,14.021176,2.4899477,32.30635,-0.028519934,-0.20852018,-0.015824339,0.22105574,-5.0666151,-1.8124437
2812,3812000.0,5.4762853,1.533672,3.9426133,-0.23930786,1.0227784,1.1930689,0.78700235,-0.61728395,0.5,2.6106296,3.8748801,3.9170665,0.039942279,0.010623263,-0.072729358,0.12948363,2.4528947,2.2784456,0.64083403,0.15,1.712076,0.5,0.03560189,14.044198,2.4785167,32.30635,0.0045007717,-0.14263061,0.028511838,0.15238249,-1.187608,0.3789236
2813,3813000.0,5.4130535,1.5169295,3.896124,-0.26432853,1.0116131,1.1661145,0.79776249,-0.61728395,0.5,2.5344055,3.7853212,3.8060848,0.011810499,0.0031081503,0.57071221,-0.013720342,2.374514,2.2097263,0.64154198,0.15,1.6683747,0.5,0.035641221,14.0287,2.4915129,32.30635,-0.0030344461,-0.14441941,0.00986209,0.20511029,-5.5147885,0.35560285
2814,3814000.0,5.4656292,1.541504,3.9241253,-0.25266257,1.0280014,1.1827953,0.81375711,-0.61728395,0.5,2.4841376,3.6998324,3.7831693,-0.03058872,0.041242576,-0.29134727,-0.043985035,2.3210404,2.154814,0.64654594,0.15,1.6842397,0.5,0.035919219,13.920124,2.5189748,32.30635,0.024084525,-0.20760075,0.012001009,0.20433841,3.2001606,-6.2287169
2815,3815000.0,5.4815568,1.5576204,3.9239364,-0.25044627,1.0387491,1.1968288,0.81994858,-0.61728395,0.5,2.5696393,3.8068782,3.7999163,0.10212351,-0.0065418558,-0.30402899,-0.07614555,2.4053011,2.2364084,0.65408097,0.15,1.6540869,0.5,0.036337832,13.759764,2.4983471,32.30635,-0.0012524087,-0.22749356,-0.00147113,0.20963769,2.1202834,-4.3550096
2816,3816000.0,5.4131192,1.5329594,3.8801598,-0.24443803,1.0223031,1.2096468,0.76283673,-0.61728395,0.5,2.6123518,3.8962745,3.9064366,0.034344222,0.0221443,-0.047782613,0.2191097,2.4594602,2.2755519,0.65946683,0.15,1.6454908,0.5,0.036637046,13.647388,2.4866004,32.30635,-9.9640463e-05,-0.15452962,-0.025992198,0.1900318,-5.5878205,-9.4280877
2817,3817000.0,5.4394245,1.547264,3.8921605,-0.27331813,1.0318426,1.1885374,0.81496064,-0.61728395,0.5,2.6891877,3.8664663,3.9861708,0.21492594,0.061177164,0.31564233,0.063438964,2.5258492,2.3582653,0.66258438,0.15,1.6605611,0.5,0.036810243,13.583176,2.4986047,32.30635,0.0067535265,-0.15822845,0.004779772,0.22620179,-8.1182688,-0.52632784
2818,3818000.0,5.4318285,1.522637,3.9091915,-0.25664895,1.0154193,1.1724166,0.79810451,-0.61728395,0.5,2.6730418,3.898574,3.892245,0.22830632,-0.0051910302,-0.050606303,-0.029491781,2.5130817,2.3466079,0.66116541,0.15,1.6609695,0.5,0.036731412,13.612327,2.4883851,32.30635,0.013844377,-0.15049684,0.03785827,0.18909115,2.725415,5.6756836
2819,3819000.0,5.4207909,1.5443649,3.876426,-0.27003818,1.0299093,1.1871751,0.81223255,-0.61728395,0.5,2.86066,4.0445232,4.0290014,0.50845542,-0.0032920785,-0.18593975,-0.0066082556,2.6978683,2.5301169,0.65377563,0.15,1.7122182,0.5,0.036320868,13.766191,2.4770289,32.30635,0.015473831,-0.19071496,-0.0069554879,0.21282933,2.728389,4.9656872
2820,3820000.0,5.4166375,1.5237412,3.8928964,-0.26337616,1.0161557,1.1786151,0.79125342,-0.61728395,0.5,2.5513605,3.766178,3.8531722,0.034731398,0.01784173,0.074494907,-0.026972586,2.3927736,2.2232008,0.64846554,0.15,1.6636514,0.5,0.036025863,13.878918,2.4910175,32.30635,-0.019959517,-0.15495739,0.020084698,0.21239904,2.9877859,-6.9811817
2821,3821000.0,5.4183,1.5058262,3.9124738,-0.26317624,1.0042085,1.1448132,0.80965742,-0.61728395,0.5,2.705584,3.9618315,3.9346351,0.22028539,0.0053736878,0.0011642602,-0.039032141,2.5433084,2.3868357,0.64273965,0.15,1.7033668,0.5,0.035707759,14.002559,2.5007962,32.30635,0.00017217322,-0.15689931,-0.0050867843,0.20291674,0.17703007,0.6607297
2822,3822000.0,5.4135499,1.5177314,3.8958186,-0.24424666,1.0121478,1.1456066,0.82752991,-0.61728395,0.5,2.928411,4.1431885,4.0803539,0.56169059,0.019366507,0.018597773,-0.011780305,2.7625533,2.6094418,0.64155375,0.15,1.6833123,0.5,0.035641875,14.028443,2.4925246,32.30635,-0.0075937262,-0.19381878,0.0090751522,0.2012695,-2.2882064,4.6704809
2823,3823000.0,5.3366286,1.4464824,3.8901462,-0.271731,0.96463317,1.1408984,0.72051226,-0.61728395,0.5,2.6583458,3.8752901,3.8767777,0.22296962,-0.065419001,-0.29812907,-0.047708865,2.5139371,2.3406875,0.64387314,0.15,1.674826,0.5,0.03577073,13.977909,2.4790991,32.30635,-0.010356537,-0.1530787,-0.015373862,0.14866291,-0.37160343,0.32629257
2824,3824000.0,5.3956916,1.5043193,3.8913723,-0.25924284,1.0032036,1.1549823,0.79312891,-0.61728395,0.5,2.9263625,4.120895,4.1177235,0.54046901,0.011545539,-0.096880991,-0.088089944,2.7673997,2.6047828,0.65136769,0.15,1.6622253,0.5,0.036187094,13.817081,2.4712019,32.30635,0.0022232397,-0.12856699,-0.0012380962,0.16321906,1.1840798,5.5036861
2825,3825000.0,5.3626691,1.5180278,3.8446413,-0.26343928,1.0123455,1.1712608,0.79236387,-0.61728395,0.5,2.6787893,3.9392157,3.9063586,0.19079361,0.037969081,-0.27133586,-0.05781677,2.5199798,2.3526772,0.65768079,0.15,1.6950646,0.5,0.036537822,13.68445,2.4788926,32.30635,-0.01270417,-0.18196321,-0.0099524411,0.18491342,5.7588905,-4.5637234
2826,3826000.0,5.3895358,1.4878562,3.9016796,-0.26485359,0.99222461,1.1526563,0.77012091,-0.61728395,0.5,2.7960357,3.9845824,4.0428537,0.36067108,-0.063051062,-0.16204942,-0.067522396,2.6416843,2.4751037,0.66699355,0.15,1.7162829,0.5,0.037055197,13.493384,2.4891807,32.30635,-0.00095939927,-0.14998203,-0.029443275,0.20218627,2.9998316,-1.956958
2827,3827000.0,5.416292,1.5498707,3.8664213,-0.30721364,1.033581,1.2022982,0.79999896,-0.61728395,0.5,2.7751579,4.0022523,3.9384473,0.38477408,-0.025515918,0.076302321,-0.10013934,2.6148181,2.4404041,0.66892301,0.15,1.7527786,0.5,0.03716239,13.454463,2.4817031,32.30635,-0.00018329452,-0.22657512,0.0095041003,0.17928198,-3.2159435,2.7751887
2828,3828000.0,5.4747558,1.5810091,3.8937467,-0.25250416,1.0543466,1.2080256,0.84167163,-0.61728395,0.5,2.9218113,4.0697445,4.1110257,0.58466356,0.025923901,-0.060236758,-0.016639346,2.7531192,2.5854628,0.66115096,0.15,1.7363011,0.5,0.036730609,13.612625,2.4856012,32.30635,0.0061723904,-0.18742884,-0.0015280379,0.19152373,-3.1281103,5.480061
2829,3829000.0,5.4357557,1.5205571,3.9151986,-0.26742376,1.0140323,1.1772144,0.78812447,-0.61728395,0.5,2.6322113,3.9156649,3.8176943,0.16327466,0.0056610231,-0.11857507,0.12684188,2.4742514,2.3044416,0.65840177,0.15,1.6767829,0.5,0.036577876,13.669465,2.4940524,32.30635,0.013700479,-0.16576222,0.036541801,0.23281841,-0.56675894,-3.9096004
2830,3830000.0,5.4342833,1.5399425,3.8943408,-0.25365552,1.02696,1.1921521,0.79826996,-0.61728395,0.5,2.5998645,3.8809791,3.8579007,0.060713721,0.026843354,0.063257505,0.056597881,2.4398713,2.2679357,0.64941798,0.15,1.6300157,0.5,0.036078777,13.858563,2.48225,32.30635,-0.009775297,-0.15927892,-0.026066931,0.19696695,-2.4844871,0.43413757
2831,3831000.0,5.4241001,1.5395773,3.8845228,-0.26563107,1.0267165,1.1984522,0.78893588,-0.61728395,0.5,2.7060437,3.972092,3.8995148,0.24652436,-0.014935792,0.096501042,0.037513005,2.5479213,2.3723608,0.64605729,0.15,1.6604434,0.5,0.035892072,13.930653,2.4846592,32.30635,0.022484048,-0.1911897,0.0096213601,0.22208979,0.36770312,2.1786095
2832,3832000.0,5.4130376,1.5212207,3.8918169,-0.27510085,1.0144748,1.1802987,0.78489753,-0.61728395,0.5,2.7543134,3.9654022,3.9298613,0.36767663,0.039588217,-0.1825584,-0.054193669,2.5970003,2.4256849,0.63822479,0.15,1.6608205,0.5,0.035456933,14.101615,2.4801624,32.30635,0.037406945,-0.18054009,0.0080822094,0.19120902,3.7070938,4.0359108
2833,3833000.0,5.4037415,1.53129,3.8724515,-0.24456199,1.0211899,1.2050862,0.76651157,-0.61728395,0.5,2.5335048,3.8832855,3.7605774,-0.043348445,0.0086846329,0.14385506,0.067816486,2.3798767,2.1979748,0.63213575,0.15,1.6306619,0.5,0.035118653,14.237448,2.4661426,32.30635,-0.010248992,-0.16772897,-0.018933477,0.24096239,1.6969568,-2.4256538
2834,3834000.0,5.4080042,1.5363674,3.8716367,-0.24733736,1.0245759,1.1787538,0.81118475,-0.61728395,0.5,2.7991376,4.0025969,4.0468583,0.34795754,0.012579558,-0.22738699,-0.035083273,2.6365559,2.4709393,0.6328216,0.15,1.6590586,0.5,0.035156755,14.222018,2.4594353,32.30635,0.0012505335,-0.16003687,-0.020457761,0.18544204,0.52129342,6.173091
2835,3835000.0,5.3981593,1.5150906,3.8830687,-0.25181161,1.0103867,1.1667609,0.79393368,-0.61728395,0.5,2.6191945,3.9221406,3.9584877,-0.023044864,0.0015464888,-0.18870565,0.021908927,2.4600703,2.2943353,0.63502321,0.15,1.6300044,0.5,0.035279067,14.17271,2.5015692,32.30635,0.014719685,-0.20606927,0.0087348425,0.14580235,-1.6620906,0.41098675
2836,3836000.0,5.3657524,1.4880064,3.877746,-0.24635654,0.99232479,1.1440369,0.78233428,-0.61728395,0.5,2.7387079,4.0458085,3.9316835,0.23863169,0.029781183,-0.15760549,0.037243471,2.5819086,2.4201757,0.64211312,0.15,1.5823253,0.5,0.035672951,14.016222,2.4934007,32.30635,0.014697396,-0.13371735,0.011954889,0.18799674,-1.1507702,-3.216314
2837,3837000.0,5.3501802,1.5125583,3.8376219,-0.2546515,1.008698,1.1803467,0.77102447,-0.61728395,0.5,2.7825879,3.9666149,4.0569017,0.32424721,-0.037950216,-0.12173445,0.041816346,2.6280554,2.4539461,0.65555565,0.15,1.6978037,0.5,0.036419758,13.728812,2.4849488,32.30635,0.00048239363,-0.25265549,0.0010414549,0.12990146,2.1169851,0.45030184
2838,3838000.0,5.4507012,1.5304871,3.9202141,-0.26421654,1.0206544,1.174045,0.80835399,-0.61728395,0.5,2.6035189,3.8332954,3.8602775,0.11698389,0.01460909,0.036653959,-0.01740373,2.4415046,2.2766316,0.65995076,0.15,1.6774289,0.5,0.036663931,13.637381,2.4887518,32.30635,-0.0096272381,-0.16956265,0.015291942,0.17998493,-2.7463531,-5.0463532
2839,3839000.0,5.3962762,1.49072,3.9055562,-0.25040579,0.99413446,1.1506995,0.77740364,-0.61728395,0.5,2.8837961,4.0245904,4.0480223,0.57877568,-0.0099046548,-0.084278759,0.082589049,2.727985,2.5634089,0.66501237,0.15,1.6907062,0.5,0.036945132,13.533583,2.4696846,32.30635,-0.011529388,-0.20789148,-0.034197735,0.23726318,-2.2978394,1.6422328
2840,3840000.0,5.4190688,1.5124567,3.9066121,-0.25879741,1.0086303,1.157354,0.80280366,-0.61728395,0.5,2.865634,4.0034428,4.0847722,0.50868718,0.041788778,0.033252878,0.0019407544,2.7047321,2.543394,0.65944883,0.15,1.7307783,0.5,0.036636046,13.647761,2.4850829,32.30635,-0.017104381,-0.19074577,0.010089663,0.15279509,-1.3739109,2.586165
2841,3841000.0,5.4373308,1.5553274,3.8820034,-0.26957046,1.03722,1.1763195,0.84478526,-0.61728395,0.5,2.8139242,3.9945138,4.1091631,0.33809572,0.0005213615,-0.16330787,0.13817037,2.6446081,2.4864036,0.65287927,0.15,1.7280377,0.5,0.03627107,13.785091,2.4754895,32.30635,0.029953187,-0.13170644,0.033488613,0.21893482,0.55104924,5.5684629
2842,3842000.0,5.4022223,1.4917145,3.9105077,-0.25351378,0.99479766,1.1631322,0.76171725,-0.61728395,0.5,3.0430108,4.1891565,4.1563274,0.78354858,-0.066358203,-0.059430687,-0.09203594,2.8903437,2.719162,0.64443459,0.15,1.7374466,0.5,0.035801922,13.965731,2.4739517,32.30635,0.0053090977,-0.21833346,0.012707857,0.19143182,0.78048282,9.8297774
2843,3843000.0,5.3743545,1.5311277,3.8432268,-0.26122593,1.0210816,1.1984307,0.77549864,-0.61728395,0.5,2.9575181,4.1173271,4.1576317,0.59759566,0.017809465,-0.14286905,0.035607131,2.8020888,2.6238412,0.63921729,0.15,1.7232169,0.5,0.035512072,14.079719,2.4908529,32.30635,0.0080651496,-0.15676074,-0.005295953,0.15147095,-0.16078874,-2.2894573
2844,3844000.0,5.4018157,1.5608807,3.840935,-0.25890736,1.0409234,1.2077591,0.80996069,-0.61728395,0.5,2.8919132,4.0688932,4.0687641,0.53808233,-0.004480037,-0.040344636,0.016109845,2.7295768,2.555639,0.64145724,0.15,1.7303124,0.5,0.035636513,14.030553,2.4777882,32.30635,0.026624745,-0.2092111,0.0079234737,0.27923901,-3.3910044,-4.9069008
2845,3845000.0,5.4451886,1.5411716,3.904017,-0.25416664,1.0277797,1.1857095,0.80917893,-0.61728395,0.5,2.5240038,3.7606677,3.81416,-0.0028163561,-0.036591883,-0.013414314,-0.11644414,2.3618241,2.1938688,0.64180918,0.15,1.7042977,0.5,0.035656065,14.02286,2.4690844,32.30635,0.0078683273,-0.20323262,0.015459244,0.1254906,-2.1721462,0.36580369
2846,3846000.0,5.4526219,1.5583095,3.8943124,-0.26823424,1.0392087,1.1799836,0.84444811,-0.61728395,0.5,2.6419393,3.9014868,3.934222,0.090109031,-0.0012712335,-0.076790908,0.0025551411,2.4726908,2.3133985,0.65151663,0.15,1.7009101,0.5,0.036195368,13.813922,2.4944625,32.30635,-0.029753909,-0.20818397,-0.0029786298,0.21005076,0.90924439,7.3426389
2847,3847000.0,5.4817224,1.5899151,3.8918072,-0.25532279,1.0602859,1.2258077,0.83116347,-0.61728395,0.5,3.1075577,4.1875157,4.2654858,0.86967149,-0.021100904,0.0081418686,0.083715985,2.9409717,2.7662582,0.66285874,0.15,1.6824902,0.5,0.036825486,13.577553,2.5189441,32.30635,-0.0079588285,-0.1902005,-0.012511921,0.15806864,1.1759239,9.229146
2848,3848000.0,5.4559953,1.5479169,3.9080784,-0.26188995,1.032278,1.176149,0.83321107,-0.61728395,0.5,2.9696504,4.1364156,4.1586106,0.61392505,-0.014136112,0.050509219,-0.141282,2.8026541,2.6421773,0.66890906,0.15,1.6586726,0.5,0.037161614,13.454744,2.5044286,32.30635,-0.016639917,-0.18377093,0.024992993,0.16490702,-2.0788901,-3.0164236
2849,3849000.0,5.4439111,1.5826032,3.8613079,-0.27959728,1.0554097,1.2497918,0.78619117,-0.61728395,0.5,2.5851449,3.8275902,3.8599215,0.067922886,0.044822155,-0.11406691,-0.005580683,2.4275725,2.2371676,0.66581812,0.15,1.6598035,0.5,0.036989895,13.517205,2.4734754,32.30635,-0.011164444,-0.2439919,-0.021539071,0.13030189,-1.4349715,0.99200777
2850,3850000.0,5.4523049,1.5722788,3.8800261,-0.28316761,1.0485246,1.2137398,0.81981898,-0.61728395,0.5,2.699852,3.8886676,3.9727618,0.23812664,0.0010124255,-0.26155863,-0.024983177,2.5355398,2.3619126,0.65762156,0.15,1.6841859,0.5,0.036534531,13.685683,2.4699348,32.30635,0.00015891539,-0.1430243,0.0069280898,0.1753111,0.75102336,2.8010467
2851,3851000.0,5.4612044,1.5352432,3.9259612,-0.25125164,1.0238262,1.1712043,0.81988061,-0.61728395,0.5,2.9117853,4.1152152,4.0698189,0.55032173,0.014394235,-0.18460313,0.00031793293,2.7474607,2.5856889,0.64597481,0.15,1.6910973,0.5,0.03588749,13.932432,2.490361,32.30635,0.019058932,-0.20796007,-0.028451349,0.21030893,0.1551744,4.9503496
2852,3852000.0,5.4380676,1.5110089,3.9270587,-0.2619003,1.0076648,1.1557318,0.80274979,-0.61728395,0.5,2.6497207,3.8684286,3.86767,0.2130633,-0.032073054,-0.12482735,0.010985379,2.4888295,2.3279323,0.63676242,0.15,1.6412865,0.5,0.03537569,14.134,2.4628195,32.30635,0.047072859,-0.1771013,-0.014598186,0.18568337,2.6919387,-3.5636331
2853,3853000.0,5.4610093,1.555187,3.9058222,-0.2306158,1.0371263,1.1993416,0.81257951,-0.61728395,0.5,2.840271,4.1448923,4.0357419,0.34017873,0.018179447,0.28821403,0.064749536,2.6774097,2.5063404,0.62877463,0.15,1.6620631,0.5,0.034931924,14.313555,2.4802364,32.30635,0.015340009,-0.21182876,0.013077807,0.18850923,1.3465972,3.6989092
2854,3854000.0,5.4316387,1.5385657,3.893073,-0.25030936,1.0260419,1.1984067,0.78738687,-0.61728395,0.5,2.5912876,3.8340575,3.8992839,0.040521557,-0.067186926,-0.098694897,0.10077878,2.4334756,2.2576174,0.62521622,0.15,1.6890919,0.5,0.034734234,14.39502,2.4732749,32.30635,-0.0057307652,-0.15675242,-0.027568151,0.21563348,4.8160263,-6.5289679
2855,3855000.0,5.46361,1.551306,3.912304,-0.25201911,1.0345382,1.2006728,0.80454461,-0.61728395,0.5,2.3687882,3.646181,3.6614021,-0.20121845,0.005033841,-0.13625693,-0.0029003152,2.2075374,2.034487,0.62339527,0.15,1.7116687,0.5,0.03463307,14.437068,2.4843703,32.30635,0.027243779,-0.16807689,-0.0024701609,0.19404135,1.2247509,-4.4916075
2856,3856000.0,5.4831618,1.5400299,3.9431318,-0.26777946,1.0270184,1.1920687,0.79852528,-0.61728395,0.5,2.5172899,3.7641165,3.796675,-0.0089217267,0.038635571,0.15255446,0.038045867,2.3572455,2.1853843,0.63218814,0.15,1.6783077,0.5,0.035121563,14.236268,2.4809899,32.30635,-0.00044184822,-0.23306597,0.018246827,0.22974829,-5.5297826,1.2488481
2857,3857000.0,5.5075496,1.5795295,3.9280201,-0.24359088,1.0533599,1.2182011,0.82517765,-0.61728395,0.5,2.8939072,4.0576296,4.1197709,0.50432116,0.048390776,0.13227917,0.095665717,2.728521,2.5547257,0.64407419,0.15,1.6651688,0.5,0.035781899,13.973546,2.4999024,32.30635,-0.047026468,-0.16983612,-0.024114958,0.15936242,-2.8102521,5.841819
2858,3858000.0,5.506981,1.5718775,3.9351035,-0.243919,1.0482569,1.2380881,0.78535489,-0.61728395,0.5,2.8185386,4.0338857,4.080831,0.34089914,-0.0078802311,0.035469579,-0.24299325,2.6611339,2.4738199,0.65672544,0.15,1.6764001,0.5,0.036484746,13.704357,2.4938015,32.30635,-0.023557966,-0.14766357,-0.022453846,0.23386266,3.4122306,1.6079972
2859,3859000.0,5.5264999,1.5741976,3.9523023,-0.24489376,1.0498041,1.2017804,0.83949099,-0.61728395,0.5,2.7413433,3.9017335,4.0078908,0.31440568,0.020132074,-0.24880418,-0.021926685,2.5730884,2.4067337,0.66598138,0.15,1.6338584,0.5,0.036998966,13.513891,2.4856328,32.30635,-0.015021183,-0.2358793,0.018427625,0.15190039,1.2548964,-0.85970537
2860,3860000.0,5.5282963,1.6016267,3.9266696,-0.25550411,1.0680961,1.2651277,0.79520679,-0.61728395,0.5,2.680177,3.9257889,3.8660868,0.24865532,0.079896922,0.09049646,0.068689104,2.5207977,2.3279298,0.66258135,0.15,1.5921873,0.5,0.036810075,13.583238,2.4705829,32.30635,0.014428802,-0.17090591,0.00067530684,0.18278271,-2.6819508,8.9455656
2861,3861000.0,5.4771975,1.5625672,3.9146304,-0.25595389,1.042048,1.2264606,0.78666869,-0.61728395,0.5,2.7641848,3.9576543,4.0149116,0.31998856,0.007056047,0.083629753,-0.023763014,2.6065167,2.4227035,0.65816989,0.15,1.6411834,0.5,0.036564994,13.674281,2.4777951,32.30635,-0.0052692488,-0.25261438,-0.0046326393,0.16223323,-0.54562813,1.9871588
2862,3862000.0,5.5065008,1.5681808,3.9383201,-0.26460549,1.0457916,1.2289212,0.7921976,-0.61728395,0.5,2.8892165,4.0300698,4.10766,0.5299198,0.0054964585,0.19196031,0.023151831,2.7304403,2.5470502,0.64471039,0.15,1.6374292,0.5,0.035817244,13.959756,2.4728825,32.30635,-0.0018682536,-0.17292928,0.024325742,0.21371647,-1.7338854,2.2857765
2863,3863000.0,5.4894596,1.594631,3.8948286,-0.26027893,1.0634308,1.2383431,0.82126573,-0.61728395,0.5,2.8814654,4.1046856,4.0692642,0.47044648,-0.042104668,-0.23889111,-0.030959732,2.7168633,2.5366758,0.63419225,0.15,1.6695937,0.5,0.035232903,14.19128,2.4890989,32.30635,0.018368971,-0.16223159,0.00099988267,0.13564551,-2.3696236,3.2725305
2864,3864000.0,5.510456,1.5516953,3.9587607,-0.25386602,1.0347978,1.2144777,0.78598738,-0.61728395,0.5,2.5985331,3.8551506,3.843106,0.097342675,-0.0001883913,-0.11754238,0.049571991,2.4410016,2.2603882,0.62955607,0.15,1.6614437,0.5,0.034975337,14.295788,2.506764,32.30635,-0.0070654443,-0.16134412,-0.021104704,0.19053722,3.187868,0.88422846
2865,3865000.0,5.4861663,1.5720647,3.9141016,-0.26079888,1.0483817,1.2273243,0.80060614,-0.61728395,0.5,2.8105691,3.9459032,4.0857378,0.40006626,-0.012945971,-0.27241035,0.090500937,2.6501076,2.4688474,0.63199973,0.15,1.6499919,0.5,0.035111096,14.240512,2.4721772,32.30635,0.026693375,-0.15684921,-0.030023413,0.17643271,1.7364094,-2.8296168
2866,3866000.0,5.4879281,1.5492222,3.938706,-0.25644706,1.0331485,1.2188367,0.77599022,-0.61728395,0.5,2.4366831,3.764153,3.7420521,-0.19615585,-0.0079449861,0.097516056,-0.0059987064,2.2811552,2.0973245,0.63094013,0.15,1.6345427,0.5,0.035052229,14.264428,2.4774401,32.30635,-0.0036965133,-0.20103197,0.0032456251,0.14766391,-2.4244828,-3.5980319
2867,3867000.0,5.5216599,1.5775822,3.9440777,-0.26083996,1.0520613,1.2220965,0.81666252,-0.61728395,0.5,2.6776023,3.9076156,3.9569963,0.16819512,0.025365342,-0.21455732,-0.09101559,2.5139228,2.3373362,0.63954534,0.15,1.5941343,0.5,0.035530297,14.072497,2.4913019,32.30635,0.010347136,-0.16718599,0.019351597,0.20429872,4.3867965,-2.5112071
2868,3868000.0,5.4992598,1.5398433,3.9594165,-0.2602721,1.0268939,1.1878009,0.80415651,-0.61728395,0.5,2.7621654,3.9356431,3.9984154,0.35243775,0.025801352,-0.2795408,-0.10678264,2.6009923,2.4314481,0.64695254,0.15,1.65137,0.5,0.035941808,13.911376,2.5034472,32.30635,-0.019019607,-0.21743252,-0.059134934,0.17405238,1.7336375,1.8651311
2869,3869000.0,5.5029615,1.5716819,3.9312796,-0.23332023,1.0481265,1.2470472,0.77259734,-0.61728395,0.5,3.1735094,4.3498898,4.290427,0.88021138,0.015625475,-0.080653399,-0.098315031,3.0186616,2.8262962,0.64818108,0.15,1.6430168,0.5,0.03601006,13.885009,2.4765896,32.30635,0.0094519579,-0.16228605,0.012971936,0.17667919,-3.1932109,8.080577
2870,3870000.0,5.5206691,1.5895894,3.9310797,-0.26070775,1.0600687,1.2337032,0.81967603,-0.61728395,0.5,2.8831189,3.9943593,4.1063819,0.54861551,0.021908176,-0.23682052,-0.022499388,2.7188354,2.5396211,0.65152095,0.15,1.6398163,0.5,0.036195608,13.81383,2.478132,32.30635,-0.0088351907,-0.18249161,0.00049723498,0.26097321,4.4190487,8.2002169
2871,3871000.0,5.5412927,1.5764315,3.9648612,-0.24118661,1.0512939,1.21339,0.82692367,-0.61728395,0.5,2.7624645,3.9748255,3.93372,0.37884817,0.010826812,0.19873862,0.028300192,2.5967284,2.4246225,0.65161961,0.15,1.6082708,0.5,0.03620109,13.811739,2.4858663,32.30635,-0.0080053412,-0.22222362,-0.014140125,0.17534865,1.677645,7.4626481
2872,3872000.0,5.4775729,1.5422021,3.9353708,-0.24860824,1.0284669,1.209143,0.77826792,-0.61728395,0.5,2.6807178,3.9816404,3.9272416,0.13327142,-0.031840171,-0.13257486,-0.0043061877,2.5247335,2.3440583,0.65278926,0.15,1.5924009,0.5,0.03626607,13.786992,2.485877,32.30635,-0.02361236,-0.19608946,0.034011533,0.18460608,3.1167872,-5.2779314
2873,3873000.0,5.5034636,1.5514206,3.952043,-0.22911454,1.0346146,1.2019438,0.80296159,-0.61728395,0.5,2.9340154,4.0942747,4.1620991,0.54567221,0.05119691,-0.16970205,0.012809831,2.7730818,2.5993603,0.65145669,0.15,1.5973996,0.5,0.036192038,13.815193,2.4768209,32.30635,-0.005095372,-0.16655707,0.0044572083,0.22662248,-2.1912724,-5.0028055
2874,3874000.0,5.4750085,1.5502316,3.9247769,-0.2411116,1.0338217,1.2037665,0.79853438,-0.61728395,0.5,2.8900959,4.0908652,4.0948904,0.48453218,-0.013831,0.28744069,0.046334386,2.7300497,2.5549333,0.65356706,0.15,1.6307347,0.5,0.036309281,13.770584,2.4892131,32.30635,0.0083515938,-0.20277713,0.010798816,0.2603209,-7.233789,6.0732081
2875,3875000.0,5.5018937,1.5489505,3.9529432,-0.25692458,1.0329673,1.1853455,0.82208283,-0.61728395,0.5,2.7589868,3.8916331,4.0455783,0.3397489,0.024200126,0.15676677,-0.08264965,2.5942208,2.4289531,0.64850684,0.15,1.6447029,0.5,0.036028158,13.878034,2.4699897,32.30635,0.020722205,-0.23471082,0.014630752,0.2456069,-0.68572496,5.2569938
2876,3876000.0,5.4639728,1.5348959,3.9290768,-0.24885892,1.0235946,1.2013295,0.77747752,-0.61728395,0.5,2.6145519,3.9720079,3.9342022,-0.062554351,-0.034503251,-0.32812518,-0.054475277,2.458726,2.2800679,0.64426264,0.15,1.6767054,0.5,0.035792369,13.969458,2.4981517,32.30635,-0.016021217,-0.22938944,-0.0069025549,0.12762694,3.779345,-3.1200153
2877,3877000.0,5.4928697,1.5551815,3.9376882,-0.26849862,1.0371227,1.2044542,0.80546836,-0.61728395,0.5,2.6361021,3.8947068,3.8617159,0.15188376,-0.032740836,-0.11297501,0.065932868,2.4746661,2.3007481,0.64161886,0.15,1.6661789,0.5,0.035645492,14.027019,2.4855513,32.30635,0.0062373712,-0.18500788,0.0021462117,0.22914551,-0.55180753,1.1193638
2878,3878000.0,5.5181588,1.5740868,3.944072,-0.24691306,1.0497303,1.2129269,0.82382992,-0.61728395,0.5,2.961565,4.1873886,4.1264032,0.57090312,-0.055766354,-0.16867414,-0.086087779,2.7964489,2.6238519,0.63828469,0.15,1.6362097,0.5,0.035460261,14.100291,2.4827739,32.30635,0.0028225631,-0.15169416,-0.020387919,0.22033516,-1.2611872,6.5236276
2879,3879000.0,5.5063608,1.5797909,3.9265699,-0.25833988,1.0535342,1.2222419,0.81998091,-0.61728395,0.5,2.7966815,3.9631583,4.0142207,0.41266543,-0.023039246,-0.16839068,-0.10658869,2.6323368,2.4563749,0.63724451,0.15,1.6595659,0.5,0.035402473,14.123307,2.4838579,32.30635,-0.018631964,-0.16815295,-0.061909667,0.22927649,-1.0057422,-1.5001303
2880,3880000.0,5.5699127,1.5996277,3.970285,-0.25476749,1.0667631,1.2388008,0.82859389,-0.61728395,0.5,2.5783217,3.7528966,3.9331844,0.04888399,0.023791352,-0.14796173,0.023536692,2.4122507,2.2334045,0.63815122,0.15,1.6804844,0.5,0.035452845,14.10324,2.5143174,32.30635,0.023192937,-0.13906201,-0.0079013009,0.17713382,3.0536303,-5.4581901
2881,3881000.0,5.5153256,1.5697569,3.9455687,-0.24442194,1.0468427,1.1963995,0.83988846,-0.61728395,0.5,2.8340732,4.0228808,3.9998569,0.47948206,-0.008662179,-0.32168544,-0.012253667,2.6657386,2.5009618,0.63948106,0.15,1.6483909,0.5,0.035526725,14.073912,2.4815646,32.30635,0.020742377,-0.25495068,0.00014450097,0.24080126,0.9465942,-3.6870072
2882,3882000.0,5.503964,1.568752,3.935212,-0.24312353,1.0461726,1.2074447,0.82294295,-0.61728395,0.5,2.6881632,3.9685226,3.8538406,0.24212628,0.0048080254,0.10852969,-0.030255727,2.5232248,2.3519765,0.64470295,0.15,1.6466343,0.5,0.03581683,13.959918,2.4932903,32.30635,0.010898575,-0.14373013,-0.023474052,0.28129666,-5.8917419,-1.0407998
2883,3883000.0,5.4707889,1.5554621,3.9153268,-0.25764238,1.0373098,1.2237488,0.77911172,-0.61728395,0.5,2.644887,3.9192751,3.9047939,0.11059193,-0.02382338,-0.075422321,0.053316674,2.4887335,2.3041608,0.64869989,0.15,1.6180853,0.5,0.036038883,13.873904,2.4786499,32.30635,-0.023435807,-0.20329827,-0.010740698,0.19982018,1.5413506,3.9869365
2884,3884000.0,5.4567444,1.5585774,3.898167,-0.27486569,1.0393873,1.2194228,0.79008663,-0.61728395,0.5,2.7219644,3.959895,3.9254096,0.2805888,0.020149385,-0.22893531,0.077986116,2.5636113,2.3824427,0.64954655,0.15,1.6294216,0.5,0.036085919,13.85582,2.4950548,32.30635,0.0039583378,-0.17327977,0.019022427,0.21827498,3.4114065,1.2441959
2885,3885000.0,5.4910708,1.5640233,3.9270476,-0.25914004,1.0430191,1.1990107,0.82712263,-0.61728395,0.5,2.9210004,4.0787038,4.1031765,0.58112102,-0.021762871,0.02268655,-0.011455336,2.7552244,2.587162,0.65220604,0.15,1.6554713,0.5,0.036233669,13.79932,2.5005754,32.30635,-0.012430751,-0.20713738,-0.001305332,0.17813216,-0.41918889,-4.1090324
2886,3886000.0,5.441037,1.5131145,3.9279224,-0.24649996,1.009069,1.1855864,0.76463205,-0.61728395,0.5,2.9467807,4.1074509,4.1058967,0.62699448,-0.021578373,0.055986514,0.041355109,2.7935293,2.61668,0.64872087,0.15,1.6650411,0.5,0.036040049,13.873455,2.478263,32.30635,0.0081209487,-0.1836184,-0.016011385,0.17226196,0.3365346,2.589754
2887,3887000.0,5.4559141,1.5267889,3.9291252,-0.25467327,1.0181881,1.1894194,0.78110176,-0.61728395,0.5,2.5376248,3.807364,3.7725188,0.032991598,0.043489381,0.095584553,0.10379475,2.3810725,2.2064569,0.6477354,0.15,1.6977543,0.5,0.0359853,13.894563,2.4935258,32.30635,-0.011625766,-0.2204482,0.017917539,0.16784877,1.3755197,7.0182162
2888,3888000.0,5.4203894,1.5047935,3.9155959,-0.24813295,1.0035198,1.179528,0.75978602,-0.61728395,0.5,2.6041104,3.8531106,3.8837161,0.075504579,-0.030485688,-0.10537175,0.042594828,2.4518303,2.2756965,0.64797464,0.15,1.6759171,0.5,0.035998591,13.889432,2.4957103,32.30635,0.001741751,-0.22513813,0.0015484721,0.17390515,4.2164553,-2.2160228
2889,3889000.0,5.4217058,1.5196332,3.9020726,-0.2517186,1.0134161,1.1798533,0.782986,-0.61728395,0.5,2.8006527,4.0674931,4.0226828,0.31178234,0.0032961864,-0.1194196,-0.0920608,2.6437228,2.4721483,0.64430415,0.15,1.6583327,0.5,0.035794675,13.968558,2.4883258,32.30635,-0.016201645,-0.22533161,0.0031361163,0.16188567,-2.0107614,1.0942097
2890,3890000.0,5.4229717,1.5429655,3.8800063,-0.25073679,1.028976,1.1978253,0.79520694,-0.61728395,0.5,3.0473167,4.2294114,4.2073205,0.70521827,-0.021099229,-0.11557564,0.15277007,2.8879374,2.7138083,0.6439498,0.15,1.6760813,0.5,0.035774989,13.976245,2.4795421,32.30635,-0.0011776202,-0.097476229,0.0079647138,0.16693967,-2.3304205,4.1771575
2891,3891000.0,5.4310075,1.5161145,3.914893,-0.24754167,1.0110696,1.1647021,0.7984257,-0.61728395,0.5,2.7594027,3.9510328,4.0931822,0.23399303,0.018078759,-0.013497899,-0.062219302,2.5993782,2.4351167,0.6506325,0.15,1.6144962,0.5,0.03614625,13.832694,2.4748603,32.30635,-0.025743926,-0.15982367,0.017949621,0.18908195,1.1417953,-4.576264
2892,3892000.0,5.4115312,1.5260146,3.8855166,-0.25449947,1.0176717,1.168697,0.80865488,-0.61728395,0.5,2.8735233,4.0278298,4.0274714,0.56526856,0.019066946,-0.012564654,0.18102736,2.7114486,2.548125,0.64801549,0.15,1.625941,0.5,0.03600086,13.888557,2.467707,32.30635,0.002356849,-0.24873219,0.019226863,0.24784654,2.2274031,7.3911432
2893,3893000.0,5.4431895,1.5244566,3.9187329,-0.25523161,1.0166328,1.174609,0.797959,-0.61728395,0.5,2.3327065,3.6371503,3.7071755,-0.34620619,0.0033296291,0.0060983329,-0.10541057,2.1727756,2.0056622,0.64739541,0.15,1.6063473,0.5,0.035966411,13.90186,2.4898196,32.30635,0.013852991,-0.16785971,0.017618246,0.15665498,-1.8749157,-3.7045365
2894,3894000.0,5.45612,1.5394559,3.9166641,-0.22676581,1.0266355,1.1722364,0.82516113,-0.61728395,0.5,2.6231742,3.9051419,3.8588701,0.10551051,0.00086694573,0.10636495,-0.070839878,2.4577912,2.2967904,0.64893199,0.15,1.6125165,0.5,0.036051777,13.868942,2.4636563,32.30635,0.027324814,-0.16494816,0.014935722,0.18596222,-2.9123003,-3.6415066
2895,3895000.0,5.3990055,1.4937444,3.905261,-0.26354316,0.99615138,1.1513214,0.78136012,-0.61728395,0.5,2.5855465,3.8421791,3.9086729,0.0057874759,-0.019077862,-0.12755487,0.059011036,2.4289424,2.2649861,0.64816169,0.15,1.6385016,0.5,0.036008983,13.885424,2.4740085,32.30635,-0.026026748,-0.21234279,-0.019297269,0.13829786,1.8905385,-1.3632753
2896,3896000.0,5.4448014,1.53537,3.9094314,-0.25947447,1.0239107,1.1708231,0.8206123,-0.61728395,0.5,2.46454,3.695745,3.8625969,-0.16472185,-0.041419297,-0.25637052,0.020565103,2.3000688,2.1385498,0.64716875,0.15,1.669774,0.5,0.03595382,13.906728,2.472872,32.30635,0.0026968133,-0.17069364,-0.0031981129,0.13947733,1.6714258,-1.0143898
2897,3897000.0,5.4061584,1.500735,3.9054233,-0.25400075,1.0008133,1.1561201,0.78583558,-0.61728395,0.5,2.5779208,3.8121895,3.85739,0.064182878,-0.04414387,-0.23736804,0.0502721,2.4204197,2.2560243,0.64748036,0.15,1.7052418,0.5,0.035971131,13.900035,2.4937195,32.30635,-0.0032748072,-0.18483739,0.0053416432,0.17195969,0.17808829,-3.7017948
2898,3898000.0,5.4494727,1.5259964,3.9234763,-0.26548244,1.0176596,1.1728344,0.80287846,-0.61728395,0.5,2.7719325,3.9782675,3.9817361,0.35579386,-0.016522801,-0.044052284,-0.11371842,2.6110156,2.4453823,0.65107229,0.15,1.7334278,0.5,0.036170683,13.82335,2.469126,32.30635,-0.0047476768,-0.21594252,-0.017483339,0.1839311,2.8913781,2.3268446
2899,3899000.0,5.4488804,1.5673443,3.8815361,-0.25491238,1.0452338,1.2018762,0.828435,-0.61728395,0.5,2.8822904,4.1337678,4.0771843,0.43591911,0.03068223,-0.17220675,-0.13076651,2.7162513,2.5476542,0.6543255,0.15,1.6520606,0.5,0.036351417,13.754622,2.4893918,32.30635,-0.0012578398,-0.20411141,0.0042175171,0.14768223,6.9828633,-0.82521378
2900,3900000.0,5.4376421,1.5483864,3.8892557,-0.26925297,1.0325911,1.1976809,0.80404756,-0.61728395,0.5,2.7350988,3.9264438,4.0085979,0.27025464,-0.011085585,0.032128257,0.030673685,2.5739475,2.4016306,0.65727299,0.15,1.7074771,0.5,0.036515166,13.692941,2.4918014,32.30635,0.02465875,-0.15224679,0.001906642,0.18484804,2.1841453,1.8422514
2901,3901000.0,5.4303914,1.5521625,3.878229,-0.25664755,1.0351093,1.2016812,0.80450874,-0.61728395,0.5,2.7261592,4.0404044,3.9397776,0.19829546,0.031488077,-0.093118713,-0.048979935,2.5649155,2.3915772,0.65528928,0.15,1.6778985,0.5,0.03640496,13.734392,2.4854459,32.30635,0.025102505,-0.19192683,-0.0086631457,0.22737546,1.6048999,0.66877741
2902,3902000.0,5.4222631,1.5267741,3.8954889,-0.26210562,1.0181783,1.1883597,0.78255042,-0.61728395,0.5,2.8691224,4.081566,4.0333875,0.49241351,-0.003447431,0.1758328,-0.15970921,2.7122797,2.5382495,0.65618407,0.15,1.6720812,0.5,0.036454671,13.715664,2.4735758,32.30635,0.005841993,-0.18957955,0.0032673043,0.18809346,0.47175102,10.332367
2903,3903000.0,5.4318548,1.5132222,3.9186326,-0.25643484,1.0091408,1.1627735,0.79649508,-0.61728395,0.5,2.6521747,3.9198318,3.9162498,0.12044257,0.022139809,-0.20986055,-0.021173075,2.4925372,2.3284257,0.65679903,0.15,1.6720386,0.5,0.036488835,13.702822,2.4911375,32.30635,0.029902571,-0.17846124,-0.017617796,0.21800321,2.1641303,4.5587296
2904,3904000.0,5.4268533,1.5080378,3.9188155,-0.26270666,1.0056834,1.1603509,0.79159755,-0.61728395,0.5,2.9045112,4.0017143,4.0905336,0.62128558,0.026728294,-0.32180163,-0.040377786,2.7458552,2.5814367,0.65193705,0.15,1.6662169,0.5,0.036218725,13.805014,2.4671994,32.30635,0.002741727,-0.21277806,-0.030924914,0.2013363,1.964009,2.262104
2905,3905000.0,5.4486626,1.543452,3.9052106,-0.26445979,1.0293004,1.1832225,0.81626849,-0.61728395,0.5,2.7030974,3.9594853,3.9083558,0.24145114,0.019001619,0.047346388,0.017867868,2.5394968,2.3736549,0.6534351,0.15,1.6473784,0.5,0.03630195,13.773365,2.4716329,32.30635,0.0070534464,-0.1621816,0.00085803907,0.16597484,-0.94286032,1.469351
2906,3906000.0,5.4322963,1.5207896,3.9115066,-0.2758898,1.0141873,1.1578113,0.81544957,-0.61728395,0.5,2.5575396,3.7864506,3.8355983,0.050570001,0.060085284,-0.071262025,0.062552961,2.3941031,2.2351722,0.6480049,0.15,1.6748751,0.5,0.036000272,13.888784,2.4622723,32.30635,0.021022343,-0.16723277,-0.0004541024,0.21788172,3.808094,0.52284149
2907,3907000.0,5.4109198,1.5290116,3.8819082,-0.27036129,1.0196704,1.1716378,0.80934635,-0.61728395,0.5,2.8603435,4.0793354,4.0340607,0.46763427,0.039498107,-0.06015326,-0.019699103,2.6981302,2.5341264,0.64858688,0.15,1.6119897,0.5,0.036032604,13.876321,2.4791974,32.30635,-0.0032582255,-0.1394257,0.00085320396,0.13770858,1.0011227,7.1407763
2908,3908000.0,5.4233091,1.5071565,3.9161526,-0.25220139,1.0050957,1.1647872,0.78403012,-0.61728395,0.5,2.6994369,3.9526921,3.9285161,0.21710267,0.029068285,0.098647153,-0.059751219,2.5422977,2.3751273,0.64579661,0.15,1.6518697,0.5,0.035877589,13.936276,2.4679002,32.30635,-0.011079454,-0.21736588,-0.025054037,0.19769946,-5.6786266,-5.57498
2909,3909000.0,5.4543487,1.5167042,3.9376445,-0.24962055,1.0114628,1.1614954,0.80382028,-0.61728395,0.5,2.9139893,4.0930783,4.0632676,0.58562192,0.026235711,-0.0254173,0.023219827,2.7528836,2.5905962,0.64340768,0.15,1.6887637,0.5,0.035744871,13.988021,2.4705698,32.30635,0.0064539491,-0.21443237,0.02226599,0.21714787,-1.6269835,5.6712215
2910,3910000.0,5.4462768,1.567794,3.8784827,-0.26700092,1.0455337,1.2186434,0.80585899,-0.61728395,0.5,2.7451569,3.998942,3.9641484,0.27238016,0.0079567835,-0.039377711,-0.085754348,2.5836426,2.4058521,0.64107392,0.15,1.7240237,0.5,0.035615218,14.038943,2.4784397,32.30635,0.013717252,-0.13953186,0.0090793142,0.13625233,0.70037088,5.3389174
2911,3911000.0,5.430471,1.5418447,3.8886263,-0.24424112,1.0282286,1.1728701,0.82808811,-0.61728395,0.5,2.6573672,3.9211866,3.916998,0.13391684,0.035054352,-0.064852626,-0.057336701,2.4913976,2.330807,0.64371031,0.15,1.6450378,0.5,0.035761684,13.981445,2.4934079,32.30635,-0.026707549,-0.20646987,0.016652759,0.20971802,-0.77086622,0.79976435
2912,3912000.0,5.4320444,1.5319683,3.9000761,-0.24352677,1.0216422,1.184266,0.79651582,-0.61728395,0.5,2.6681571,3.8883027,3.9181415,0.19802708,-0.039433883,-0.18327104,-0.035614843,2.5085154,2.338424,0.64577541,0.15,1.6687629,0.5,0.035876411,13.936734,2.4885384,32.30635,-0.034191527,-0.1884118,0.018693124,0.21024358,-0.59333735,-3.8024021
2913,3913000.0,5.4424751,1.5743726,3.8681025,-0.2655605,1.0499209,1.2075926,0.83169579,-0.61728395,0.5,2.652611,3.8877463,3.9846479,0.085438779,-0.010440828,-0.10570072,0.08164735,2.4859184,2.3163831,0.64883879,0.15,1.6836992,0.5,0.036046599,13.870934,2.4846022,32.30635,0.024560481,-0.14202206,-0.0019568138,0.18576604,-0.15781363,2.1141191
2914,3914000.0,5.4448056,1.5534048,3.8914008,-0.2582245,1.0359378,1.1867806,0.82718861,-0.61728395,0.5,2.7825654,3.9593394,3.9916621,0.39669465,0.0017205606,-0.35101718,-0.025941226,2.6167761,2.4521322,0.65157693,0.15,1.6919824,0.5,0.036198718,13.812644,2.4728843,32.30635,-0.032021575,-0.22247816,0.0039549335,0.18142309,3.4346256,8.1470655
2915,3915000.0,5.4319185,1.551118,3.8808004,-0.27366037,1.0344128,1.1833852,0.82826077,-0.61728395,0.5,2.854836,4.0352364,4.0510835,0.47818822,0.031734065,-0.24850949,0.02123319,2.6888319,2.5253482,0.65854324,0.15,1.6665248,0.5,0.036585736,13.666529,2.4730696,32.30635,0.0064855396,-0.21178179,0.0059226595,0.17441751,-0.87992941,-2.1024287
2916,3916000.0,5.4255415,1.5522518,3.8732896,-0.26988516,1.0351689,1.1927806,0.81701581,-0.61728395,0.5,2.9069478,4.1007792,4.09817,0.52189415,0.068770827,0.25588511,0.08400635,2.7431974,2.574844,0.66085596,0.15,1.694937,0.5,0.03671422,13.618701,2.4813737,32.30635,0.0029755131,-0.13058179,-0.01933476,0.17652256,-1.6847603,-3.6431504
2917,3917000.0,5.4536582,1.5357344,3.9179238,-0.27283824,1.0241537,1.175756,0.81434034,-0.61728395,0.5,2.7338085,3.9187463,3.957121,0.32555821,-0.021417657,-0.15593809,0.10370082,2.5705943,2.4064448,0.66171545,0.15,1.7063181,0.5,0.03676197,13.601012,2.4986843,32.30635,0.0097285091,-0.15354738,-0.016155964,0.15661026,4.1947396,-4.7286294
2918,3918000.0,5.4646867,1.5121512,3.9525355,-0.25538317,1.0084265,1.1695354,0.7853944,-0.61728395,0.5,2.4198561,3.7144803,3.7541447,-0.20905684,-0.017170668,-0.1073101,0.084003722,2.2624434,2.0942244,0.6614545,0.15,1.6889263,0.5,0.036747472,13.606378,2.4926652,32.30635,-0.015705057,-0.18156782,-0.022490453,0.15828018,3.1505674,5.407322
2919,3919000.0,5.4279136,1.5114676,3.916446,-0.27970864,1.0079706,1.1562928,0.80270134,-0.61728395,0.5,2.6620301,3.9059157,3.9090986,0.17107594,-0.017843923,-0.15533225,-0.027579819,2.5011487,2.3400855,0.65811072,0.15,1.6780218,0.5,0.036561707,13.67551,2.4727078,32.30635,-0.013038713,-0.12976606,-0.00076748798,0.1707719,-3.7816858,3.2645421
2920,3920000.0,5.4036449,1.5147643,3.8888806,-0.25290682,1.0101692,1.1745523,0.78259,-0.61728395,0.5,2.963971,4.1128791,4.1456138,0.63342017,-0.058939186,-0.11372908,-0.066983946,2.8071204,2.6369425,0.65186723,0.15,1.6671229,0.5,0.036214846,13.806493,2.5004678,32.30635,0.032191901,-0.15907596,0.0018430165,0.16180006,-5.5925389,3.671658
2921,3921000.0,5.3944121,1.5090369,3.8853752,-0.249302,1.0063496,1.1580397,0.79640054,-0.61728395,0.5,2.9194755,4.1726143,4.0884682,0.49734406,0.0062737291,-0.15456731,-0.010244282,2.7598569,2.5970446,0.64024015,0.15,1.6647151,0.5,0.035568897,14.057225,2.4885994,32.30635,-0.022345623,-0.19130716,0.011746946,0.19239366,1.9662699,-5.2430628
2922,3922000.0,5.3928998,1.498291,3.8946088,-0.24865294,0.99918343,1.1559817,0.78213248,-0.61728395,0.5,2.8137411,4.0151762,4.041069,0.38497814,-0.037153541,-0.15912152,0.055453993,2.6569822,2.4918831,0.63897108,0.15,1.7069315,0.5,0.035498393,14.085145,2.505585,32.30635,-0.02438889,-0.17661864,0.0047011933,0.18591708,2.9848282,4.9842698
2923,3923000.0,5.4078874,1.505645,3.9022424,-0.26189411,1.0040876,1.1439716,0.81053774,-0.61728395,0.5,2.5013173,3.7779312,3.7552808,-0.029259971,0.0031438435,0.27154962,0.11294088,2.3388653,2.1828034,0.63704527,0.15,1.7379774,0.5,0.035391404,14.127724,2.4680016,32.30635,-0.010286088,-0.2096772,0.0066615573,0.2291326,-0.73879076,-0.95799689
2924,3924000.0,5.4257081,1.5052469,3.9204612,-0.270853,1.0038222,1.1409728,0.8140691,-0.61728395,0.5,2.8302206,3.9799342,4.0930014,0.41772632,0.0050221057,0.0098303039,-0.063237564,2.6670608,2.5125416,0.63948544,0.15,1.7207377,0.5,0.035526969,14.073815,2.4783119,32.30635,-0.0011703531,-0.18253093,-0.0024043815,0.14326448,-0.004132163,0.36359626
2925,3925000.0,5.4183144,1.4975326,3.9207818,-0.25337475,0.99867767,1.1442579,0.79721041,-0.61728395,0.5,2.7738232,3.9363759,3.9921352,0.3929586,-0.018499106,-0.17751115,0.11134474,2.6140423,2.4552295,0.64559776,0.15,1.722519,0.5,0.035866542,13.940569,2.4910065,32.30635,0.01187935,-0.20014059,0.028413015,0.16166438,1.3723209,1.6353642
2926,3926000.0,5.4053951,1.5201246,3.8852705,-0.26902291,1.0137439,1.1606989,0.8103783,-0.61728395,0.5,2.7439294,3.9262917,3.9836427,0.32185374,-0.020224507,-0.021810202,0.032851438,2.5815093,2.420758,0.65360414,0.15,1.7335339,0.5,0.036311341,13.769803,2.4647179,32.30635,0.037267995,-0.26509648,0.015214481,0.19522605,-3.2564194,-1.3558451
2927,3927000.0,5.4275984,1.56007,3.8675283,-0.27913698,1.0403827,1.202999,0.81528139,-0.61728395,0.5,2.7854307,3.9643947,4.0126679,0.37922946,0.011242117,-0.10451091,-0.064686757,2.6220279,2.4504818,0.65941116,0.15,1.7696268,0.5,0.036633953,13.648541,2.4800603,32.30635,-0.042356558,-0.24322507,-0.015373309,0.16902068,-0.078119421,7.6669723
2928,3928000.0,5.4610472,1.5413349,3.9197123,-0.24548638,1.0278886,1.1783097,0.81971903,-0.61728395,0.5,2.6862149,3.9611112,3.9566818,0.14085176,0.017552377,-0.1754573,0.026700371,2.5219227,2.3581402,0.66492892,0.15,1.7902196,0.5,0.036940496,13.535281,2.4795224,32.30635,0.0032186441,-0.21526936,-0.024243315,0.15999791,2.2420116,-2.9888779
2929,3929000.0,5.4779648,1.5615312,3.9164336,-0.25503117,1.0413572,1.2058374,0.81366718,-0.61728395,0.5,2.7708588,3.9870139,3.9763972,0.34916532,0.036603915,0.18162019,0.0043512074,2.6077796,2.4351196,0.65691307,0.15,1.7315047,0.5,0.036495171,13.700443,2.4975385,32.30635,-0.01162058,-0.19315293,0.010047537,0.17638798,-0.56623729,0.20073419
2930,3930000.0,5.4515785,1.5316178,3.9199607,-0.24692084,1.0214085,1.1911028,0.78645968,-0.61728395,0.5,2.8388169,4.0089656,4.0596292,0.44785593,0.042849988,-0.046827136,0.092491571,2.6811907,2.5071803,0.64965631,0.15,1.7197026,0.5,0.036092017,13.853479,2.4664873,32.30635,-0.026653649,-0.25983099,-0.003136212,0.17724574,0.20463669,1.1655755
2931,3931000.0,5.460353,1.5274451,3.9329079,-0.25780023,1.0186257,1.1847053,0.78869628,-0.61728395,0.5,2.6411767,3.948939,3.8580155,0.11657559,-0.013855866,0.062631483,0.14162332,2.4831023,2.3113213,0.64740358,0.15,1.7146643,0.5,0.035966865,13.901684,2.482292,32.30635,-0.0061361849,-0.17040853,0.033865154,0.23904494,-0.10984727,-3.8111392
2932,3932000.0,5.518697,1.5813347,3.9373623,-0.24128591,1.0545637,1.1805047,0.88042223,-0.61728395,0.5,2.6291451,3.8402276,3.9358867,0.11132106,-0.024139935,0.25778506,0.030988762,2.4526865,2.3004593,0.63500552,0.15,1.6325498,0.5,0.035278084,14.173105,2.478426,32.30635,0.010189731,-0.17649792,-0.017265597,0.20671529,-0.82853851,3.8861915
2933,3933000.0,5.4378632,1.518365,3.9194982,-0.26594004,1.0125704,1.1654556,0.80096579,-0.61728395,0.5,2.6385283,3.8284489,3.9163291,0.17080702,0.01793305,0.049374955,-0.028244221,2.4779948,2.3140326,0.6351465,0.15,1.6144847,0.5,0.035285917,14.169959,2.4731273,32.30635,-0.031466392,-0.20087671,-0.016870756,0.17638722,-4.3259597,0.29954203
2934,3934000.0,5.4044968,1.4882395,3.9162574,-0.26278716,0.99248021,1.153256,0.76989857,-0.61728395,0.5,2.7093865,3.9782833,3.9231555,0.22672077,-0.025530021,-0.042434393,-0.086127721,2.5550796,2.3882875,0.63489148,0.15,1.6285902,0.5,0.035271749,14.175651,2.4819556,32.30635,-0.0060368124,-0.18973937,0.015808268,0.14932079,-1.2610382,6.2898181
2935,3935000.0,5.4603585,1.5300129,3.9303457,-0.26366119,1.0203381,1.1788199,0.80096482,-0.61728395,0.5,3.0884744,4.1365271,4.3156487,0.81324742,-0.0061059524,-0.10748014,-0.10411567,2.927941,2.7602577,0.64151762,0.15,1.6045931,0.5,0.035639868,14.029233,2.4930454,32.30635,0.0055040429,-0.1341516,0.0054173448,0.1974287,2.8107099,-0.70984716
2936,3936000.0,5.4739523,1.553917,3.9200353,-0.24850022,1.0362794,1.197011,0.81379291,-0.61728395,0.5,2.8715521,4.0404937,4.0582859,0.51587676,-0.033689776,-0.028651751,0.0496404,2.7084477,2.5382705,0.64615956,0.15,1.5867134,0.5,0.035897753,13.928448,2.4955613,32.30635,-7.4104389e-05,-0.15265372,-0.0060048836,0.18275312,2.2668268,2.771552
2937,3937000.0,5.4320005,1.5208032,3.9111973,-0.25689076,1.0141964,1.1953756,0.76328726,-0.61728395,0.5,2.767102,4.04353,3.9865218,0.27125416,-0.054650922,-0.12273698,0.023410549,2.6141202,2.4342757,0.65031286,0.15,1.580969,0.5,0.036128492,13.839493,2.4742335,32.30635,-0.011078099,-0.1734672,-0.014415467,0.14753916,-2.7195835,3.7139682
2938,3938000.0,5.4722307,1.5577143,3.9145163,-0.24854244,1.0388118,1.1945655,0.82324248,-0.61728395,0.5,2.9365703,4.1837669,4.1671022,0.45884173,-0.012684483,0.12352254,-0.04986371,2.7715719,2.6039695,0.65394705,0.15,1.631268,0.5,0.036330392,13.762582,2.4843733,32.30635,-0.039599846,-0.23306235,0.019378354,0.1900468,-4.8394455,3.5624664
2939,3939000.0,5.4475525,1.5487943,3.8987582,-0.25878266,1.0328631,1.2103802,0.78705594,-0.61728395,0.5,2.5051155,3.8749483,3.7869834,-0.14658524,-0.031259004,0.073603546,0.13257029,2.3473698,2.1681115,0.65547595,0.15,1.6367031,0.5,0.036415331,13.730481,2.5106445,32.30635,0.038625857,-0.20265597,-0.017020435,0.1748794,-4.8111028,-3.1234651
2940,3940000.0,5.4886336,1.5350868,3.9535468,-0.25376846,1.0237218,1.1843997,0.80130048,-0.61728395,0.5,2.6845299,3.8757543,3.9311226,0.24671282,-0.049780166,-0.24988897,-0.14051852,2.5239292,2.3547596,0.65127507,0.15,1.6378767,0.5,0.036181948,13.819046,2.4938311,32.30635,-0.0055508155,-0.16637804,0.0014612229,0.11142562,3.8864767,1.9421783
2941,3941000.0,5.4598729,1.553622,3.9062509,-0.25467521,1.0360826,1.2132933,0.79070357,-0.61728395,0.5,2.5408767,3.7705244,3.8231949,0.028910675,0.015208692,-0.17605397,0.029881818,2.3823999,2.2030616,0.6497213,0.15,1.6378437,0.5,0.036095628,13.852093,2.5025079,32.30635,0.0027451116,-0.24383647,0.037797692,0.22407154,2.5293875,-5.3347587
2942,3942000.0,5.4553486,1.5205226,3.9348259,-0.25866283,1.0140093,1.1936502,0.76523698,-0.61728395,0.5,2.6789265,3.8716187,3.9420594,0.22310133,-0.0066943999,-0.010909915,-0.027185285,2.5255539,2.3465805,0.64781146,0.15,1.6448923,0.5,0.035989526,13.892931,2.466756,32.30635,0.009654579,-0.21255763,0.01769386,0.14388937,3.5504004,-0.94542242
2943,3943000.0,5.4817344,1.5639057,3.9178287,-0.24970631,1.0429407,1.1827036,0.84958892,-0.61728395,0.5,2.7907147,4.0266847,4.0163576,0.32910169,-0.0033075479,0.16170854,0.048194766,2.6204358,2.4614166,0.64496272,0.15,1.6095965,0.5,0.035831262,13.954295,2.4740125,32.30635,0.0028787473,-0.12633957,-0.013349422,0.16051931,-1.1948336,-6.0167994
2944,3944000.0,5.4584053,1.5157083,3.942697,-0.24086651,1.0107987,1.1475068,0.8216657,-0.61728395,0.5,2.4387817,3.7690976,3.7092138,-0.16196609,-0.0030301331,-0.25356048,-0.013118485,2.2740994,2.1192834,0.64059543,0.15,1.6041185,0.5,0.035588635,14.049429,2.4917106,32.30635,-0.011812024,-0.14647287,-0.01983228,0.17637757,2.6378609,-4.5532602
2945,3945000.0,5.4685887,1.5531251,3.9154636,-0.25050289,1.0357513,1.1771344,0.84014321,-0.61728395,0.5,2.7034775,3.8759458,3.9371516,0.29733506,0.013576623,0.14245595,-0.033585767,2.5350918,2.37573,0.6410028,0.15,1.5968841,0.5,0.035611267,14.0405,2.4656068,32.30635,-0.018312194,-0.22760351,-0.0078892924,0.20721132,-2.6144052,3.9611795
2946,3946000.0,5.484815,1.5839197,3.9008953,-0.24668511,1.0562877,1.2242865,0.8237212,-0.61728395,0.5,2.8112159,4.0384959,4.0917826,0.30336933,0.0081708437,-0.1467166,0.021959843,2.6461216,2.47034,0.64587324,0.15,1.6250386,0.5,0.035881847,13.934623,2.4851772,32.30635,-0.0079047016,-0.20329271,0.021515623,0.21304559,-1.4821387,-6.303273
2947,3947000.0,5.4948748,1.5695792,3.9252956,-0.24935575,1.0467243,1.2090283,0.82206152,-0.61728395,0.5,2.6863396,3.9685204,3.9368561,0.15364239,-0.010607282,-0.064924282,-0.0044398006,2.5215779,2.349712,0.64477079,0.15,1.6532518,0.5,0.035820599,13.958449,2.5043604,32.30635,0.014661277,-0.19694673,-0.012040294,0.16122494,-3.4606455,-1.3295603
2948,3948000.0,5.4924461,1.5458417,3.9466044,-0.25276099,1.0308941,1.1986193,0.79868816,-0.61728395,0.5,2.7501583,3.8956526,4.0012006,0.35362158,0.02903452,-0.21039853,-0.046115137,2.5900812,2.4164288,0.64937746,0.15,1.6847912,0.5,0.036076526,13.859428,2.4934544,32.30635,0.019315853,-0.1646084,-0.018025459,0.18605777,4.274106,2.008639
2949,3949000.0,5.4648347,1.5053634,3.9594713,-0.25643087,1.0038999,1.1561993,0.79310236,-0.61728395,0.5,2.3474355,3.6710878,3.6561588,-0.28494024,0.035220424,-0.17754331,-0.013998478,2.1884779,2.0255169,0.65077651,0.15,1.6628236,0.5,0.03615425,13.829633,2.5092351,32.30635,-0.011595786,-0.16330565,0.015889312,0.123638,-0.31567456,2.0986942
2950,3950000.0,5.4607023,1.5221069,3.9385954,-0.2372972,1.0150658,1.1735103,0.79574013,-0.61728395,0.5,2.6958773,3.948573,3.9387827,0.20027606,0.0020851475,-0.27942754,-0.07269262,2.5363911,2.3691389,0.65002553,0.15,1.7279846,0.5,0.036112529,13.84561,2.4970363,32.30635,-0.0074644446,-0.24845585,0.043135569,0.15161687,1.1427654,3.9511734
2951,3951000.0,5.4778338,1.5515717,3.9262621,-0.23843705,1.0347154,1.1853924,0.8261954,-0.61728395,0.5,2.7142029,3.9525355,3.997918,0.19215526,0.020781189,0.096042888,0.047704474,2.5486127,2.3841562,0.65061844,0.15,1.7267987,0.5,0.036145469,13.832993,2.4764363,32.30635,0.017717018,-0.2234477,0.0076388987,0.1426421,-2.0816164,1.0954952
2952,3952000.0,5.4671757,1.5422314,3.9249443,-0.25126213,1.0284865,1.1986719,0.79286092,-0.61728395,0.5,2.6931205,3.8992102,4.0113332,0.16881813,0.0036757876,0.10142487,0.16689828,2.5342114,2.3593764,0.64721917,0.15,1.7479241,0.5,0.035956621,13.905645,2.4830896,32.30635,0.0090805945,-0.21239372,-0.0047371653,0.1643417,1.5573545,-5.5179261
2953,3953000.0,5.4788042,1.5360769,3.9427273,-0.2693047,1.0243821,1.1743652,0.81681832,-0.61728395,0.5,2.409218,3.6061792,3.7371554,-0.11568058,-0.047403584,0.087118319,-0.014272711,2.2455072,2.0822416,0.64196761,0.15,1.7281781,0.5,0.035664867,14.019399,2.4696097,32.30635,-0.025533552,-0.17395679,0.010748897,0.1687951,0.39110053,4.7349425
2954,3954000.0,5.4864047,1.5328178,3.9535868,-0.24565401,1.0222087,1.1815425,0.80165325,-0.61728395,0.5,2.8241047,4.0574836,3.9926219,0.42220865,0.0027193043,0.12346312,-0.078992866,2.6634334,2.4951299,0.63855016,0.15,1.6860805,0.5,0.035475009,14.094429,2.4865232,32.30635,0.018253036,-0.17439202,0.060347591,0.20669418,-1.2562075,1.3597065
2955,3955000.0,5.4350181,1.5218703,3.9131477,-0.26367055,1.014908,1.1809875,0.7849759,-0.61728395,0.5,2.9992569,4.1368275,4.1703286,0.69061454,-0.055831423,-0.33556715,-0.078136101,2.8419281,2.6704366,0.63817746,0.15,1.6893926,0.5,0.035454303,14.10266,2.4913786,32.30635,0.0024100251,-0.1468079,-0.025998162,0.2026527,2.8626382,1.4632084
2956,3956000.0,5.4845123,1.5471797,3.9373326,-0.25254996,1.0317864,1.195786,0.80475673,-0.61728395,0.5,2.6940557,3.9325835,3.9911696,0.15841398,0.015017101,-0.093368308,0.032598982,2.5327623,2.3611151,0.64327071,0.15,1.7426758,0.5,0.035737261,13.990999,2.4911795,32.30635,0.021768988,-0.16866264,0.022057196,0.19481494,2.7241063,7.7516925
2957,3957000.0,5.4629603,1.5577175,3.9052429,-0.26594072,1.0388139,1.2279938,0.77680933,-0.61728395,0.5,2.7456176,3.9490663,3.9876256,0.30016097,0.034353356,-0.18411628,0.11645711,2.5899256,2.4037095,0.64907836,0.15,1.7549566,0.5,0.036059909,13.865814,2.4968026,32.30635,0.015667152,-0.27256503,-0.021402485,0.16961178,0.38379795,1.3990727
2958,3958000.0,5.4526925,1.5497695,3.902923,-0.25267931,1.0335135,1.2137108,0.78398342,-0.61728395,0.5,2.840413,4.0085869,4.0371736,0.47547853,-0.032978859,-0.25767007,-0.013301936,2.6832831,2.5024816,0.65021739,0.15,1.7057975,0.5,0.036123188,13.841525,2.4824805,32.30635,0.026668398,-0.24662724,-0.0036982591,0.19124095,-2.4700721,-5.7494914
2959,3959000.0,5.4241096,1.5795047,3.8446049,-0.2709106,1.0533434,1.2528422,0.7770151,-0.61728395,0.5,2.8540104,4.1306176,4.0126369,0.41877677,-0.0028304334,-0.10840433,-0.1470134,2.6982772,2.5051838,0.6544419,0.15,1.7347231,0.5,0.036357883,13.752176,2.4725957,32.30635,0.018903977,-0.20422131,-0.011324151,0.14061284,-1.263163,-2.183847
2960,3960000.0,5.4644421,1.5685692,3.8958729,-0.27079515,1.0460507,1.21341,0.81436462,-0.61728395,0.5,2.3970251,3.7278505,3.7236129,-0.26038827,0.018629877,-0.15121563,-0.075045628,2.233806,2.0591774,0.65162969,0.15,1.664657,0.5,0.03620165,13.811525,2.4959095,32.30635,-0.011356734,-0.17912813,-0.0056647176,0.15901056,-1.0059091,-1.9671569
2961,3961000.0,5.4734285,1.4984178,3.9750106,-0.24380843,0.99926798,1.1671959,0.766756,-0.61728395,0.5,2.6537354,3.8936486,3.8691573,0.19840015,0.034653252,0.013425134,-0.070331145,2.5000583,2.3287551,0.64733428,0.15,1.6951771,0.5,0.035963015,13.903172,2.4703894,32.30635,-0.015901782,-0.14121528,0.00072094469,0.23421954,-1.8980438,-0.20241502
2962,3962000.0,5.4784759,1.5401249,3.9383511,-0.24916559,1.0270816,1.1838596,0.81008054,-0.61728395,0.5,2.5946392,3.8479494,3.8689085,0.067059676,0.011505246,-0.40396965,-0.010852688,2.4322788,2.2650192,0.6457767,0.15,1.7161286,0.5,0.035876483,13.936706,2.5043991,32.30635,-0.0036789915,-0.17380416,-0.01481185,0.20538475,2.1535189,-5.4646855
2963,3963000.0,5.4868527,1.5342694,3.9525834,-0.24444063,1.0231767,1.2045707,0.77197627,-0.61728395,0.5,2.818305,3.9538185,3.9968138,0.50428262,-0.013970309,-0.086446071,0.027502023,2.6635816,2.4829185,0.64173131,0.15,1.7198077,0.5,0.03565174,14.024561,2.4763689,32.30635,-0.0011069401,-0.21690206,-0.02142391,0.20072276,1.0618017,1.3882628
2964,3964000.0,5.4755431,1.5578572,3.9176859,-0.26135154,1.038907,1.2180003,0.79091474,-0.61728395,0.5,2.7150472,3.9086821,4.0176606,0.21879905,0.026681803,-0.099536461,-0.054287383,2.5565282,2.3759216,0.63956612,0.15,1.6501255,0.5,0.035531451,14.07204,2.4812847,32.30635,0.0023021303,-0.16495898,-0.0080036883,0.19417241,-0.83300376,3.986029
2965,3965000.0,5.4613486,1.545618,3.9157307,-0.25108364,1.0307449,1.1839206,0.81875084,-0.61728395,0.5,2.4888107,3.7974442,3.8034594,-0.13447143,-0.031804037,-0.03958301,-0.0077334897,2.3247126,2.1591738,0.64215648,0.15,1.6390628,0.5,0.03567536,14.015276,2.4874877,32.30635,0.019760748,-0.16423392,-0.016652617,0.20748266,-2.1300378,-3.2062334
2966,3966000.0,5.4493508,1.5020097,3.947341,-0.24978406,1.0016633,1.1826576,0.7510016,-0.61728395,0.5,2.9832238,4.120615,4.1682714,0.66078507,-0.0026656935,-0.44438605,-0.089754463,2.8327043,2.6539386,0.64280826,0.15,1.6619521,0.5,0.03571157,14.001065,2.4695707,32.30635,0.010687942,-0.17017504,0.0028723168,0.25627965,3.6906438,-0.57971665
2967,3967000.0,5.4936561,1.5409705,3.9526856,-0.24665643,1.0276456,1.1993886,0.78985558,-0.61728395,0.5,2.3015098,3.6898512,3.5976194,-0.38294116,-0.019681402,-0.30561848,-0.025081758,2.143203,1.9675662,0.64810828,0.15,1.6764287,0.5,0.036006016,13.886568,2.5169047,32.30635,0.010739939,-0.17586203,0.005279531,0.20415083,3.3533516,-6.2574049
2968,3968000.0,5.4632008,1.5529977,3.9102031,-0.26060706,1.0356663,1.1930006,0.81789899,-0.61728395,0.5,2.9019889,4.0681402,4.1623212,0.47550523,-0.009004929,-0.30439978,0.038733502,2.7380615,2.5698238,0.64805152,0.15,1.6319044,0.5,0.036002862,13.887785,2.4889815,32.30635,-0.016376188,-0.17893298,0.0079132429,0.1912082,-1.7648331,2.5907292
2969,3969000.0,5.4361944,1.5413517,3.8948426,-0.26903391,1.0278998,1.2019785,0.78686537,-0.61728395,0.5,2.8486332,4.094376,4.0133656,0.43815794,0.048929861,-0.019873142,0.13557752,2.6909257,2.5139685,0.65252644,0.15,1.6392615,0.5,0.036251469,13.792545,2.507002,32.30635,0.013321594,-0.23746954,0.0033318421,0.13296263,-3.6322633,2.1468496
2970,3970000.0,5.4832414,1.5525107,3.9307306,-0.23711566,1.0353416,1.1866379,0.82596177,-0.61728395,0.5,2.8180957,4.0855255,4.0389565,0.32980524,0.038564011,-0.30853661,-0.12535494,2.6525524,2.4877022,0.65718502,0.15,1.6420382,0.5,0.036510279,13.694773,2.5041431,32.30635,-0.00055628529,-0.1857069,-0.027978483,0.20698725,0.39136168,-2.4087802
2971,3971000.0,5.4740074,1.5429363,3.9310711,-0.25009072,1.0289565,1.2077984,0.78130589,-0.61728395,0.5,2.7811134,4.0375582,4.0059974,0.29978466,-0.048089934,-0.167114,0.02810692,2.6245202,2.4448282,0.65341766,0.15,1.6489912,0.5,0.036300981,13.773732,2.479402,32.30635,0.0081046299,-0.23307645,-0.017301701,0.15959272,2.1006904,4.6023804
2972,3972000.0,5.4444532,1.5444486,3.9000046,-0.25273963,1.0299651,1.2110868,0.77914795,-0.61728395,0.5,2.6905905,3.9679517,3.9434861,0.16033361,0.01875144,-0.16592417,-0.01115039,2.5344297,2.3533897,0.65195649,0.15,1.6759929,0.5,0.036219805,13.804602,2.4774298,32.30635,-0.0088831009,-0.15344484,-0.021576877,0.21560867,2.3787103,1.4251215
2973,3973000.0,5.4608018,1.5391197,3.9216821,-0.25526686,1.0264114,1.17543,0.82018891,-0.61728395,0.5,2.4002018,3.7231239,3.7155958,-0.23811422,-0.01943578,-0.13952134,-0.19338781,2.2358155,2.0729289,0.64992799,0.15,1.6308091,0.5,0.036107111,13.847688,2.4951726,32.30635,-0.010373852,-0.1367408,-0.027560296,0.16954357,6.5338619,-5.4345955
2974,3974000.0,5.5064223,1.5670827,3.9393396,-0.24001435,1.0450594,1.1980055,0.83339533,-0.61728395,0.5,2.9941293,4.203321,4.16009,0.61897675,-0.0088923453,-0.41083534,0.057746954,2.827096,2.6605707,0.65003187,0.15,1.6546012,0.5,0.036112882,13.845475,2.494312,32.30635,-0.020088728,-0.179625,0.012047209,0.18058349,4.2030455,-1.6540211
2975,3975000.0,5.4764064,1.5606204,3.9157859,-0.26279676,1.0407498,1.2101318,0.80624974,-0.61728395,0.5,2.7173775,3.9276043,3.9653002,0.25922792,0.040046357,-0.347443,0.056762692,2.5557849,2.3804426,0.64509773,0.15,1.6111463,0.5,0.035838763,13.951374,2.4888372,32.30635,-0.01161154,-0.21345382,0.014638191,0.19260081,-1.1454842,-3.6781262
2976,3976000.0,5.4819055,1.5441736,3.9377319,-0.26026265,1.0297817,1.195792,0.79995712,-0.61728395,0.5,2.5721045,3.8596185,3.8170707,0.039624107,-0.055641031,-0.16048817,0.11533901,2.4117731,2.2391622,0.64290571,0.15,1.5704808,0.5,0.035716984,13.998942,2.4927531,32.30635,0.020064439,-0.19298786,0.017339813,0.1507584,-3.9903865,0.1894041
2977,3977000.0,5.4569192,1.566116,3.8908032,-0.2415233,1.0444147,1.212444,0.81179657,-0.61728395,0.5,2.9546725,4.1463869,4.129867,0.5877635,0.053367075,-0.16308588,-0.030719073,2.7919681,2.6170938,0.64383411,0.15,1.6422845,0.5,0.035768561,13.978756,2.5013771,32.30635,0.016322996,-0.18775991,-0.0041776329,0.15470394,0.81704905,6.2311751
2978,3978000.0,5.4515224,1.5209268,3.9305955,-0.24203868,1.0142788,1.1729537,0.79463263,-0.61728395,0.5,2.6643414,3.8415783,3.8898268,0.26161895,0.030564925,-0.0032245602,0.095388282,2.5050771,2.3377579,0.64337388,0.15,1.6723612,0.5,0.035742993,13.988756,2.5026555,32.30635,0.011180077,-0.21398663,0.00070136459,0.20536163,1.3295816,-2.4528691
2979,3979000.0,5.4375009,1.503046,3.9344549,-0.26344069,1.0023544,1.1523253,0.79479044,-0.61728395,0.5,2.9150907,4.0229032,4.1250778,0.59729118,0.060935679,-0.18988141,0.073603821,2.7557949,2.5942508,0.64755471,0.15,1.6722521,0.5,0.035975261,13.89844,2.4758845,32.30635,-0.00092859753,-0.20391483,0.010228813,0.2020403,2.5048189,-0.52229477
2980,3980000.0,5.416227,1.5133524,3.9028747,-0.24657044,1.0092276,1.1910766,0.75738416,-0.61728395,0.5,2.7106537,3.9729433,4.0056801,0.15333784,-0.01920038,-0.096919933,0.010348656,2.558855,2.3790244,0.65059552,0.15,1.7683223,0.5,0.036144196,13.83348,2.4872923,32.30635,-0.015104203,-0.1691425,0.0074279286,0.23880079,0.98780843,-2.4708316
2981,3981000.0,5.4746711,1.583347,3.8913241,-0.25525504,1.0559057,1.2102816,0.84226382,-0.61728395,0.5,2.9390372,4.1142299,4.1448057,0.5580759,-0.0094742328,-0.063614103,0.15381621,2.7702265,2.6020606,0.65450844,0.15,1.7751987,0.5,0.03636158,13.750778,2.4694243,32.30635,-0.0033107072,-0.1555262,0.007528124,0.21918745,-0.14341377,4.0578492
2982,3982000.0,5.4656526,1.5334826,3.9321701,-0.25921222,1.022652,1.1945736,0.78461005,-0.61728395,0.5,2.7108886,3.9618231,3.9729278,0.19791494,0.012600543,-0.18771113,-0.069089724,2.5536331,2.3782856,0.65716644,0.15,1.7035619,0.5,0.036509247,13.695161,2.5011504,32.30635,0.0010621497,-0.18292203,0.012056085,0.12850111,2.5307191,1.7996382
2983,3983000.0,5.4898787,1.5443563,3.9455224,-0.25315039,1.0299035,1.1820617,0.81932237,-0.61728395,0.5,2.4832252,3.7464076,3.8003569,-0.097088948,-0.0023082764,-0.084481966,-0.031808135,2.3190125,2.1541058,0.65501537,0.15,1.6510775,0.5,0.036389743,13.740135,2.4828523,32.30635,0.010273944,-0.17153713,-0.0054617348,0.19870634,0.71381918,-5.9173777
2984,3984000.0,5.4453799,1.5200533,3.9253265,-0.25119595,1.0136963,1.1578138,0.81427262,-0.61728395,0.5,2.5852867,3.8784121,3.86517,0.012278084,0.033285113,-0.11638052,0.019251543,2.4220861,2.2629187,0.65329918,0.15,1.6205939,0.5,0.036294399,13.77623,2.4895079,32.30635,0.0064568225,-0.15450834,0.0015846998,0.16590412,3.3750061,-0.82198
2985,3985000.0,5.4615517,1.5512386,3.9103131,-0.26922311,1.0344932,1.1891113,0.82049827,-0.61728395,0.5,2.5751382,3.8548028,3.7688624,0.10174943,0.036675632,-0.030979672,0.11562396,2.4106898,2.244056,0.64938212,0.15,1.6474072,0.5,0.036076784,13.859328,2.4660224,32.30635,-0.010534463,-0.14461844,-0.014831793,0.1554383,0.55554665,7.2654744
2986,3986000.0,5.4211881,1.5485669,3.8726213,-0.2579883,1.0327115,1.1963441,0.80619223,-0.61728395,0.5,2.6552404,3.8873726,3.8711111,0.20723754,-0.029051747,0.035746173,-0.031755251,2.4936593,2.3221444,0.6449853,0.15,1.6525228,0.5,0.035832517,13.953806,2.4927486,32.30635,-0.01330045,-0.2053677,0.0036715103,0.15530984,-0.72536443,-1.4780713
2987,3987000.0,5.4172226,1.5248664,3.8923562,-0.25695781,1.0169061,1.1793636,0.79200718,-0.61728395,0.5,2.6579951,3.9299061,3.8644547,0.1796245,-0.036562855,-0.20674654,0.060663045,2.4992571,2.329627,0.63922111,0.15,1.6595225,0.5,0.035512284,14.079635,2.4817854,32.30635,-0.0079793696,-0.22167322,0.011402156,0.22692525,-0.72245106,3.216774
2988,3988000.0,5.4483169,1.5508265,3.8974904,-0.2692153,1.0342184,1.2023369,0.80146851,-0.61728395,0.5,2.5914453,3.9210292,3.8502465,0.0030602718,0.010678778,-0.04546645,0.043001529,2.430811,2.2566808,0.63644861,0.15,1.7020444,0.5,0.035358256,14.140969,2.4793183,32.30635,-0.012722799,-0.1634798,-0.030012721,0.20183211,-3.4635077,0.076216469
2989,3989000.0,5.4219895,1.5274925,3.894497,-0.27122425,1.0186573,1.1918179,0.77889117,-0.61728395,0.5,2.8824599,4.0875803,4.1071048,0.45269457,-0.0041352532,0.1548885,0.18008166,2.7263506,2.5506241,0.64788209,0.15,1.6518888,0.5,0.035993449,13.891417,2.5294716,32.30635,-0.0079949256,-0.19715311,0.023878991,0.16930355,-3.1247619,3.1833005
2990,3990000.0,5.4403098,1.5092035,3.9311063,-0.2733614,1.0064608,1.1745895,0.77367537,-0.61728395,0.5,2.8263268,3.9923211,4.0651264,0.42153291,0.054127182,-0.10997976,0.069504095,2.6712629,2.4992879,0.64710202,0.15,1.6060393,0.5,0.035950112,13.908162,2.4932419,32.30635,0.030916518,-0.20996286,0.0026001065,0.14512102,1.195481,-3.1097664
2991,3991000.0,5.4080593,1.5223952,3.8856641,-0.24055303,1.015258,1.1878897,0.77622399,-0.61728395,0.5,3.1231426,4.2744831,4.2692434,0.82570139,0.027226752,0.031282068,0.0095921717,2.967568,2.7924006,0.64905081,0.15,1.6158791,0.5,0.036058378,13.866403,2.4996347,32.30635,0.0030370575,-0.20350936,0.02120085,0.20830482,3.2671102,7.1373116
2992,3992000.0,5.4748484,1.5211995,3.9536488,-0.27040563,1.0144607,1.1707736,0.79809584,-0.61728395,0.5,2.7660209,3.8989435,4.0001925,0.39892651,-0.0079662694,-0.20460936,0.071061631,2.6060625,2.4400444,0.65206244,0.15,1.6373967,0.5,0.036225691,13.802359,2.4705327,32.30635,-0.0079798095,-0.16009666,-0.014845068,0.15692092,1.2649975,-2.948558
2993,3993000.0,5.4469755,1.5365354,3.9104401,-0.25679784,1.0246879,1.1900769,0.79572253,-0.61728395,0.5,3.0815218,4.205818,4.2868842,0.75186308,0.0023016999,-0.017157608,0.057474936,2.9220391,2.7501707,0.64971342,0.15,1.6748724,0.5,0.03609519,13.852261,2.5039598,32.30635,-0.011796957,-0.19580676,-0.017854834,0.24395855,-3.2349105,8.1875362
2994,3994000.0,5.4320027,1.5468372,3.8851655,-0.24315523,1.031558,1.205536,0.79066611,-0.61728395,0.5,3.0060979,4.1891611,4.1752767,0.65385583,0.0053904589,-0.087196983,0.16933153,2.8476286,2.6704426,0.64876909,0.15,1.710772,0.5,0.036042727,13.872424,2.4960144,32.30635,-0.00040802881,-0.16095401,0.010629253,0.20450639,-2.1073073,1.1881425
2995,3995000.0,5.457899,1.5008216,3.9570773,-0.24167826,1.000871,1.1692393,0.76774853,-0.61728395,0.5,2.7366166,3.9625276,4.0027179,0.24460418,0.054223544,-0.1487953,0.12694141,2.5827406,2.4110673,0.6461122,0.15,1.7164771,0.5,0.035895122,13.929469,2.4746102,32.30635,0.030414678,-0.19475291,-0.022838134,0.16774798,0.25000228,-1.9823897
2996,3996000.0,5.4719726,1.5372191,3.9347535,-0.25310983,1.0251439,1.1824578,0.80739658,-0.61728395,0.5,2.7669293,3.9289263,4.0112599,0.36060165,-0.047608201,-0.33989552,-0.00074183303,2.6051068,2.4376996,0.64271659,0.15,1.7093944,0.5,0.035706477,14.003062,2.4712974,32.30635,-0.0056058789,-0.20558629,0.0082943722,0.23181164,4.4627026,-4.3017473
2997,3997000.0,5.4401319,1.5361669,3.903965,-0.2357031,1.0244422,1.1792692,0.8101492,-0.61728395,0.5,2.7167188,3.9892656,3.9796728,0.18121782,0.038957846,-0.36790402,-0.10465998,2.5543446,2.3883769,0.64405377,0.15,1.6975258,0.5,0.035780765,13.973989,2.4871613,32.30635,-0.021223648,-0.19363766,0.013494772,0.18247,4.8323029,0.35383266
2998,3998000.0,5.4724677,1.5619518,3.9105158,-0.23530433,1.0416377,1.193548,0.83140987,-0.61728395,0.5,2.5993618,3.9388065,3.8859192,-0.026640187,-0.012512341,0.23830232,-0.097141394,2.4327265,2.2670444,0.64556106,0.15,1.6877086,0.5,0.035864504,13.941361,2.4741916,32.30635,-0.027192179,-0.21694169,-0.0096813256,0.15843228,-1.1008003,-0.69382455
2999,3999000.0,5.4407261,1.5274968,3.9132294,-0.25445157,1.0186602,1.1832701,0.79077256,-0.61728395,0.5,2.680303,3.929522,3.8708272,0.2405598,0.03328755,0.11057947,0.026666527,2.5218124,2.3508472,0.64884461,0.15,1.6999374,0.5,0.036046923,13.870809,2.481577,32.30635,-0.00052277097,-0.1769084,0.010038932,0.2235696,1.6233873,1.8672383
3000,4000000.0,5.453877,1.5436054,3.9102716,-0.24837266,1.0294027,1.1785004,0.82307279,-0.61728395,0.5,2.9246722,4.1268991,4.0599469,0.5871704,0.041277271,0.15181386,-0.059201712,2.7597078,2.5965444,0.64792013,0.15,1.6710575,0.5,0.035995563,13.890601,2.4779504,32.30635,0.040072013,-0.1839187,-0.0047464464,0.1852056,-2.2485685,5.3257315
3001,4001000.0,5.4274706,1.5723805,3.8550902,-0.25163865,1.0485923,1.2198142,0.81154246,-0.61728395,0.5,2.9080618,4.0702477,4.1050216,0.54891609,0.018808955,0.053483116,-0.053765961,2.7454084,2.5684311,0.64602831,0.15,1.7014198,0.5,0.035890461,13.931278,2.4644712,32.30635,-0.005687663,-0.2857584,0.0094329797,0.1810689,0.75197485,1.0575918
3002,4002000.0,5.4437153,1.5401212,3.903594,-0.27117166,1.0270792,1.1887484,0.80328328,-0.61728395,0.5,2.861774,4.0257163,4.0814487,0.47815679,-0.031556368,-0.2619077,0.02323044,2.7007759,2.5307928,0.64602128,0.15,1.6909412,0.5,0.035890071,13.93143,2.489108,32.30635,-0.011610329,-0.14771178,-0.025150303,0.16667819,3.5348023,0.36634412
3003,4003000.0,5.4409721,1.5527607,3.8882114,-0.27029783,1.0355083,1.2179394,0.78287657,-0.61728395,0.5,3.010268,4.2097163,4.1242339,0.69685378,-0.011649681,0.0082602479,0.10748588,2.8533599,2.6711593,0.64392949,0.15,1.6683395,0.5,0.035773861,13.976685,2.4592463,32.30635,0.00011041474,-0.14359144,0.0044505494,0.13416245,2.1759531,0.7156118
3004,4004000.0,5.4406107,1.5084846,3.9321262,-0.25716857,1.0059813,1.1638529,0.78744468,-0.61728395,0.5,2.8323083,4.0595344,4.0785011,0.35888952,-0.04942774,-0.019592139,-0.11091232,2.6744848,2.5082589,0.64442841,0.15,1.7458972,0.5,0.035801579,13.965865,2.4675807,32.30635,-0.025160761,-0.20522765,-0.0045492562,0.13610595,-3.2649079,2.0411956
3005,4005000.0,5.4389351,1.5274407,3.9114944,-0.25674652,1.0186228,1.1695121,0.8097956,-0.61728395,0.5,2.5309216,3.7779982,3.8155548,-0.00078820761,-0.016524198,-0.10988966,-0.027163382,2.3686183,2.2052964,0.64254069,0.15,1.7766431,0.5,0.035696705,14.006895,2.489043,32.30635,0.03027875,-0.17339516,0.0041263689,0.18942984,-2.3002458,0.81131372
3006,4006000.0,5.473258,1.5449332,3.9283248,-0.27871343,1.0302883,1.1674344,0.84056193,-0.61728395,0.5,2.7995792,3.9721623,4.0580093,0.36856589,0.051497724,0.10357358,-0.042086656,2.6311095,2.4745325,0.63942859,0.15,1.7173222,0.5,0.035523811,14.075067,2.4820302,32.30635,-0.027907491,-0.16464211,-0.018194531,0.1129041,-0.61249948,4.2112799
3007,4007000.0,5.4155341,1.5419478,3.8735863,-0.26061709,1.0282974,1.1985507,0.7925773,-0.61728395,0.5,2.973555,4.1538405,4.1427187,0.62410585,0.010261802,0.017962682,-0.09116486,2.8147027,2.6398446,0.6503785,0.15,1.7397407,0.5,0.036132139,13.838096,2.5026863,32.30635,-0.012654242,-0.18930326,0.012464948,0.18240436,1.9521331,4.4377629
3008,4008000.0,5.4785079,1.5569939,3.9215139,-0.24837552,1.0383313,1.2012009,0.81287657,-0.61728395,0.5,2.6078522,3.851947,3.8947391,0.076870412,0.038716747,0.13645532,0.0079550917,2.4449314,2.2734039,0.64941706,0.15,1.7393727,0.5,0.036078726,13.858583,2.477017,32.30635,-0.0088767386,-0.17724573,-0.016431421,0.15070488,0.67820804,3.7886291
3009,4009000.0,5.4300442,1.5396808,3.8903634,-0.2604909,1.0267855,1.1857626,0.80672917,-0.61728395,0.5,2.8004275,4.0736112,3.9973058,0.33036557,-0.02819502,0.15861048,-0.012013708,2.6387388,2.4702777,0.64870083,0.15,1.6718159,0.5,0.036038935,13.873884,2.4746873,32.30635,-0.033307232,-0.17314309,-0.0071961296,0.18294077,-2.0148321,7.3099028
3010,4010000.0,5.4541439,1.5297582,3.9243857,-0.24381761,1.0201683,1.1740783,0.80714593,-0.61728395,0.5,2.6774189,3.9936457,3.9589764,0.07963446,0.058115285,-0.14192158,0.063217334,2.5156467,2.3505223,0.65166915,0.15,1.6847492,0.5,0.036203842,13.810689,2.4822478,32.30635,-0.0075635435,-0.19803694,-0.0011519845,0.19500219,1.8302327,-3.3090758
3011,4011000.0,5.4455456,1.5476919,3.8978536,-0.26693591,1.032128,1.1995922,0.80028559,-0.61728395,0.5,3.1046582,4.2014395,4.2729369,0.83959814,0.025646314,-0.0081255857,-0.098665771,2.9442609,2.7706578,0.64470399,0.15,1.6935873,0.5,0.035816888,13.959895,2.4843288,32.30635,-0.024320725,-0.20796622,0.015921692,0.17965177,0.9617632,1.6530599
3012,4012000.0,5.4229036,1.5075643,3.9153393,-0.25393249,1.0053676,1.1843388,0.75751921,-0.61728395,0.5,2.8855809,4.0562589,4.0889799,0.51150396,-0.020039563,-0.28505956,0.025271321,2.7337551,2.5558276,0.6404516,0.15,1.7689907,0.5,0.035580644,14.052584,2.478102,32.30635,0.029524704,-0.13970627,0.0061085851,0.15589079,2.2505592,4.4859966
3013,4013000.0,5.4588531,1.539572,3.919281,-0.25408066,1.026713,1.1854734,0.80695756,-0.61728395,0.5,2.7724104,3.9692604,4.056653,0.29131778,0.036139607,-0.098529326,-0.11403379,2.6106759,2.4423411,0.6368058,0.15,1.7224224,0.5,0.0353781,14.133037,2.4973668,32.30635,0.015311967,-0.17585843,0.018166273,0.12261855,1.3965182,3.6516667
3014,4014000.0,5.4584383,1.563758,3.8946803,-0.25722643,1.0428422,1.2105739,0.81063635,-0.61728395,0.5,2.5717004,3.8283958,3.8635599,0.023145658,-0.0011631527,0.095597191,0.0035127671,2.4092287,2.2346425,0.63496839,0.15,1.7345247,0.5,0.035276021,14.173934,2.4709085,32.30635,-0.018037444,-0.19424418,-0.015970973,0.2200301,-1.7181631,-3.1933269
3015,4015000.0,5.4505499,1.5146185,3.9359314,-0.24870814,1.0100719,1.1697434,0.78903801,-0.61728395,0.5,2.6492094,3.8675479,3.8915539,0.18852632,-0.00037179103,0.022642531,0.071504622,2.4910664,2.3235198,0.63558007,0.15,1.6652886,0.5,0.035310004,14.160293,2.4839384,32.30635,-0.016859504,-0.18454083,0.022152017,0.20094104,-3.3630621,-3.4102231
3016,4016000.0,5.426172,1.5319581,3.8942139,-0.25688552,1.0216354,1.2095405,0.76138849,-0.61728395,0.5,2.8027548,4.0718603,3.9777112,0.35869302,-0.096069638,0.0036334986,-0.029389623,2.6501535,2.4659846,0.6420621,0.15,1.6276915,0.5,0.035670116,14.017336,2.4678158,32.30635,-0.022538856,-0.16851452,-0.0030879396,0.21537102,0.86289656,4.5285024
3017,4017000.0,5.446509,1.5396649,3.9068441,-0.25928705,1.0267749,1.1941328,0.79507597,-0.61728395,0.5,2.853178,4.0308475,4.0104891,0.51819757,-0.017327793,0.015479697,-0.041561991,2.693825,2.5206977,0.6475174,0.15,1.6118028,0.5,0.035973189,13.89924,2.4794587,32.30635,-0.026654675,-0.15829708,0.016374577,0.19738298,-3.2799275,6.8737998
3018,4018000.0,5.4665057,1.5654023,3.9011034,-0.2600403,1.0439387,1.2241029,0.79446267,-0.61728395,0.5,2.7589218,3.9144698,4.0156407,0.34665483,-0.048177431,0.00034363744,-0.015402908,2.5996916,2.418097,0.65499567,0.15,1.6359372,0.5,0.036388648,13.740549,2.4834513,32.30635,0.0070302024,-0.21792191,0.011401453,0.18575358,0.75989567,-4.7713554
3019,4019000.0,5.4492334,1.5530229,3.8962106,-0.27386148,1.0356831,1.1960512,0.81370122,-0.61728395,0.5,2.7875998,4.0136516,3.9726923,0.37645537,-0.056852931,-0.0079144506,-0.068781511,2.6245137,2.4545853,0.66094401,0.15,1.631739,0.5,0.036719112,13.616887,2.4813278,32.30635,-0.00052087142,-0.13243298,-0.025782813,0.18625648,0.51638719,0.7582456
3020,4020000.0,5.500195,1.5344118,3.9657832,-0.2404369,1.0232717,1.1751837,0.81302737,-0.61728395,0.5,3.0070617,4.1477897,4.1423178,0.73107776,-0.015979771,0.21944205,-0.051491714,2.8441107,2.6798574,0.65806466,0.15,1.6771772,0.5,0.036559148,13.676468,2.5015305,32.30635,-0.0027107421,-0.1783704,0.011672321,0.20451495,-0.40943003,4.515513
3021,4021000.0,5.4121941,1.5079041,3.90429,-0.26241632,1.0055942,1.168359,0.7802597,-0.61728395,0.5,2.6573819,3.8453089,3.8965511,0.23028559,0.011519415,0.00061426632,0.093612399,2.5009983,2.3320777,0.64854489,0.15,1.6552273,0.5,0.036030272,13.87722,2.4791028,32.30635,0.038338049,-0.17934932,0.020980998,0.17031014,1.3684496,-1.631173
3022,4022000.0,5.4416894,1.5249607,3.9167287,-0.25551235,1.016969,1.1703714,0.80464925,-0.61728395,0.5,2.8156175,4.0512472,4.0486217,0.34698363,0.035780748,-0.13836174,0.078440175,2.6543457,2.489753,0.64233938,0.15,1.7056119,0.5,0.035685521,14.011285,2.4650139,32.30635,0.0089697116,-0.1402462,0.020893217,0.16835119,3.5186214,1.8859704
3023,4023000.0,5.4476872,1.4993258,3.9483615,-0.23456166,0.99987347,1.1654212,0.7706684,-0.61728395,0.5,2.6585273,3.936738,3.8747061,0.16413781,0.0091935067,-0.10506996,-0.052288128,2.5040661,2.3340411,0.63634757,0.15,1.6939838,0.5,0.035352643,14.143214,2.4719551,32.30635,-0.016889739,-0.21171266,-0.0161976,0.18249116,2.6780398,-2.7824848
3024,4024000.0,5.4286263,1.4946378,3.9339885,-0.2448124,0.99674713,1.1616484,0.76843773,-0.61728395,0.5,2.7022196,3.9355101,3.9666929,0.20445574,-0.021461304,-0.12625062,0.02086938,2.5482054,2.3787838,0.63639826,0.15,1.6848188,0.5,0.035355459,14.142088,2.5041647,32.30635,-0.0058214423,-0.22883162,0.022357428,0.1795667,-3.8687951,1.0723365
3025,4025000.0,5.4533423,1.5408375,3.9125048,-0.2668245,1.0275569,1.1794849,0.81729368,-0.61728395,0.5,2.7703694,3.9342076,4.0284947,0.34840587,0.02583406,-0.27737454,0.07745002,2.6065633,2.4419675,0.64017886,0.15,1.701474,0.5,0.035565492,14.058571,2.48442,32.30635,-0.057800537,-0.16776342,-0.0097845107,0.19572718,-4.3751211,2.9812539
3026,4026000.0,5.4558821,1.5518845,3.9039976,-0.26310013,1.0349239,1.1964555,0.8113251,-0.61728395,0.5,2.4826704,3.7998373,3.8037906,-0.15561689,-0.0447359,-0.079500243,0.0058179118,2.3200605,2.1495434,0.64751451,0.15,1.6969158,0.5,0.035973028,13.899303,2.4740074,32.30635,-0.0064612683,-0.16216792,0.03140036,0.224696,-0.59893264,-0.5304555
3027,4027000.0,5.4356309,1.541504,3.8941268,-0.25889096,1.0280014,1.1949442,0.7968801,-0.61728395,0.5,2.7977727,3.9632364,4.0285378,0.40154371,0.026247457,0.21492014,0.035957075,2.638058,2.4650665,0.65671706,0.15,1.7125907,0.5,0.036484281,13.704532,2.4741741,32.30635,0.0035159762,-0.21131072,0.0051067502,0.1639851,-1.6326361,-5.1325006
3028,4028000.0,5.4486489,1.5143443,3.9343046,-0.25305596,1.0098891,1.1659131,0.79392206,-0.61728395,0.5,2.6543482,3.8934531,3.8979332,0.17165851,0.0020835675,0.19631764,0.043816035,2.4952264,2.3297251,0.65976537,0.15,1.7426568,0.5,0.036653632,13.641213,2.4932441,32.30635,0.0051255907,-0.17649432,-0.053979358,0.26076584,0.61121652,-4.614535
3029,4029000.0,5.3864085,1.5039514,3.8824572,-0.26899002,1.0029582,1.189284,0.74489084,-0.61728395,0.5,2.6551409,3.886947,3.9031609,0.17531474,-0.035849664,-0.080793347,-0.031453225,2.5058461,2.3240106,0.65867008,0.15,1.704385,0.5,0.036592782,13.663897,2.4688998,32.30635,-0.020542724,-0.25924893,-0.0052108606,0.17652175,1.5337202,0.42880677
3030,4030000.0,5.4235878,1.5442402,3.8793475,-0.26136194,1.0298261,1.2029025,0.79018545,-0.61728395,0.5,2.8047191,4.0384952,4.0646587,0.31100335,-0.031854818,0.12944123,0.07866768,2.6463462,2.4697971,0.65869988,0.15,1.7702409,0.5,0.036594438,13.663279,2.489217,32.30635,-0.0049512533,-0.21870741,-2.3098836e-05,0.16738916,-0.80150672,1.6977616
3031,4031000.0,5.4400668,1.5500769,3.8899899,-0.25633119,1.0337185,1.2032565,0.79899643,-0.61728395,0.5,2.7925647,4.0264633,3.9713521,0.3798788,-0.016814373,-0.35411354,0.054180703,2.6324259,2.4575441,0.64956187,0.15,1.7081972,0.5,0.03608677,13.855493,2.4717416,32.30635,-0.022147124,-0.19468748,0.0070255634,0.16027336,2.4905772,2.7237252
3032,4032000.0,5.4246811,1.519419,3.9052621,-0.2697987,1.0132733,1.1700987,0.79619556,-0.61728395,0.5,2.5757276,3.8848472,3.814347,0.02798861,0.023777435,-0.15482937,0.013727631,2.4161501,2.2499391,0.63996124,0.15,1.6731083,0.5,0.035553402,14.063352,2.5048861,32.30635,0.0083762667,-0.1380919,0.023925024,0.21213038,0.66028904,1.9306976
3033,4033000.0,5.4376026,1.5257929,3.9118097,-0.25494352,1.0175239,1.1900608,0.7786233,-0.61728395,0.5,2.7585247,4.0060353,4.0066943,0.26284443,-0.024282504,0.03661291,-0.0089259553,2.6024691,2.4271782,0.63378826,0.15,1.6683542,0.5,0.035210459,14.200326,2.4722518,32.30635,0.017490302,-0.19715709,-0.025892985,0.16140807,1.0154462,2.0394666
3034,4034000.0,5.4364291,1.5108989,3.9255302,-0.25185088,1.0075914,1.1470359,0.81465464,-0.61728395,0.5,2.8328381,4.0384338,4.0375171,0.42256336,0.084132676,0.11440438,-0.015162496,2.6695609,2.5134709,0.630908,0.15,1.6714529,0.5,0.035050444,14.265154,2.4767902,32.30635,-0.0010634087,-0.20717966,-0.0050372202,0.19689284,2.295239,-0.91168347
3035,4035000.0,5.400839,1.5071326,3.8937065,-0.24229588,1.0050797,1.1849121,0.75603456,-0.61728395,0.5,2.8243411,3.9957984,4.072847,0.4043779,0.05234566,-0.089807074,-0.043945292,2.6728129,2.4944281,0.63047365,0.15,1.6865969,0.5,0.035026314,14.274982,2.4798562,32.30635,0.019656695,-0.17701299,-0.019209497,0.19549599,3.4751052,4.9598201
3036,4036000.0,5.4326787,1.5309065,3.9017722,-0.26290444,1.0209341,1.1653948,0.8210393,-0.61728395,0.5,2.4290014,3.7914351,3.7283983,-0.23282915,-0.021514262,-0.055668556,-0.043048871,2.2644446,2.1045226,0.63523634,0.15,1.6473701,0.5,0.035290908,14.167955,2.4800086,32.30635,0.010759243,-0.15104922,-0.028093452,0.2077232,-4.5162333,-2.5877235
3037,4037000.0,5.4039945,1.5033525,3.900642,-0.2532808,1.0025589,1.1576196,0.78792433,-0.61728395,0.5,2.8188783,4.0348512,4.0499842,0.37179945,0.041517708,0.3397514,-0.12315094,2.6609586,2.4965643,0.64345622,0.15,1.6911379,0.5,0.035747568,13.986965,2.4765968,32.30635,-0.00087819726,-0.13840782,-0.016306189,0.14456658,-5.2125542,3.464016
3038,4038000.0,5.4764616,1.5777888,3.8986728,-0.26950836,1.0521991,1.2224226,0.81653892,-0.61728395,0.5,2.8160533,3.9697328,4.064323,0.41410417,0.011126339,-0.15444714,-0.068348686,2.6523985,2.4756964,0.65061965,0.15,1.709512,0.5,0.036145536,13.832967,2.4700623,32.30635,-0.0072487566,-0.15780023,-0.0016899544,0.13419768,4.4013092,1.4434561
3039,4039000.0,5.4580481,1.5756677,3.8823804,-0.25049626,1.0507845,1.2212719,0.81475673,-0.61728395,0.5,3.0754354,4.2986853,4.1970377,0.73058303,0.0065536655,0.1560384,0.014002373,2.9121377,2.7353988,0.66188831,0.15,1.7147261,0.5,0.036771573,13.59746,2.5015849,32.30635,-0.0081064538,-0.14149672,0.0094654471,0.13225218,-0.48763321,5.1002886
3040,4040000.0,5.4476892,1.5426959,3.9049934,-0.25687797,1.0287962,1.2038791,0.78636731,-0.61728395,0.5,2.8429079,4.1060106,4.0417251,0.38098799,0.032371374,0.19316792,-0.0088229271,2.6853003,2.507714,0.66328866,0.15,1.6794594,0.5,0.03684937,13.568753,2.4722316,32.30635,0.012383375,-0.27287234,-0.020773592,0.17694454,-3.8543373,5.7896891
3041,4041000.0,5.4575317,1.5618546,3.8956772,-0.26514476,1.0415728,1.2154465,0.80083367,-0.61728395,0.5,2.7243411,3.9814165,3.9762841,0.2153227,0.01392441,-0.15345404,-0.045720271,2.563834,2.3859265,0.65510202,0.15,1.701311,0.5,0.036394557,13.738318,2.4744674,32.30635,0.01301163,-0.17180943,0.0047141214,0.14075401,-2.2637595,3.2730281
3042,4042000.0,5.4593162,1.5587487,3.9005675,-0.24510188,1.0395016,1.2071963,0.80734453,-0.61728395,0.5,3.174718,4.3117771,4.2993369,0.91303988,-0.05380067,-0.47989014,-0.058491694,3.0129059,2.8386004,0.64392738,0.15,1.6972897,0.5,0.035773743,13.976731,2.472331,32.30635,0.015194061,-0.22989442,-0.0058413669,0.19219183,3.9958771,-1.0500984
3043,4043000.0,5.5128523,1.5237103,3.989142,-0.24883442,1.0161351,1.1842484,0.78337857,-0.61728395,0.5,2.6005159,3.805071,3.8709376,0.12553913,-0.046775237,-0.41879921,0.047134288,2.4435073,2.2707877,0.63953783,0.15,1.6857272,0.5,0.03552988,14.072662,2.4806771,32.30635,0.017727293,-0.1729326,-0.014853459,0.18420386,6.049618,-1.707879
3044,4044000.0,5.5029542,1.5464079,3.9565463,-0.23741988,1.0312717,1.2149141,0.77695392,-0.61728395,0.5,2.8191711,4.0418645,4.0184347,0.39721414,-0.014658164,-0.10833128,0.036923502,2.6634501,2.4809047,0.63748409,0.15,1.6790238,0.5,0.035415783,14.117999,2.4771202,32.30635,0.021180403,-0.185677,-0.010226951,0.16760272,6.0373281,-0.28419872
3045,4045000.0,5.4806428,1.5557209,3.9249219,-0.2641468,1.0374824,1.2294119,0.77165711,-0.61728395,0.5,2.6231452,3.8746775,3.9025139,0.09224429,-0.020300498,0.17850004,-0.18679844,2.4684859,2.2808423,0.63976172,0.15,1.6355386,0.5,0.035542318,14.067738,2.4764673,32.30635,-0.011097308,-0.17806347,-0.008680234,0.12674644,1.7594077,0.96508483
3046,4046000.0,5.5170081,1.5508407,3.9661675,-0.25271138,1.0342278,1.2044908,0.79849895,-0.61728395,0.5,2.5000311,3.7328846,3.8496299,-0.082421201,-0.014925264,0.12341525,0.024605184,2.3399919,2.1646668,0.64103701,0.15,1.6488266,0.5,0.035613167,14.039751,2.4873828,32.30635,0.040527903,-0.19746133,-0.0078939331,0.18371876,0.16400254,1.9799753
3047,4047000.0,5.4831249,1.5702695,3.9128553,-0.23294995,1.0471846,1.2207393,0.80689287,-0.61728395,0.5,2.6536089,3.9564778,3.8691701,0.13517888,0.023028383,-0.20869472,-0.098435939,2.4918874,2.3137206,0.64900551,0.15,1.6903641,0.5,0.036055861,13.867371,2.5113088,32.30635,-0.0052822903,-0.23685281,0.020151367,0.18307063,-2.9582723,-0.64406101
3048,4048000.0,5.4801243,1.5649948,3.9151295,-0.2523,1.043667,1.2304046,0.78505894,-0.61728395,0.5,2.9274341,4.0714888,4.1634943,0.547319,-0.033857803,-0.15583541,0.0023197126,2.7700886,2.5848547,0.65000687,0.15,1.7058873,0.5,0.036111493,13.846008,2.4936781,32.30635,-0.0046420349,-0.17985372,0.019946824,0.22758722,0.40228107,3.7389236
3049,4049000.0,5.5112454,1.5721385,3.9391069,-0.27208981,1.048431,1.2130306,0.8205806,-0.61728395,0.5,2.7617022,3.9594793,4.0191883,0.30643915,0.075216477,0.18521375,-0.084261063,2.5972374,2.4239603,0.65086119,0.15,1.7365127,0.5,0.036158955,13.827833,2.4815372,32.30635,-0.0058725438,-0.14697233,0.0022717812,0.1538343,-4.0865246,0.10307639
3050,4050000.0,5.5090011,1.6085767,3.9004244,-0.28342134,1.072731,1.2504319,0.82669913,-0.61728395,0.5,2.7234055,3.9434296,3.9769358,0.24985107,-0.023825914,-0.041280972,0.074749691,2.5577143,2.3752499,0.65018051,0.15,1.7061188,0.5,0.036121139,13.84231,2.4684284,32.30635,-0.0018003303,-0.15167646,0.039282757,0.17351308,1.2591819,-6.9912798
3051,4051000.0,5.5065612,1.5919613,3.9146,-0.26725567,1.0616504,1.2221858,0.83945624,-0.61728395,0.5,2.8613428,4.0132532,4.0167444,0.55403091,0.047629471,0.15117797,-0.024347719,2.6930948,2.5210518,0.65429863,0.15,1.7015524,0.5,0.036349924,13.755187,2.4711081,32.30635,0.0036055322,-0.23804732,-0.0014846929,0.21617295,4.0720627,1.6132029
3052,4052000.0,5.4767792,1.546914,3.9298652,-0.23872381,1.0316092,1.2223689,0.76740444,-0.61728395,0.5,2.8638674,4.108038,4.0650856,0.41847863,0.040075417,0.19410617,0.045383821,2.7100604,2.5235254,0.65566026,0.15,1.69705,0.5,0.03642557,13.726621,2.5140004,32.30635,-0.0080928425,-0.20083265,0.004970124,0.14597471,4.1067317,6.5253259
3053,4053000.0,5.5084071,1.5933832,3.9150239,-0.25642816,1.0625987,1.2475399,0.80650091,-0.61728395,0.5,2.6798302,3.8422696,3.9546118,0.24260913,0.0031214261,-0.16106819,0.070985394,2.5181872,2.3324798,0.65474434,0.15,1.6604098,0.5,0.036374686,13.745823,2.4779162,32.30635,0.024260944,-0.16973908,-0.0036855083,0.17464555,2.2534512,2.0523848
3054,4054000.0,5.5284104,1.5745156,3.9538948,-0.24273699,1.0500162,1.2131589,0.82419099,-0.61728395,0.5,2.5486335,3.7103677,3.8703291,0.065203757,-0.0067838281,-0.14620131,-0.018748805,2.383445,2.2108558,0.65314384,0.15,1.6976871,0.5,0.036285769,13.779507,2.5066361,32.30635,-0.0036293338,-0.25913168,-0.00069684857,0.16564932,-3.127925,-7.5939049
3055,4055000.0,5.5038228,1.5558519,3.9479709,-0.25965655,1.0375697,1.2112224,0.79713451,-0.61728395,0.5,2.7273535,3.9757539,3.9450001,0.26130649,0.018574539,-0.0051841563,0.013323057,2.5675878,2.390115,0.6485538,0.15,1.7463954,0.5,0.036030767,13.877029,2.4785343,32.30635,-0.0091579225,-0.18977343,-0.01450847,0.17855122,-4.5455025,7.0260477
3056,4056000.0,5.4932763,1.5791446,3.9141316,-0.25183136,1.0531032,1.2359227,0.79994561,-0.61728395,0.5,2.8683556,4.0700764,4.0046724,0.53031789,-0.0037800101,-0.049475148,-0.0091570696,2.7080265,2.5242398,0.6452661,0.15,1.7452709,0.5,0.035848117,13.947734,2.488685,32.30635,0.0070050827,-0.21656111,-0.0026153955,0.17174042,-3.9734387,5.8532809
3057,4057000.0,5.5194764,1.5495571,3.9699194,-0.24214983,1.0333718,1.2280397,0.76373937,-0.61728395,0.5,2.628625,3.8706837,3.90818,0.10701139,-0.052068178,-0.018903407,-0.063446045,2.4755526,2.2867041,0.63942005,0.15,1.7273765,0.5,0.035523336,14.075255,2.4780594,32.30635,-0.0016394026,-0.21544782,0.0050135396,0.13982691,1.8412441,-0.4868138
3058,4058000.0,5.4870918,1.5796917,3.9074001,-0.24947605,1.0534681,1.2213486,0.82106378,-0.61728395,0.5,2.6283311,3.8691658,3.8919258,0.12390165,-0.016084435,-0.19091527,0.025611806,2.4637694,2.2882732,0.63984905,0.15,1.7112559,0.5,0.03554717,14.065817,2.4832895,32.30635,-0.03021073,-0.19978376,-0.019856767,0.18280434,5.7418703,1.5921677
3059,4059000.0,5.4942601,1.5408589,3.9534012,-0.25780344,1.0275711,1.194879,0.7959423,-0.61728395,0.5,2.4158175,3.6955917,3.7609133,-0.20905253,0.011712808,-0.10638831,-0.035991147,2.2562908,2.0831294,0.63571854,0.15,1.6972426,0.5,0.035317697,14.157209,2.4954563,32.30635,0.035909852,-0.24478325,-0.0020679248,0.14795143,4.3628883,-0.033391015
3060,4060000.0,5.5472326,1.5844926,3.96274,-0.23740084,1.0566697,1.2343844,0.8106064,-0.61728395,0.5,2.6433746,3.876924,3.8672782,0.18592153,-0.060165468,-0.082007574,-0.013000633,2.4809088,2.2996871,0.63851242,0.15,1.6986769,0.5,0.035472912,14.095262,2.4823882,32.30635,0.0078896972,-0.099477274,-0.01851184,0.20473589,0.60604843,2.6518397
3061,4061000.0,5.5222968,1.5843236,3.9379731,-0.23687842,1.056557,1.2495872,0.78921737,-0.61728395,0.5,3.12626,4.3097611,4.2865387,0.78248016,0.014460871,-0.14632343,-0.024813096,2.9680811,2.7783396,0.64131327,0.15,1.6698424,0.5,0.035628515,14.033703,2.4873449,32.30635,-0.0024596303,-0.1752933,-0.019028726,0.21534582,0.04026481,3.1146904
3062,4062000.0,5.5221883,1.5892572,3.932931,-0.26484267,1.0598471,1.2337331,0.81910509,-0.61728395,0.5,2.5385724,3.7830672,3.811907,0.020742934,-0.0080592324,-0.13436686,0.05061511,2.3744032,2.1950662,0.64590874,0.15,1.6422577,0.5,0.035883819,13.933857,2.4983413,32.30635,-0.042117026,-0.24100157,0.00072567183,0.20414683,-3.3865348,-2.3363506
3063,4063000.0,5.5441894,1.593342,3.9508474,-0.24996047,1.0625712,1.2422588,0.81377168,-0.61728395,0.5,2.8348597,4.0065322,4.0310024,0.46704436,-0.032472311,0.1287488,0.060875287,2.6717595,2.4889797,0.64381277,0.15,1.6634952,0.5,0.035767376,13.979219,2.4630145,32.30635,-0.025279345,-0.1266702,0.013415443,0.21414618,-4.3329603,-0.37064096
3064,4064000.0,5.52089,1.5696468,3.9512432,-0.25826926,1.0467693,1.2260992,0.79845445,-0.61728395,0.5,2.8323517,4.0473255,4.054784,0.39494573,0.060043337,-0.23945632,0.012583085,2.6723215,2.4909711,0.6407605,0.15,1.6936583,0.5,0.035597806,14.04581,2.5107859,32.30635,-0.0017929428,-0.17480735,-0.0016251022,0.17040818,3.8383102,-2.4075899
3065,4065000.0,5.4652559,1.5339123,3.9313436,-0.26536871,1.0229386,1.1867449,0.79617063,-0.61728395,0.5,2.7025447,3.9586469,3.8601846,0.28880268,-0.0028331992,-0.19997928,-0.060192267,2.5429722,2.3721214,0.64002826,0.15,1.6900601,0.5,0.035557125,14.061879,2.4779689,32.30635,-0.00078468525,-0.1528034,-0.011185997,0.23009169,6.6453958,-0.51749117
3066,4066000.0,5.4867012,1.569378,3.9173233,-0.25090102,1.04659,1.2167012,0.81108165,-0.61728395,0.5,2.9295647,4.1436319,4.0956088,0.54945354,-0.010658203,0.2175773,-0.029495229,2.7670037,2.5908008,0.63593812,0.15,1.7149653,0.5,0.035329896,14.15232,2.4557591,32.30635,-0.0084864271,-0.2333523,0.03744433,0.19752159,1.7806933,3.1578465
3067,4067000.0,5.4804171,1.5536746,3.9267425,-0.25061976,1.0361177,1.1864253,0.82811221,-0.61728395,0.5,2.5932983,3.9154168,3.7969414,0.06753667,-0.020453224,-0.1345361,0.067641209,2.4273239,2.262964,0.63646586,0.15,1.6942506,0.5,0.035359214,14.140586,2.4950223,32.30635,-0.021901451,-0.22016895,0.016031097,0.20344555,-0.2271168,-5.5416022
3068,4068000.0,5.4958844,1.570988,3.9248964,-0.2348682,1.0476637,1.2139021,0.81753615,-0.61728395,0.5,2.7935511,4.0025559,4.0027708,0.37532662,0.038501696,-0.22697692,-0.016394951,2.6296964,2.4555665,0.63887306,0.15,1.6924074,0.5,0.035492948,14.087306,2.4777421,32.30635,0.0073157649,-0.19945575,-0.0035135896,0.18785827,-3.0503119,-5.7971818
3069,4069000.0,5.4413789,1.5373103,3.9040687,-0.26430006,1.0252046,1.1834874,0.80611159,-0.61728395,0.5,2.7544431,4.0371763,3.9435784,0.28257473,0.002594074,-0.20254766,-0.051380947,2.5928782,2.4249268,0.64631273,0.15,1.6711923,0.5,0.035906263,13.925147,2.4678573,32.30635,-0.015019587,-0.17144207,0.01964253,0.20122538,-0.082434841,2.1074383
3070,4070000.0,5.4484411,1.5206513,3.9277898,-0.2533731,1.0140951,1.182594,0.78080124,-0.61728395,0.5,2.7008594,3.9666114,3.9042648,0.23170206,0.022765655,0.091709288,0.065973429,2.5443674,2.3715919,0.65442452,0.15,1.655742,0.5,0.036356918,13.752541,2.4929096,32.30635,0.0052238791,-0.16089475,-0.0087584258,0.20260125,-1.128909,-1.9646264
3071,4071000.0,5.4374686,1.5117619,3.9257067,-0.25855463,1.0081669,1.1676643,0.78737341,-0.61728395,0.5,2.7965178,3.9698408,4.0429271,0.37678545,0.0060847725,0.066867807,0.087164287,2.6387085,2.4714071,0.65561063,0.15,1.6958945,0.5,0.036422813,13.72766,2.4631834,32.30635,0.023589491,-0.16725283,-0.005244734,0.17474111,-0.98799041,-0.76395279
3072,4072000.0,5.4403368,1.5273821,3.9129548,-0.27524269,1.0185837,1.1761632,0.80046254,-0.61728395,0.5,2.6723383,3.8178598,3.978652,0.22050323,-0.048848476,-0.059069246,0.028469306,2.5119056,2.3448613,0.65981873,0.15,1.7260417,0.5,0.036656596,13.64011,2.4728893,32.30635,0.0015962546,-0.1502396,-0.034368395,0.17711259,-1.0346154,0.61994191
3073,4073000.0,5.4541989,1.5724882,3.8817107,-0.25957963,1.0486642,1.2039895,0.83369767,-0.61728395,0.5,2.4939923,3.7472527,3.7538467,-0.019122463,0.045025654,0.063945886,-0.035569926,2.3268985,2.1587676,0.66147098,0.15,1.7541719,0.5,0.036748388,13.606039,2.4871373,32.30635,-0.029045575,-0.14852708,-0.008781879,0.18826947,-4.4176542,2.8963364
3074,4074000.0,5.4381361,1.5181972,3.9199388,-0.2551027,1.0124585,1.1549426,0.81530295,-0.61728395,0.5,2.8178312,3.9957139,4.0533941,0.40438553,0.0063611609,-0.051290696,-0.043731062,2.6544241,2.4962625,0.65094019,0.15,1.7343365,0.5,0.036163344,13.826155,2.4812269,32.30635,0.0077394561,-0.17714981,0.0081268864,0.20535152,-2.5108121,4.851352
3075,4075000.0,5.4229557,1.5632307,3.859725,-0.26253606,1.0424905,1.2211473,0.79510744,-0.61728395,0.5,2.767264,4.0261605,3.9983301,0.2773014,-0.0062645064,0.03314277,0.077328713,2.6079046,2.4272621,0.64733935,0.15,1.7440181,0.5,0.035963297,13.903063,2.4837246,32.30635,-0.014078094,-0.17472739,-0.020279194,0.18367618,-4.0961007,-6.0341268
3076,4076000.0,5.4482427,1.5327832,3.9154595,-0.25315784,1.0221857,1.2125599,0.75850915,-0.61728395,0.5,2.8074106,3.9487878,4.0189774,0.45446646,-0.057612504,0.015410689,-0.10171557,2.6553864,2.4697997,0.64640545,0.15,1.7378371,0.5,0.035911414,13.92315,2.4894559,32.30635,-0.0071972425,-0.17722793,-0.014109026,0.15901982,2.9661889,-1.3195687
3077,4077000.0,5.4958587,1.5251451,3.9707136,-0.23884374,1.0170919,1.1790734,0.79285445,-0.61728395,0.5,2.5704379,3.8577102,3.8463038,0.0072997913,0.0084193118,-0.23891213,0.16059161,2.4115301,2.2421506,0.64902638,0.15,1.751228,0.5,0.036057021,13.866925,2.5121273,32.30635,-0.0020407202,-0.1770798,-0.026400665,0.16121674,3.8276232,-2.1438128
3078,4078000.0,5.4564025,1.5367356,3.9196669,-0.26358456,1.0248214,1.2035351,0.77734562,-0.61728395,0.5,2.4596606,3.7390913,3.8312371,-0.1913464,0.012171826,-0.099818226,0.12089176,2.3038612,2.1245625,0.65199921,0.15,1.6851109,0.5,0.036222178,13.803698,2.4849259,32.30635,0.011433255,-0.18201301,-0.0025648387,0.14846306,-2.1698197,0.62096611
3079,4079000.0,5.4847758,1.5296043,3.9551715,-0.25190365,1.0200657,1.1816012,0.79644999,-0.61728395,0.5,2.9320521,4.1316115,4.1050086,0.55953629,0.011206649,0.15819519,0.0057476805,2.7724236,2.603061,0.65621911,0.15,1.6836473,0.5,0.036456617,13.714931,2.4861736,32.30635,-0.0079642808,-0.13353195,0.0043766,0.1975439,-3.5552008,7.397086
3080,4080000.0,5.4457507,1.5355915,3.9101592,-0.26711156,1.0240584,1.1965766,0.78518885,-0.61728395,0.5,2.9859927,4.1510751,4.1134382,0.69346488,-0.019735598,-0.30799673,-0.0020609187,2.8286212,2.652832,0.65958267,0.15,1.6902412,0.5,0.036643482,13.644992,2.4958638,32.30635,0.020812513,-0.15455944,0.029831975,0.16197136,4.0346524,4.9503398
3081,4081000.0,5.4613722,1.5414166,3.9199556,-0.24923024,1.0279431,1.1904063,0.80304463,-0.61728395,0.5,2.8329049,4.0662073,4.0257327,0.4067746,-0.049835243,0.034113979,0.11369845,2.6719546,2.5014621,0.64960989,0.15,1.7178434,0.5,0.036089438,13.854469,2.4978295,32.30635,0.0031891834,-0.13424582,-0.0061302974,0.21792186,2.1468105,1.4620605
3082,4082000.0,5.4368462,1.5274009,3.9094453,-0.24982716,1.0185962,1.202428,0.76400575,-0.61728395,0.5,2.8346325,4.0074044,4.0335384,0.46295463,0.003169474,-0.44315817,0.047402024,2.6815066,2.4998426,0.64204894,0.15,1.7453869,0.5,0.035669386,14.017623,2.4664867,32.30635,-0.00037988589,-0.18567204,0.015698002,0.19296986,1.1325085,2.112038
3083,4083000.0,5.4053315,1.5203971,3.8849344,-0.25230129,1.0139255,1.1909936,0.76872741,-0.61728395,0.5,2.6621071,3.9222531,3.8853169,0.17875135,0.0037943897,-0.12122586,0.10679024,2.5080349,2.3305009,0.64205675,0.15,1.7064565,0.5,0.035669819,14.017452,2.4963743,32.30635,-0.030781613,-0.19886514,0.0048059682,0.1546754,-3.0399792,-4.1852519
3084,4084000.0,5.4475072,1.5569654,3.8905418,-0.24032667,1.0383123,1.209598,0.8011658,-0.61728395,0.5,2.8322834,3.9945429,4.0260461,0.47626105,0.0069552747,-0.18687561,-0.069688427,2.6717097,2.4954971,0.63943942,0.15,1.7373026,0.5,0.035524412,14.074828,2.4721883,32.30635,-0.012290673,-0.21280543,-0.010769959,0.14562719,1.8976926,-1.5680778
3085,4085000.0,5.4218779,1.5122381,3.9096398,-0.2748402,1.0084845,1.1483563,0.81495484,-0.61728395,0.5,2.5284242,3.7851089,3.7928416,0.0073222029,0.022518324,-0.061056824,-0.055365605,2.3650869,2.2086894,0.63918979,0.15,1.7189863,0.5,0.035510544,14.080325,2.5006353,32.30635,-0.016799494,-0.18777598,-0.0051216928,0.13941935,2.1588745,-4.298852
3086,4086000.0,5.4073042,1.5202117,3.8870926,-0.24918526,1.0138019,1.1659944,0.80316052,-0.61728395,0.5,2.811947,4.0793365,4.0256937,0.33081062,0.024657679,0.030664946,0.028189682,2.6509735,2.4873012,0.64687901,0.15,1.7618171,0.5,0.035937723,13.912957,2.4804231,32.30635,-0.0086647205,-0.18103117,0.016138555,0.17981084,0.23436175,-1.6907467
3087,4087000.0,5.413762,1.5218809,3.891881,-0.25633092,1.0149151,1.1602634,0.81378252,-0.61728395,0.5,2.5915298,3.899654,3.8312536,0.043681709,0.042576919,-0.035440674,0.051799697,2.4284274,2.2684797,0.65259916,0.15,1.7367364,0.5,0.036255509,13.791008,2.481119,32.30635,-0.0082205602,-0.18410587,-0.024336016,0.24766922,0.0447741,2.5656755
3088,4088000.0,5.4169032,1.495281,3.9216221,-0.25844718,0.99717611,1.146227,0.79088622,-0.61728395,0.5,2.6616551,3.8969755,3.8715099,0.21647998,-0.049856497,0.0070289384,0.013781363,2.5031418,2.3425132,0.64896517,0.15,1.7493185,0.5,0.03605362,13.868233,2.4756384,32.30635,0.0022752006,-0.17628736,0.006943879,0.19976165,-2.2999037,0.62159984
3089,4089000.0,5.4092537,1.5144566,3.894797,-0.25704365,1.009964,1.170547,0.78766367,-0.61728395,0.5,2.7578978,3.9573228,4.0070365,0.30933409,-0.0068576909,-0.19767988,0.085881585,2.6000303,2.4319845,0.65121552,0.15,1.732924,0.5,0.03617864,13.820309,2.4876752,32.30635,0.014324396,-0.17734221,-0.02006746,0.20372902,1.0467327,1.7292951
3090,4090000.0,5.4376838,1.5307277,3.9069561,-0.25557158,1.0208148,1.1787612,0.80218577,-0.61728395,0.5,3.2209406,4.3451681,4.3061872,1.0114667,0.035000594,-0.20594224,0.0025700528,3.0601626,2.8927402,0.64845545,0.15,1.7216048,0.5,0.036025303,13.879134,2.4742328,32.30635,-0.010977627,-0.1978106,-0.0062894698,0.15617697,0.25902242,3.3519175
3091,4091000.0,5.4069912,1.524294,3.8826973,-0.2743516,1.0165243,1.1671539,0.80805621,-0.61728395,0.5,2.7239228,3.8872461,4.0077741,0.27674818,-0.0086769082,-0.079339311,0.015739377,2.5619681,2.3989542,0.65013829,0.15,1.7417292,0.5,0.036118794,13.843209,2.4839544,32.30635,0.0055511551,-0.22052988,-0.01635431,0.13858157,-2.863579,-1.4153521
3092,4092000.0,5.4356663,1.5241865,3.9114798,-0.25786052,1.0164527,1.1888961,0.777681,-0.61728395,0.5,2.5608458,3.8552818,3.8138381,0.013417457,0.019806158,-0.13541559,-0.095456107,2.404979,2.2298235,0.65257598,0.15,1.7310932,0.5,0.036254221,13.791497,2.4830613,32.30635,0.026732152,-0.20430885,-0.020124699,0.18948651,2.0059823,1.1036511
3093,4093000.0,5.4416379,1.5265678,3.9150701,-0.26398084,1.0180407,1.1700001,0.80772644,-0.61728395,0.5,2.5634888,3.7944572,3.875773,0.020236098,0.011879542,0.073311756,0.057849294,2.4016002,2.2377277,0.65344394,0.15,1.7165861,0.5,0.036302441,13.773178,2.4779451,32.30635,-0.0047675915,-0.19052042,-0.026979173,0.14117885,-1.6344652,-1.3187165
3094,4094000.0,5.3917416,1.5033592,3.8883824,-0.25713034,1.0025633,1.1553709,0.7910588,-0.61728395,0.5,2.5394653,3.8625539,3.8528767,-0.097034658,0.013979158,-0.096950562,0.013338507,2.3809174,2.2177774,0.659266,0.15,1.6555005,0.5,0.036625889,13.651546,2.4894655,32.30635,0.0087574338,-0.13351219,-0.010948313,0.18227664,-0.93038803,-5.1215205
3095,4095000.0,5.4128275,1.5398598,3.8729677,-0.26628408,1.0269049,1.1819474,0.81231439,-0.61728395,0.5,2.8357431,4.0216469,4.1150249,0.37055767,0.03097652,-0.074605593,-0.0059506358,2.672935,2.5066556,0.658436,0.15,1.6784599,0.5,0.036579778,13.668754,2.4824728,32.30635,-0.024951942,-0.18768477,-0.013862734,0.14058141,-2.7153008,-0.014817086
3096,4096000.0,5.4269911,1.5201298,3.9068613,-0.26273369,1.0137473,1.1869924,0.77385991,-0.61728395,0.5,2.772302,3.9955665,3.9933328,0.32800664,-0.022910179,-0.15234973,0.0024533317,2.6172011,2.4418098,0.6608622,0.15,1.6852963,0.5,0.036714567,13.618573,2.4917205,32.30635,-0.0030896463,-0.10754985,0.034108839,0.20958539,3.7947331,-1.1139691
3097,4097000.0,5.4318271,1.505518,3.926309,-0.26771253,1.004003,1.1810495,0.75882709,-0.61728395,0.5,2.7988621,3.9378216,4.0270365,0.43172814,-0.0036690307,-0.18939604,-0.042636555,2.6467741,2.4700245,0.65791423,0.15,1.7113003,0.5,0.036550791,13.679595,2.4937244,32.30635,0.0084164875,-0.13282208,-0.012931393,0.19046927,3.8894628,6.6611427
3098,4098000.0,5.4185135,1.5506907,3.8678228,-0.26396449,1.0341278,1.1880079,0.82115776,-0.61728395,0.5,2.8143853,4.0339639,4.0329361,0.37625586,0.0023646835,-0.23085396,0.047191549,2.6498048,2.4836103,0.64824197,0.15,1.6913344,0.5,0.036013443,13.883705,2.5070504,32.30635,-0.013153769,-0.15982821,0.011373972,0.15329484,2.5880192,4.6439919
3099,4099000.0,5.4374112,1.4962928,3.9411184,-0.24589096,0.99785082,1.1381559,0.80371111,-0.61728395,0.5,2.5614118,3.7890547,3.8427398,0.052440905,0.0097454272,-0.13470536,0.0061579664,2.400328,2.2445171,0.64168475,0.15,1.6981413,0.5,0.035649153,14.025579,2.4776976,32.30635,0.0055203008,-0.16338539,0.0091474956,0.2059964,5.0307786,-6.1400965
3100,4100000.0,5.4096405,1.5435321,3.8661084,-0.2600944,1.0293539,1.1757044,0.8268402,-0.61728395,0.5,2.4619555,3.7894859,3.7625024,-0.16612171,0.017287276,-0.037357195,-0.12745704,2.2962361,2.1346062,0.64182225,0.15,1.6957514,0.5,0.035656792,14.022574,2.5000514,32.30635,-0.0091884799,-0.17055456,0.021701873,0.21359637,0.2314443,-0.38529781
3101,4101000.0,5.3959866,1.5092481,3.8867385,-0.24030693,1.0064905,1.1783611,0.76850699,-0.61728395,0.5,3.1144,4.2873839,4.2555514,0.80026466,-0.024778732,-0.21654448,-0.082067603,2.960372,2.786311,0.63874646,0.15,1.7233962,0.5,0.035485915,14.090098,2.4984014,32.30635,-0.0010050173,-0.19222949,0.017504458,0.11679655,2.2233026,-4.1107761
3102,4102000.0,5.4024036,1.4803997,3.9220039,-0.26074874,0.987252,1.1317372,0.78729711,-0.61728395,0.5,2.8641519,4.0084518,4.0853479,0.49865613,-0.019284908,-0.17888943,0.035679574,2.7063579,2.5490444,0.64484034,0.15,1.7070947,0.5,0.035824463,13.956943,2.5004359,32.30635,-0.025459742,-0.15776884,0.0030257463,0.18514801,-2.0253352,-2.271055
3103,4103000.0,5.4265598,1.5072899,3.9192699,-0.25812804,1.0051846,1.1547289,0.79821547,-0.61728395,0.5,2.7683153,3.9966186,4.0054405,0.30288677,-0.045018239,-0.089509433,0.14217503,2.6083329,2.4468062,0.65522621,0.15,1.6923644,0.5,0.036401456,13.735714,2.5054879,32.30635,0.022724441,-0.16442182,0.019618635,0.19353765,-3.0005275,1.4063963
3104,4104000.0,5.4565642,1.5375232,3.919041,-0.24542922,1.0253466,1.1894945,0.79810602,-0.61728395,0.5,2.5838549,3.8770777,3.8712506,0.0032364246,0.049459362,-0.083443836,0.13093143,2.4238945,2.2526661,0.66980689,0.15,1.6962778,0.5,0.037211494,13.436709,2.496899,32.30635,0.002143134,-0.19673392,-0.0013104792,0.18073732,-1.1832258,1.1041857
3105,4105000.0,5.4102623,1.5190368,3.8912256,-0.25563737,1.0130184,1.1596905,0.81004534,-0.61728395,0.5,2.65431,4.0059279,3.8797648,0.077237358,-0.0044422955,0.04385326,0.0064939714,2.4919567,2.3314194,0.66703344,0.15,1.7027872,0.5,0.037057413,13.492577,2.4656956,32.30635,0.029271285,-0.19264838,-0.027444524,0.20631927,-4.5545486,-4.2738133
3106,4106000.0,5.4382315,1.5286035,3.909628,-0.25601161,1.0193982,1.1844385,0.79091331,-0.61728395,0.5,2.8864698,4.0562373,4.1194121,0.48376,-0.014438207,0.069157926,-0.015564208,2.727951,2.5566887,0.66186259,0.15,1.7104715,0.5,0.036770144,13.597989,2.4630583,32.30635,0.016858987,-0.13203331,0.0093828663,0.13362233,3.3468161,-1.9038459
3107,4107000.0,5.383492,1.5038233,3.8796686,-0.27294983,1.0028728,1.1648035,0.7786949,-0.61728395,0.5,2.7642279,3.9701782,4.0517007,0.2708048,0.011143471,0.23244197,0.08196514,2.608158,2.4399137,0.65225819,0.15,1.7336472,0.5,0.036236566,13.798217,2.4944273,32.30635,-0.012377988,-0.17039391,0.039058601,0.21050449,7.4222527,5.4372152
3108,4108000.0,5.4256741,1.5726689,3.8530052,-0.25277823,1.0487847,1.2164655,0.81665418,-0.61728395,0.5,2.8560118,4.0280968,4.0949933,0.4449453,0.017728479,0.056367756,0.16434152,2.6923339,2.5173135,0.6403123,0.15,1.7805543,0.5,0.035572905,14.055641,2.4755105,32.30635,0.0023358318,-0.19949609,0.0014164094,0.20448053,4.2240937,2.143256
3109,4109000.0,5.4348377,1.5163235,3.9185142,-0.25489334,1.0112089,1.1664966,0.79626588,-0.61728395,0.5,2.8040695,4.0629159,3.9254254,0.42386718,-0.027235047,-0.10931684,0.11416285,2.6444779,2.4792839,0.63138873,0.15,1.7943024,0.5,0.035077152,14.254293,2.4690644,32.30635,0.023916068,-0.15205039,0.0057856994,0.19561532,-7.6319919,0.81964314
3110,4110000.0,5.3969852,1.5353043,3.8616809,-0.25857878,1.0238669,1.165125,0.82842331,-0.61728395,0.5,2.7793109,3.986264,3.9752785,0.37639036,0.00023559405,-0.081380883,0.0018177462,2.6132742,2.4549072,0.62552189,0.15,1.8034488,0.5,0.034751216,14.387986,2.4798526,32.30635,-0.0065727098,-0.17631666,-0.015991069,0.1558627,-6.1836286,1.9351186
3111,4111000.0,5.414023,1.5022592,3.9117638,-0.25663026,1.0018297,1.1502927,0.7963602,-0.61728395,0.5,2.6819885,3.8704735,3.9704914,0.20500076,0.01500114,0.035159436,0.064112571,2.522378,2.3617146,0.6290014,0.15,1.7299558,0.5,0.034944522,14.308394,2.4711254,32.30635,0.013921145,-0.11834995,0.0010409331,0.19869167,-0.89554586,3.5278692
3112,4112000.0,5.4095742,1.5050289,3.9045453,-0.26505604,1.0036768,1.1749661,0.76649854,-0.61728395,0.5,2.7310135,3.9890214,3.9234468,0.28057215,-0.038071602,-0.12376448,0.026155592,2.577388,2.4038697,0.63936843,0.15,1.6743978,0.5,0.035520468,14.076391,2.4780308,32.30635,-9.3977356e-05,-0.15608819,0.03583236,0.21870499,2.5513518,0.31884793
3113,4113000.0,5.413666,1.5061337,3.9075324,-0.27624586,1.0044135,1.1675632,0.77854334,-0.61728395,0.5,2.8537295,4.1145455,4.0404476,0.40619546,-0.012089308,-0.028805245,0.029025028,2.69769,2.5286469,0.65391831,0.15,1.6635897,0.5,0.036328795,13.763187,2.4963534,32.30635,0.013901595,-0.13793769,-0.0041668731,0.14361519,-0.95710139,3.5327269
3114,4114000.0,5.4224429,1.5217299,3.900713,-0.24883065,1.0148144,1.1794663,0.7868654,-0.61728395,0.5,2.3906297,3.6546904,3.7748629,-0.25766436,-0.040895512,-0.23524704,0.059003468,2.2329222,2.0622329,0.65995319,0.15,1.7120182,0.5,0.036664066,13.637331,2.4856517,32.30635,0.025430829,-0.19273128,0.00024211298,0.16928349,2.0766029,-4.5322032
3115,4115000.0,5.4566115,1.5508359,3.9057756,-0.275639,1.0342246,1.1879755,0.82143413,-0.61728395,0.5,2.6057746,3.8463993,3.8853488,0.085575703,-0.0031548366,0.021639339,-0.075409155,2.4411387,2.2750087,0.66980414,0.15,1.7671628,0.5,0.037211341,13.436764,2.5048052,32.30635,0.02266769,-0.17964613,-0.0068996046,0.17893473,-1.2270371,-0.13337889
3116,4116000.0,5.4060467,1.5209436,3.8851032,-0.24783143,1.01429,1.1847011,0.77833997,-0.61728395,0.5,2.5749288,3.8760193,3.8339564,0.014810594,0.031269844,-0.060664017,0.058144006,2.41893,2.2450745,0.66010726,0.15,1.7627964,0.5,0.036672626,13.634148,2.4908566,32.30635,-0.013730667,-0.16842727,0.0031586488,0.17603036,1.0922188,-7.6314267
3117,4117000.0,5.454374,1.5619083,3.8924657,-0.25699015,1.0416086,1.2126447,0.80481152,-0.61728395,0.5,3.0701176,4.3281259,4.163192,0.719035,-0.020376029,-0.32472734,-0.10618119,2.9088133,2.7324831,0.65626696,0.15,1.8215283,0.5,0.036459276,13.713931,2.502108,32.30635,-0.027146381,-0.15956972,-0.0085456467,0.21126438,-0.21711116,3.7743064
3118,4118000.0,5.4339641,1.5566173,3.8773468,-0.24471489,1.0380801,1.204148,0.80818204,-0.61728395,0.5,2.5380821,3.8252689,3.8467028,-0.057725376,0.037958638,-0.32978027,0.10478519,2.3761022,2.2028133,0.63755481,0.15,1.7910865,0.5,0.035419712,14.116433,2.4672644,32.30635,0.043804502,-0.19627976,-0.0084093438,0.1332194,-2.1404633,-3.144507
3119,4119000.0,5.4447261,1.5415165,3.9032096,-0.26953027,1.0280097,1.2061192,0.78137574,-0.61728395,0.5,2.7708895,3.9322513,4.0420077,0.33840943,-0.0061767796,-0.14953404,-0.036648742,2.6142822,2.4350718,0.63562972,0.15,1.7928424,0.5,0.035312762,14.159187,2.4701028,32.30635,-0.035664636,-0.19388423,-0.0047440502,0.17248921,-0.1741773,-5.6910265
3120,4120000.0,5.4446851,1.5668748,3.8778104,-0.2587519,1.0449207,1.2054835,0.8226754,-0.61728395,0.5,2.7028736,3.8821453,3.9842048,0.24227064,0.018104395,-0.096265031,0.060984136,2.5379889,2.3672329,0.64006568,0.15,1.6823351,0.5,0.035559204,14.061057,2.4847456,32.30635,-0.0052318671,-0.14395963,0.02528192,0.26794577,0.096756663,-6.2394407
3121,4121000.0,5.4891102,1.5622098,3.9269004,-0.23993008,1.0418097,1.193726,0.8315737,-0.61728395,0.5,2.7244551,4.020672,3.9258092,0.22688417,-0.022531399,0.19186195,-0.088625742,2.557787,2.3920881,0.64284239,0.15,1.6680375,0.5,0.035713466,14.000321,2.4976426,32.30635,-0.011793702,-0.139099,-0.016400487,0.13715986,-0.6455532,4.2166348
3122,4122000.0,5.4736504,1.5245936,3.9490568,-0.26318127,1.0167241,1.1811313,0.78911651,-0.61728395,0.5,2.5538829,3.8441855,3.8229947,-0.0055315786,-0.0067567056,0.39829248,0.008027006,2.3957242,2.2250226,0.65147901,0.15,1.608014,0.5,0.036193278,13.81472,2.4825877,32.30635,0.030177909,-0.15606774,0.015297791,0.11513632,-6.8479467,1.5366402
3123,4123000.0,5.4493684,1.5295418,3.9198266,-0.27454216,1.020024,1.178016,0.80133076,-0.61728395,0.5,2.7718443,3.9867836,3.9908035,0.33794588,0.0093698885,0.2118316,-0.042262738,2.6112376,2.4438514,0.65671034,0.15,1.61445,0.5,0.036483908,13.704672,2.4727783,32.30635,-0.012703677,-0.1726325,0.0056811859,0.14039732,-2.8492798,-2.1528544
3124,4124000.0,5.4075339,1.5353368,3.8721971,-0.26798886,1.0238886,1.2074127,0.76972962,-0.61728395,0.5,2.6091174,3.8755687,3.8915481,0.060235494,-0.0011209669,-0.12638109,0.1135064,2.4548444,2.2729397,0.66405534,0.15,1.5822725,0.5,0.036891963,13.553087,2.4989822,32.30635,0.0062118855,-0.19897165,0.046340762,0.23809075,-1.6391521,-1.3221298
3125,4125000.0,5.4891825,1.5715451,3.9176374,-0.2578053,1.0480352,1.2002125,0.83744154,-0.61728395,0.5,2.9040133,4.1398504,4.0290138,0.54317559,-0.016712693,0.10334944,-0.0020017545,2.7361691,2.5698402,0.65852625,0.15,1.6284729,0.5,0.036584792,13.666881,2.4577397,32.30635,-0.02381675,-0.16541313,0.0048991672,0.21842099,-2.669551,6.7605677
3126,4126000.0,5.4947309,1.5768464,3.9178845,-0.27057143,1.0515706,1.2158398,0.82418158,-0.61728395,0.5,2.7835536,4.0166237,3.9764593,0.357578,0.01612032,-0.17853109,0.020065707,2.6183671,2.4450295,0.65255448,0.15,1.6341321,0.5,0.036253027,13.791952,2.4807031,32.30635,-0.0021399944,-0.20482748,-0.0014015353,0.20798849,0.40765571,0.7643504
3127,4127000.0,5.4703496,1.5629064,3.9074432,-0.25871445,1.0422742,1.2107381,0.80905088,-0.61728395,0.5,2.5579676,3.8484371,3.832262,-0.0067962176,-0.012609398,-0.19512439,0.15308549,2.3958136,2.2208639,0.63819147,0.15,1.6718793,0.5,0.035455082,14.102351,2.4806589,32.30635,0.0076113461,-0.21389756,-0.0023723768,0.18013994,0.81530715,-3.189416
3128,4128000.0,5.4615588,1.5043567,3.9572021,-0.23679749,1.0032285,1.175085,0.76526208,-0.61728395,0.5,2.6320623,3.8547592,3.8791927,0.16223486,0.031289875,-0.17967243,-0.079892817,2.4786846,2.3048854,0.62890408,0.15,1.6614804,0.5,0.034939116,14.310608,2.4645557,32.30635,0.026953799,-0.15308783,0.036136081,0.22063124,2.9074314,2.4960902
3129,4129000.0,5.4632653,1.5120423,3.951223,-0.24466979,1.0083539,1.1691088,0.78581351,-0.61728395,0.5,2.7319413,3.9403812,3.9435225,0.31192012,-0.0080848999,-0.06957995,0.041459672,2.5744446,2.4064284,0.62871689,0.15,1.6957477,0.5,0.034928716,14.314869,2.4854045,32.30635,-0.016055666,-0.15919567,0.02416783,0.19761906,1.2500581,-0.22298457
3130,4130000.0,5.5140529,1.5663052,3.9477477,-0.25507017,1.0445409,1.2082921,0.81786601,-0.61728395,0.5,2.7044227,3.9014303,3.9382894,0.2735484,-0.031203753,0.018764767,0.057978723,2.5405019,2.3680001,0.63502803,0.15,1.7095095,0.5,0.035279335,14.172603,2.4954682,32.30635,-0.004751588,-0.12451668,0.0070323962,0.16573924,-0.5987398,5.595261
3131,4131000.0,5.483622,1.5797738,3.9038481,-0.25697238,1.0535228,1.2336984,0.80403845,-0.61728395,0.5,2.6653889,4.013558,3.9022122,0.080396523,0.036975794,-0.22919236,-0.027898749,2.5042395,2.3218925,0.64305798,0.15,1.6637409,0.5,0.035725444,13.995627,2.4671714,32.30635,-0.0029112239,-0.1751051,0.0069991425,0.22048577,1.3506325,-0.53247854
3132,4132000.0,5.511431,1.6083579,3.9030731,-0.28072463,1.0725851,1.2375964,0.84418139,-0.61728395,0.5,2.9905908,4.1438987,4.1207553,0.70711836,0.013926389,-0.30262259,-0.02514628,2.8213957,2.646009,0.65409519,0.15,1.6818897,0.5,0.036338622,13.759465,2.5004638,32.30635,0.012058046,-0.1838963,-0.0078107733,0.15556984,-1.0341653,0.95875572
3133,4133000.0,5.4953439,1.5846612,3.9106826,-0.24528458,1.0567822,1.218651,0.83273183,-0.61728395,0.5,2.8934386,3.9908422,4.1452021,0.54427146,-0.023215346,0.14835295,0.12974214,2.7265383,2.5541317,0.66336655,0.15,1.6839983,0.5,0.036853697,13.56716,2.4774431,32.30635,-0.012090926,-0.21081994,-0.035497636,0.1673974,-4.8151439,-1.1465152
3134,4134000.0,5.4622523,1.566993,3.8952592,-0.26652423,1.0449996,1.2073695,0.82024388,-0.61728395,0.5,2.8310998,4.0484088,4.0249712,0.41991939,0.037855995,-0.087969717,0.10232908,2.6667024,2.494934,0.66372209,0.15,1.6378135,0.5,0.036873449,13.559892,2.4963353,32.30635,-0.01173428,-0.13884835,-0.0019312092,0.15289099,1.7128504,4.6477736
3135,4135000.0,5.4482788,1.552636,3.8956428,-0.25003085,1.0354251,1.2032722,0.80305334,-0.61728395,0.5,2.5817753,3.8947957,3.870522,-0.01999172,0.034295819,0.0063091671,-0.035779068,2.4208234,2.2467504,0.6584997,0.15,1.6907498,0.5,0.036583317,13.667432,2.4762631,32.30635,0.01505599,-0.14701623,0.035888267,0.21104343,1.6697429,-1.7731175
3136,4136000.0,5.4417811,1.5488142,3.8929669,-0.26899249,1.0328764,1.1955207,0.80773029,-0.61728395,0.5,2.5415083,3.8220495,3.8083479,-0.0058723461,0.019665766,-0.37033035,0.0015015513,2.379619,2.2086416,0.64541616,0.15,1.7329207,0.5,0.035856453,13.944491,2.4791021,32.30635,0.0018159107,-0.13370217,0.0058487512,0.16061558,4.2974022,-1.6373464
3137,4137000.0,5.4082104,1.5044225,3.9037879,-0.2734159,1.0032724,1.1917391,0.74223124,-0.61728395,0.5,2.7729757,3.9002868,4.0275715,0.39106878,-0.024599899,-0.029496972,-0.076380694,2.624214,2.4411619,0.63642136,0.15,1.7198626,0.5,0.035356742,14.141574,2.4800774,32.30635,0.033687258,-0.21841597,-0.0025548372,0.140739,-1.567192,0.95420719
3138,4138000.0,5.4442604,1.5182402,3.9260202,-0.25382416,1.0124872,1.1726206,0.79081336,-0.61728395,0.5,2.9214576,4.0777798,4.1026233,0.58396961,-0.020699324,0.02581866,-0.0026545136,2.7629588,2.5949669,0.63613076,0.15,1.692847,0.5,0.035340598,14.148034,2.4978843,32.30635,-0.0027847847,-0.18116345,-0.0098047013,0.16319802,0.69088646,3.4135974
3139,4139000.0,5.443364,1.5462979,3.8970662,-0.25495706,1.0311983,1.1793391,0.826199,-0.61728395,0.5,2.7330192,3.9847378,3.9367899,0.27753004,0.026382457,-0.0027825613,0.021318622,2.5674283,2.4046579,0.63845361,0.15,1.7373034,0.5,0.035469645,14.096561,2.4976855,32.30635,0.006863366,-0.16532603,0.031250944,0.15250394,-0.86787667,-2.6139112
3140,4140000.0,5.3992558,1.5377906,3.8614652,-0.26856222,1.025525,1.1924494,0.79442723,-0.61728395,0.5,2.6052176,3.8682653,3.8619777,0.085409677,0.036993541,0.35510276,-0.039165362,2.4459945,2.273206,0.64487639,0.15,1.6809304,0.5,0.035826466,13.956163,2.4820961,32.30635,0.012856161,-0.21133848,-0.018011271,0.14438044,-4.6492799,3.158741
3141,4141000.0,5.416134,1.4933773,3.9227567,-0.23493513,0.99590653,1.1410205,0.79508479,-0.61728395,0.5,2.7773723,4.0371714,3.9549694,0.33997606,0.045728457,-0.25028022,-0.057156601,2.6180174,2.45968,0.65254173,0.15,1.7080649,0.5,0.036252318,13.792221,2.4919105,32.30635,-0.011386747,-0.20089981,-0.027619205,0.17779288,2.7754877,-0.27738842
3142,4142000.0,5.3985161,1.4946921,3.903824,-0.26394482,0.99678338,1.1617628,0.76836541,-0.61728395,0.5,2.665513,3.7940977,3.9507254,0.25171599,-0.035326686,-0.40950162,-0.021385944,2.5115134,2.3420455,0.66377179,0.15,1.7795884,0.5,0.036876211,13.558877,2.4869911,32.30635,-0.029484087,-0.19366615,0.002310584,0.20104537,0.90884694,-3.3170791
3143,4143000.0,5.3907971,1.5307992,3.8599979,-0.26692444,1.0208626,1.1837185,0.79541321,-0.61728395,0.5,2.8743306,4.0776758,4.0797358,0.46558026,0.0070808928,-0.13909912,0.06459992,2.7149099,2.54475,0.66794377,0.15,1.7317861,0.5,0.037107987,13.474188,2.4784437,32.30635,0.0055190922,-0.18337945,-0.026673356,0.16930891,2.6413561,2.9928047
3144,4144000.0,5.4229271,1.5177475,3.9051796,-0.23734657,1.0121586,1.1684194,0.79586437,-0.61728395,0.5,2.6997789,3.9443076,3.9564806,0.19854848,0.0042512217,0.095806887,-0.089141745,2.5402678,2.3744579,0.66703553,0.15,1.7613562,0.5,0.037057529,13.492535,2.4847494,32.30635,-0.01682976,-0.12359769,-0.0059254483,0.15765002,-0.27350272,0.074665026
3145,4145000.0,5.4180192,1.5097353,3.9082838,-0.27088631,1.0068154,1.1450965,0.81549433,-0.61728395,0.5,2.7087512,3.8994064,3.9474114,0.27943586,-0.056254421,0.22301876,-0.027512568,2.5453058,2.389924,0.66182745,0.15,1.7233067,0.5,0.036768191,13.598711,2.4837352,32.30635,0.010639904,-0.18888085,-0.0020180188,0.16890753,-2.5606574,-0.62980015
3146,4146000.0,5.4006628,1.4794274,3.9212354,-0.25855641,0.98660362,1.1317701,0.78570177,-0.61728395,0.5,2.5658646,3.8287496,3.8671351,0.0017090658,-0.02991834,-0.26301235,0.0064405153,2.4083903,2.2507479,0.65452248,0.15,1.7183764,0.5,0.03636236,13.750483,2.4830465,32.30635,0.0093450083,-0.13742836,0.02177471,0.21674308,1.6332871,4.9528963
3147,4147000.0,5.3658315,1.4600427,3.9057887,-0.25730714,0.97367632,1.1289061,0.75878466,-0.61728395,0.5,2.7850839,4.031935,3.9404635,0.38285315,-0.012859755,-0.26356377,0.018284711,2.6330045,2.4707646,0.64594505,0.15,1.6787546,0.5,0.035885836,13.933074,2.4734404,32.30635,0.017590003,-0.13538703,0.013903474,0.17272657,-0.24388586,-2.8669763
3148,4148000.0,5.3814315,1.5039713,3.8774601,-0.27485563,1.0029715,1.1473602,0.80316286,-0.61728395,0.5,2.7176188,3.9215851,3.9970222,0.234249,0.010259963,0.12336458,-0.018942536,2.5566449,2.3981613,0.64447973,0.15,1.6923214,0.5,0.035804429,13.964753,2.4879972,32.30635,-0.012365367,-0.19668716,-0.006518338,0.13403144,-4.953951,-0.55391716
3149,4149000.0,5.3529641,1.4843483,3.8686158,-0.25358944,0.98988526,1.13271,0.79223905,-0.61728395,0.5,2.4503781,3.7939733,3.7938167,-0.23665566,-0.0062827277,-0.1348914,0.11339791,2.2915936,2.1349997,0.64325926,0.15,1.7056975,0.5,0.035736626,13.991248,2.4805764,32.30635,0.0039017198,-0.21821207,-0.0072530326,0.12013797,2.0769179,1.9795723
3150,4150000.0,5.3863526,1.5180179,3.8683347,-0.26731762,1.0123389,1.127562,0.85305403,-0.61728395,0.5,2.6440801,3.9101549,3.8935193,0.12856605,-0.089692167,-0.28654664,0.02604621,2.4731067,2.330135,0.65000129,0.15,1.7047582,0.5,0.036111183,13.846126,2.4835375,32.30635,0.026373879,-0.15403453,0.017811672,0.18064114,2.5950096,0.076402648
3151,4151000.0,5.3439886,1.4646959,3.8792928,-0.25979824,0.97677942,1.1278888,0.76761412,-0.61728395,0.5,2.6821971,3.908308,3.9622698,0.17601356,-0.028593958,-0.068814385,0.10212303,2.5283481,2.368161,0.65510459,0.15,1.6972967,0.5,0.036394699,13.738264,2.4894699,32.30635,-0.0010552578,-0.17751173,0.0078403529,0.20219515,-0.79522039,-7.4813801
3152,4152000.0,5.3474343,1.5316551,3.8157792,-0.27857679,1.0214333,1.1748991,0.80902915,-0.61728395,0.5,2.9743984,4.1045619,4.1046858,0.71394748,0.049264839,-0.039978585,0.072653303,2.8122487,2.6472733,0.6591966,0.15,1.6987147,0.5,0.036622033,13.652983,2.4642101,32.30635,0.0042078204,-0.16173131,-0.0093707455,0.16575542,-0.97931302,8.0382727
3153,4153000.0,5.3300185,1.4891722,3.8408463,-0.25635814,0.99310223,1.1404031,0.78924033,-0.61728395,0.5,2.6000328,3.9530493,3.8579014,-0.01085234,0.023165591,0.17521752,0.070743681,2.4418493,2.2825124,0.66065134,0.15,1.7089363,0.5,0.036702852,13.62292,2.478145,32.30635,-0.019996361,-0.19097974,-0.014827919,0.14668197,-4.4004565,0.074232856
3154,4154000.0,5.363692,1.4990435,3.8646484,-0.25368385,0.99968526,1.1577497,0.78087587,-0.61728395,0.5,2.9451067,4.1004407,4.1170196,0.61785982,0.08396253,0.18828182,0.036050968,2.7885997,2.6227565,0.66043498,0.15,1.6972079,0.5,0.036690832,13.627382,2.4777521,32.30635,-0.015523206,-0.18232611,-0.00072157763,0.17859175,0.80805957,0.87846841
3155,4155000.0,5.3664352,1.497532,3.8689032,-0.25871662,0.99867726,1.1459001,0.79492802,-0.61728395,0.5,2.8544621,3.987626,4.1186697,0.45709064,0.040670382,-0.22308508,0.0017107958,2.6951387,2.5354112,0.65489381,0.15,1.7039059,0.5,0.036382989,13.742686,2.4928242,32.30635,-0.0071460869,-0.1775639,-0.012319316,0.15220781,7.7644253,-2.3423307
3156,4156000.0,5.3582037,1.4901572,3.8680464,-0.26531635,0.99375912,1.1468869,0.7818031,-0.61728395,0.5,2.679288,3.9405626,3.8704348,0.2268665,0.027099418,0.0020531723,0.035928885,2.5225951,2.3599623,0.64803922,0.15,1.684768,0.5,0.036002179,13.888048,2.5012134,32.30635,0.052399957,-0.25614743,0.0029589723,0.1104671,2.6154172,1.3458862
3157,4157000.0,5.3767181,1.5104079,3.8663102,-0.25636162,1.007264,1.1426411,0.81997725,-0.61728395,0.5,2.40842,3.8030065,3.7093182,-0.28706473,-0.045536417,0.029216127,0.051156069,2.2440761,2.0902764,0.65018018,0.15,1.6553437,0.5,0.036121121,13.842317,2.4756385,32.30635,0.024508742,-0.19339367,0.008404657,0.19610769,-1.870714,-4.8376134
3158,4158000.0,5.3504511,1.5083577,3.8420934,-0.26509426,1.0058967,1.1452162,0.81313231,-0.61728395,0.5,2.7838979,4.027231,4.0303538,0.29410895,0.036086455,-0.25015034,0.028420098,2.6209259,2.4650374,0.65062447,0.15,1.6426925,0.5,0.036145804,13.832864,2.4669914,32.30635,-0.026303025,-0.17492562,-0.00090722323,0.15908077,-2.7015207,4.0847559
3159,4159000.0,5.3487969,1.4828763,3.8659206,-0.26737827,0.98890363,1.1176875,0.81076209,-0.61728395,0.5,2.7385594,4.0179312,3.9438228,0.25392433,-0.0037807167,-0.37441116,-0.091957174,2.5760625,2.4273637,0.65290059,0.15,1.6204605,0.5,0.036272255,13.784641,2.4930299,32.30635,-0.0012847053,-0.16532056,0.0055989092,0.17238175,3.2071523,1.5457287
3160,4160000.0,5.3558819,1.4727986,3.8830833,-0.24298134,0.98218297,1.1172061,0.7953687,-0.61728395,0.5,2.7759678,4.0428994,3.9913401,0.29366396,0.0079907877,-0.1540386,0.086231335,2.6165561,2.4649061,0.65473417,0.15,1.6639734,0.5,0.036374121,13.746037,2.4778919,32.30635,0.004500051,-0.21756273,0.011416753,0.17570091,-0.6366789,1.6750613
3161,4161000.0,5.4227704,1.5030749,3.9196955,-0.27009912,1.0023737,1.1306411,0.82495998,-0.61728395,0.5,2.6682905,3.8733584,3.8902146,0.24129855,0.035136941,-0.15798454,0.011860329,2.5029479,2.3534881,0.65582454,0.15,1.6859826,0.5,0.036434696,13.723183,2.4758035,32.30635,0.0075146126,-0.19577408,-0.022991015,0.14266033,0.50664194,2.4010002
3162,4162000.0,5.4182602,1.5138128,3.9044474,-0.24807627,1.0095346,1.1605061,0.80058617,-0.61728395,0.5,2.8506291,4.0536957,4.0618045,0.43638707,-0.012355555,-0.046507106,-0.080936998,2.6901716,2.5275114,0.65482802,0.15,1.7145895,0.5,0.036379335,13.744067,2.472215,32.30635,-0.017912173,-0.15048914,0.0070544233,0.15195253,1.6463697,-0.69029451
3163,4163000.0,5.3836989,1.5138845,3.8698144,-0.26417666,1.0095824,1.174286,0.78155763,-0.61728395,0.5,2.7423838,3.9794797,3.9857634,0.26190823,0.015948581,-0.0029130727,0.073684367,2.5857401,2.4154294,0.65492031,0.15,1.7057275,0.5,0.036384461,13.74213,2.4733016,32.30635,0.00047888408,-0.1738359,0.014839933,0.18789789,-1.1232084,-0.88633783
3164,4164000.0,5.401783,1.5043364,3.8974467,-0.24375288,1.0032149,1.1583162,0.78852457,-0.61728395,0.5,2.5744058,3.8727152,3.9096337,-0.05913127,-0.02673139,0.022845767,0.071248643,2.4163658,2.2518979,0.65558729,0.15,1.7227255,0.5,0.036421516,13.728149,2.5020532,32.30635,-0.0043618331,-0.15757373,-0.036185287,0.15467761,-2.8568729,0.64258424
3165,4165000.0,5.4263584,1.5164659,3.9098924,-0.25588823,1.0113039,1.1606984,0.80454772,-0.61728395,0.5,2.6496374,3.850666,3.9324823,0.16576375,-0.0019572401,-0.080555398,-0.13681466,2.4883859,2.3264662,0.65325947,0.15,1.6805713,0.5,0.036292193,13.777068,2.4929467,32.30635,0.0029174038,-0.21517986,-0.016592098,0.2046108,0.046002901,-2.2585365
3166,4166000.0,5.4264117,1.5131467,3.913265,-0.26410349,1.0090904,1.1696784,0.78678245,-0.61728395,0.5,2.7033098,3.9494944,3.9202558,0.24017924,-0.019611458,-0.1114363,0.019516744,2.545619,2.3776383,0.65718983,0.15,1.6915241,0.5,0.036510546,13.694673,2.4880478,32.30635,0.0037444178,-0.15064407,-0.0094736399,0.18293444,-0.10432784,-2.0494675
3167,4167000.0,5.4594419,1.5276573,3.9317846,-0.25391542,1.0187673,1.1754864,0.80184146,-0.61728395,0.5,2.6546168,3.9163608,3.8176799,0.22980964,-0.0017705582,-0.0085470046,-0.077641546,2.4939077,2.3273282,0.65363493,0.15,1.6347524,0.5,0.036313052,13.769154,2.4888026,32.30635,-0.011942663,-0.16961986,-0.030105595,0.23176667,0.46587016,-3.6133181
3168,4168000.0,5.4348316,1.528158,3.9066736,-0.24595361,1.0191011,1.1900957,0.78234431,-0.61728395,0.5,2.7924766,4.0025059,4.0566179,0.31830604,-0.020346452,-0.02037604,0.051200762,2.6356753,2.4611204,0.65561723,0.15,1.6511901,0.5,0.036423179,13.727522,2.4751781,32.30635,-0.018476194,-0.20569113,-0.014300361,0.15882556,0.11066693,2.8234179
3169,4169000.0,5.4448038,1.5495679,3.8952359,-0.23812585,1.033379,1.2011961,0.80104729,-0.61728395,0.5,2.6891563,3.9737721,3.9443778,0.14931897,0.024972699,-0.12255906,0.089764348,2.5286064,2.3547094,0.65091116,0.15,1.6073698,0.5,0.036161731,13.826772,2.4728866,32.30635,-0.016847945,-0.21697752,-0.0033608354,0.19729953,2.0601606,0.96727379
3170,4170000.0,5.4201964,1.5321391,3.8880573,-0.25682661,1.0217561,1.1814351,0.80072076,-0.61728395,0.5,2.512239,3.8305501,3.8029733,-0.096806408,0.018172931,-0.25548411,0.072472118,2.3517545,2.1832941,0.65010315,0.15,1.6138752,0.5,0.036116841,13.843957,2.4971605,32.30635,-0.0045905732,-0.13976917,-0.014588992,0.17886973,0.65177166,2.9305779
3171,4171000.0,5.4107605,1.5219241,3.8888364,-0.26308578,1.0149439,1.192245,0.76942275,-0.61728395,0.5,2.5775131,3.8559146,3.8509955,0.025629169,0.058836259,0.0012489534,5.7224043e-05,2.4233015,2.2455584,0.64506315,0.15,1.5776814,0.5,0.035836842,13.952122,2.4894091,32.30635,-0.00091426848,-0.16870041,-0.013809781,0.15514802,-1.0647415,3.753847
3172,4172000.0,5.4352267,1.503534,3.9316927,-0.2546922,1.0026798,1.1686987,0.7728225,-0.61728395,0.5,3.0155619,4.154184,4.1972488,0.69525299,-0.030563498,-0.0068123834,0.078188071,2.860669,2.6901632,0.64640573,0.15,1.5848271,0.5,0.035911429,13.923144,2.4944556,32.30635,0.021924897,-0.16332695,0.013466374,0.18793891,-3.3393309,-3.7173181
3173,4173000.0,5.3998059,1.5458566,3.8539493,-0.26472258,1.030904,1.1991676,0.79795021,-0.61728395,0.5,2.7273567,4.0098127,3.9537718,0.21848574,0.072800406,-0.20495884,0.13502601,2.5674276,2.3934746,0.64653069,0.15,1.6056623,0.5,0.035918371,13.920453,2.4642248,32.30635,-0.016318906,-0.16191215,-0.0048079502,0.16057827,5.6267824,1.732948
3174,4174000.0,5.413159,1.5173338,3.8958252,-0.27143261,1.0118827,1.155782,0.81276066,-0.61728395,0.5,2.5918148,3.8528903,3.8158914,0.10666281,-0.03913462,-0.44435027,-0.13453,2.4289173,2.2700125,0.65025583,0.15,1.5940681,0.5,0.036125324,13.840706,2.4809903,32.30635,-0.002398438,-0.22258732,-0.023840339,0.15582944,7.2685181,2.1928869
3175,4175000.0,5.4027053,1.5178147,3.8848906,-0.26710827,1.0122034,1.1690482,0.79509795,-0.61728395,0.5,2.7151082,3.9823114,4.0014845,0.16152878,-0.047645925,0.19685303,0.059062078,2.5557507,2.3896122,0.65055887,0.15,1.6437924,0.5,0.03614216,13.834259,2.4815371,32.30635,-0.0059739219,-0.22801362,-0.0059267298,0.13343106,-2.1909739,4.4754007
3176,4176000.0,5.4678197,1.5165844,3.9512353,-0.24807403,1.0113829,1.1740987,0.78612092,-0.61728395,0.5,2.9343854,4.0822615,4.1305577,0.59033703,-0.022494,0.13912019,-0.090715743,2.7768271,2.6074832,0.65263642,0.15,1.6814068,0.5,0.036257579,13.79022,2.5032482,32.30635,-0.006344718,-0.14587383,-0.0027468053,0.17457904,0.55839529,1.113281
3177,4177000.0,5.4632572,1.5502018,3.9130554,-0.25119124,1.0338018,1.2034724,0.79889548,-0.61728395,0.5,3.0189608,4.1850896,4.2108567,0.66093612,0.0040855378,-0.21739457,-0.012131795,2.8588422,2.6838801,0.65101292,0.15,1.6709564,0.5,0.036167384,13.82461,2.467263,32.30635,7.091918e-05,-0.18278466,0.0045767925,0.161829,2.1482422,-0.26024819
3178,4178000.0,5.4845027,1.5608797,3.923623,-0.24228631,1.0409227,1.2131266,0.80250266,-0.61728395,0.5,2.6448152,3.9192155,3.9188259,0.096404059,0.029084347,-0.22144718,-0.051926518,2.4839736,2.3070465,0.65092441,0.15,1.7162965,0.5,0.036162467,13.82649,2.4794895,32.30635,0.012585257,-0.15736589,0.016777165,0.23839419,1.948738,-3.1658395
3179,4179000.0,5.5028122,1.5410879,3.9617244,-0.23518404,1.0277239,1.1669474,0.8351097,-0.61728395,0.5,2.696237,3.9776516,3.8796777,0.2313816,-0.014690109,0.10429131,0.052256111,2.5288601,2.3713259,0.64853175,0.15,1.7139377,0.5,0.036029541,13.877501,2.4734703,32.30635,0.024868658,-0.1815156,0.0073739702,0.1834452,-2.5928173,-1.296981
3180,4180000.0,5.4605894,1.5544642,3.9061252,-0.24067909,1.0366443,1.2057918,0.80246697,-0.61728395,0.5,3.1271395,4.3018769,4.1989188,0.88062295,0.0094621071,-0.086771136,0.015611298,2.9663051,2.7914131,0.64671975,0.15,1.7403504,0.5,0.035928875,13.916383,2.4689613,32.30635,0.003944659,-0.15392228,0.031855534,0.15382203,-0.46596734,9.2763161
3181,4181000.0,5.478116,1.5255197,3.9525964,-0.24816555,1.0173417,1.1731356,0.80170013,-0.61728395,0.5,2.8206239,4.0077247,4.0345674,0.41957965,-0.018566421,-0.21938403,-0.0078455293,2.6599432,2.4939899,0.64917161,0.15,1.7454744,0.5,0.03606509,13.863823,2.4705171,32.30635,-0.0089968814,-0.17779237,-0.021075355,0.14712022,1.7668746,1.0077044
3182,4182000.0,5.4804293,1.5661066,3.9143227,-0.25518826,1.0444084,1.2087253,0.81694758,-0.61728395,0.5,3.1460199,4.3256903,4.2338154,0.87855397,0.025847793,0.15079881,0.069733011,2.9822832,2.8094766,0.65150066,0.15,1.7599585,0.5,0.036194481,13.814261,2.472159,32.30635,-0.022375266,-0.16405648,-0.014494311,0.17636296,-3.6996099,4.9484838
3183,4183000.0,5.4821774,1.5708503,3.9113271,-0.26111834,1.0475719,1.197266,0.84042729,-0.61728395,0.5,2.7775677,4.0106255,3.9421478,0.37992966,0.015997498,0.047750856,-0.0029056543,2.609125,2.444215,0.65390648,0.15,1.7541429,0.5,0.036328138,13.763436,2.5047245,32.30635,-0.0048800685,-0.20499839,0.018300356,0.1915776,-2.8078409,5.8089997
3184,4184000.0,5.444973,1.5160402,3.9289328,-0.25155734,1.01102,1.175889,0.78276655,-0.61728395,0.5,2.6685711,3.8715179,3.9698777,0.16431772,0.042416676,0.097902554,-0.028593841,2.5116851,2.3411704,0.65321323,0.15,1.7733053,0.5,0.036289624,13.778043,2.4728045,32.30635,-0.0011102624,-0.22466537,0.011236924,0.18690693,-1.3785505,3.8142816
3185,4185000.0,5.4535117,1.5566683,3.8968435,-0.25585813,1.0381142,1.2258844,0.77806747,-0.61728395,0.5,2.7835389,4.0084417,4.0048954,0.33727958,0.0038552925,0.17570857,-0.10720116,2.6275947,2.4422181,0.64697587,0.15,1.7475599,0.5,0.035943104,13.910874,2.4657605,32.30635,0.0172929,-0.16336971,0.015343691,0.17171065,-0.8772585,-5.1568317
3186,4186000.0,5.4217188,1.4969528,3.924766,-0.24826158,0.99829098,1.1767057,0.75121003,-0.61728395,0.5,2.9464003,4.0649082,4.1323208,0.64197196,0.056806218,0.024179239,-0.0856533,2.795839,2.6187722,0.64684098,0.15,1.7631656,0.5,0.03593561,13.913775,2.516355,32.30635,-0.029436092,-0.14846832,0.015347568,0.25943987,-0.2719973,-0.22354712
3187,4187000.0,5.4158965,1.5358742,3.8800223,-0.26459036,1.0242469,1.1894195,0.79558197,-0.61728395,0.5,2.6813372,3.9238975,3.9405357,0.17957829,-0.0023522998,-0.15865799,0.039563715,2.5218827,2.3501692,0.64768113,0.15,1.7619817,0.5,0.035982285,13.895727,2.4917013,32.30635,0.015767549,-0.22622153,0.022067376,0.21801076,2.5751809,-5.9745474
3188,4188000.0,5.4374965,1.5148007,3.9226959,-0.24065491,1.0101934,1.1717465,0.78654567,-0.61728395,0.5,2.7371652,3.9650473,4.0241379,0.22231044,0.012990554,-0.16887818,0.054271728,2.5795218,2.4109179,0.64620051,0.15,1.7345763,0.5,0.035900029,13.927566,2.4835006,32.30635,0.0087265676,-0.14968758,0.0093156873,0.20055296,-1.030847,-3.2187431
3189,4189000.0,5.4354399,1.5378981,3.8975418,-0.26130172,1.0255966,1.1597465,0.8400291,-0.61728395,0.5,2.6734416,3.8973106,3.9257897,0.19722438,0.003724007,0.025467353,-0.23938496,2.5050788,2.3505354,0.64616255,0.15,1.7318213,0.5,0.035897919,13.928384,2.5092475,32.30635,-0.0017044087,-0.13962416,0.010707729,0.17382821,0.47392857,3.0515487
3190,4190000.0,5.4025283,1.5283409,3.8741874,-0.26248118,1.0192231,1.1615476,0.82229454,-0.61728395,0.5,2.9238778,4.1297251,4.1512356,0.4906728,-0.0092866146,0.059356134,-0.075302241,2.7590695,2.6004702,0.64202718,0.15,1.69576,0.5,0.035668177,14.018098,2.4856117,32.30635,-0.0084511913,-0.19312811,0.022104603,0.15775639,-0.89362514,2.6593596
3191,4191000.0,5.4019316,1.5340956,3.867836,-0.26469305,1.0230608,1.1701252,0.8195506,-0.61728395,0.5,3.0019802,4.1549222,4.1725866,0.67843179,0.031881967,-0.11682114,-0.046231096,2.8377218,2.6761843,0.64434404,0.15,1.6855368,0.5,0.035796891,13.967694,2.4803488,32.30635,0.01633777,-0.21321014,0.0057144344,0.1763402,-1.380311,3.4426078
3192,4192000.0,5.416255,1.5578507,3.8584042,-0.27299117,1.0389027,1.1872777,0.8335841,-0.61728395,0.5,2.591139,3.829468,3.8878254,0.056123468,-0.013578266,-0.058691932,0.0040004964,2.4240679,2.2605673,0.64634167,0.15,1.7034498,0.5,0.03590787,13.924524,2.4859401,32.30635,0.0064854888,-0.1943428,-0.031688273,0.20914401,2.7949548,-4.9408582
3193,4193000.0,5.3762367,1.514204,3.8620327,-0.28441959,1.0097955,1.1815141,0.77202563,-0.61728395,0.5,2.7105005,3.8692359,3.9693393,0.29292636,-0.054798067,0.050264827,-0.05514074,2.5557673,2.3815336,0.64660144,0.15,1.7071502,0.5,0.035922302,13.91893,2.4874516,32.30635,0.0075965932,-0.18634224,-0.031495265,0.18626675,-0.52828898,1.6093804
3194,4194000.0,5.421492,1.4904361,3.931056,-0.24531446,0.99394508,1.1599075,0.76415937,-0.61728395,0.5,2.7305282,3.8715433,4.0549211,0.26512014,0.033428074,0.062999297,-0.0038053311,2.5773715,2.4075772,0.64602563,0.15,1.6759132,0.5,0.035890313,13.931336,2.4752576,32.30635,-0.0080855486,-0.27392073,-0.013016442,0.10497,-0.39102914,-0.76076584
3195,4195000.0,5.4134557,1.5392802,3.8741756,-0.26578991,1.0265183,1.1999166,0.78642795,-0.61728395,0.5,2.7805268,4.0701745,3.9249032,0.3465027,0.10054534,-0.007273171,-0.013841357,2.622907,2.4464361,0.65253265,0.15,1.6841903,0.5,0.036251814,13.792413,2.4979563,32.30635,0.04665758,-0.21312091,-0.0093726995,0.17705424,0.94058033,-3.6331584
3196,4196000.0,5.4255137,1.5228414,3.9026723,-0.23073785,1.0155556,1.1840098,0.78232503,-0.61728395,0.5,2.6691351,3.9232011,3.9047132,0.17949116,-0.0032510675,0.1607997,-0.082981241,2.5123377,2.3394734,0.65033831,0.15,1.6492096,0.5,0.036129906,13.838951,2.4897775,32.30635,0.01804971,-0.24947846,-0.0012001062,0.13689306,-1.2582828,-2.1876037
3197,4197000.0,5.4470881,1.5103796,3.9367085,-0.25026814,1.0072451,1.1396433,0.82409663,-0.61728395,0.5,2.7227142,3.889947,3.9784451,0.29975038,0.033147487,0.23972463,-0.12311396,2.5575446,2.4054053,0.64590194,0.15,1.6999418,0.5,0.035883441,13.934004,2.469137,32.30635,0.002121216,-0.12439909,0.028379753,0.21822534,-3.6328133,5.877153
3198,4198000.0,5.4389027,1.5419404,3.8969623,-0.25615332,1.0282924,1.1950691,0.79740205,-0.61728395,0.5,2.743066,3.9778878,3.9534156,0.29789452,-0.05915319,-0.17744185,-0.19063092,2.5832467,2.410325,0.64360786,0.15,1.7338133,0.5,0.035755992,13.98367,2.478317,32.30635,-0.038576617,-0.16346236,0.00017911073,0.15668407,-1.2523996,-0.79936547
3199,4199000.0,5.4439513,1.5418153,3.902136,-0.24553465,1.028209,1.1901599,0.80402244,-0.61728395,0.5,2.7081075,3.9402911,3.9617512,0.22228034,-0.011658973,0.12122638,0.023573697,2.5469614,2.3767334,0.6495238,0.15,1.7361847,0.5,0.036084656,13.856305,2.4833912,32.30635,0.0017226582,-0.22150743,0.0046139813,0.19930838,-1.4661821,0.60881431
3200,4200000.0,5.4519259,1.518782,3.933144,-0.25249347,1.0128485,1.1686245,0.79722827,-0.61728395,0.5,2.3841272,3.6823461,3.6878128,-0.21777719,0.020375571,-0.23559298,0.021189337,2.2243428,2.0587492,0.65706969,0.15,1.7008965,0.5,0.036503871,13.697177,2.5081559,32.30635,-0.017112083,-0.18454741,0.0025522191,0.16182716,0.84052998,-2.8225876
3201,4201000.0,5.4246039,1.5200321,3.9045718,-0.27703656,1.0136822,1.1723268,0.79407746,-0.61728395,0.5,2.4457298,3.7427407,3.7687995,-0.17435088,0.095008456,-0.40910106,-0.043416178,2.2865768,2.1193209,0.66505619,0.15,1.6983269,0.5,0.036947566,13.532691,2.4787048,32.30635,-0.0043880077,-0.12581062,0.020119149,0.18888991,4.6751143,1.1310474
3202,4202000.0,5.4231229,1.5193258,3.9037972,-0.26973107,1.0132111,1.1718935,0.79355366,-0.61728395,0.5,2.6693486,3.9122369,3.8848854,0.21092362,-0.0020692949,-0.038582773,-0.04259752,2.5103006,2.3430604,0.66455125,0.15,1.6873868,0.5,0.036919514,13.542974,2.4822048,32.30635,-0.026833398,-0.23105673,0.006756358,0.17387361,0.72608099,-4.9374482
3203,4203000.0,5.4324475,1.5148889,3.9175586,-0.26276777,1.0102522,1.196365,0.75248657,-0.61728395,0.5,2.727933,3.9325609,3.9943955,0.25684271,-0.013867522,0.099295084,-0.042020729,2.5771159,2.3948313,0.65796722,0.15,1.6986077,0.5,0.036553734,13.678493,2.4919152,32.30635,0.0073396773,-0.18606239,0.0066673789,0.13940602,-3.554526,-8.8409
3204,4204000.0,5.3960049,1.5279944,3.8680105,-0.25947314,1.0189921,1.1925476,0.77867754,-0.61728395,0.5,2.7995579,3.9433917,4.0495689,0.40571306,-0.0033108445,-0.060643872,0.0033662133,2.6434915,2.467519,0.65256291,0.15,1.7219717,0.5,0.036253495,13.791774,2.4926236,32.30635,-0.017413129,-0.23964046,0.0011448323,0.15854377,-1.6445644,3.9593299
3205,4205000.0,5.3859493,1.5135403,3.872409,-0.2707358,1.0093529,1.1875681,0.76255771,-0.61728395,0.5,2.7949649,4.0934924,3.9504454,0.34095688,0.0065583953,0.069030162,-0.031028041,2.6421293,2.4643124,0.6437924,0.15,1.727214,0.5,0.035766245,13.979662,2.4800984,32.30635,-0.0052095221,-0.14606076,0.049666987,0.22463622,-1.3419143,5.7317433
3206,4206000.0,5.3877329,1.4874274,3.9003055,-0.26793068,0.99193867,1.1434218,0.78226591,-0.61728395,0.5,2.5088199,3.714842,3.8005639,0.011053785,-0.019377387,-0.054537771,0.0027236325,2.3520343,2.190459,0.63581024,0.15,1.7530307,0.5,0.035322791,14.155167,2.4741956,32.30635,0.0020974189,-0.19400798,-0.0066891268,0.14903817,0.19204249,3.0649415
3207,4207000.0,5.3748455,1.481935,3.8929105,-0.26110272,0.98827585,1.1498592,0.76456915,-0.61728395,0.5,2.6292406,3.9264503,3.8803976,0.080873853,-0.0043754214,-0.077458568,0.040525894,2.4760018,2.3090873,0.63860645,0.15,1.700753,0.5,0.035478136,14.093187,2.5093395,32.30635,0.015047159,-0.14355389,-0.0052757106,0.19448762,1.9899136,-1.4306922
3208,4208000.0,5.4011897,1.5344951,3.8666946,-0.25340875,1.0233272,1.1949801,0.78565913,-0.61728395,0.5,3.0123844,4.2446266,4.1264842,0.66604231,-0.021278992,-0.17256019,0.086462825,2.8549186,2.6796681,0.6425291,0.15,1.7016288,0.5,0.035696061,14.007148,2.4912334,32.30635,0.0091870762,-0.11332107,-0.0050664295,0.25866943,1.5229788,3.1544865
3209,4209000.0,5.4152894,1.5179494,3.89734,-0.26115914,1.0122932,1.1519113,0.819119,-0.61728395,0.5,2.7203653,4.0081337,3.9063631,0.246599,0.029500929,-0.22347665,-0.083111269,2.5561934,2.3996407,0.65116434,0.15,1.7202859,0.5,0.036175796,13.821396,2.4851305,32.30635,0.04273017,-0.13825434,0.022352489,0.22407616,-0.9126118,0.21392427
3210,4210000.0,5.4592176,1.5778595,3.8813581,-0.2696678,1.0522462,1.2113956,0.83197017,-0.61728395,0.5,3.0616998,4.1752713,4.2063543,0.8034738,0.0017022252,-0.16190346,-0.18865159,2.8949522,2.7244131,0.65566358,0.15,1.7662293,0.5,0.036425755,13.726552,2.4580637,32.30635,-0.0062860407,-0.17765186,0.011096812,0.15934459,1.6949051,2.7850911
3211,4211000.0,5.4557107,1.5461487,3.9095621,-0.25902109,1.0310988,1.2053392,0.78984223,-0.61728395,0.5,2.834886,4.0771298,4.0154215,0.41210688,0.010590371,-0.044854238,-0.0040096188,2.6765819,2.4992856,0.66190729,0.15,1.7525402,0.5,0.036772627,13.59707,2.4896808,32.30635,0.017120757,-0.16428669,0.02029115,0.22459288,-1.1869911,-0.052929262
3212,4212000.0,5.4822216,1.5633391,3.9188826,-0.25265019,1.0425628,1.2164713,0.80177603,-0.61728395,0.5,2.4868372,3.7736783,3.7552271,-0.068393762,-0.047004377,-0.019278111,-0.032811158,2.3261412,2.1481372,0.66047707,0.15,1.733298,0.5,0.036693171,13.626514,2.4784472,32.30635,-0.0075066489,-0.14002145,-0.02265781,0.24198526,-0.29282036,0.010390427
3213,4213000.0,5.475921,1.5531822,3.9227388,-0.24927458,1.0357894,1.1962754,0.81364367,-0.61728395,0.5,2.8139233,3.9578657,4.0523076,0.4315965,0.003717682,-0.33845057,-0.02432117,2.6508487,2.4808464,0.65301118,0.15,1.7649573,0.5,0.036278399,13.782306,2.4659316,32.30635,-0.027007696,-0.18999198,-0.027134469,0.17575407,6.7972325,2.7475423
3214,4214000.0,5.4608267,1.54579,3.9150367,-0.25386284,1.0308597,1.1905579,0.80980458,-0.61728395,0.5,2.9074447,4.0431868,4.1133296,0.56581767,0.0063446866,-0.21178406,-0.032620702,2.7451396,2.5759597,0.63827446,0.15,1.74259,0.5,0.035459692,14.100517,2.4957683,32.30635,-0.011047466,-0.21772907,-0.0035098824,0.15456164,5.1990868,3.47995
3215,4215000.0,5.4545432,1.5291447,3.9253985,-0.24877505,1.0197592,1.1695945,0.81239711,-0.61728395,0.5,2.6659763,3.9189909,3.8926478,0.18629021,-0.0089940022,0.17622611,-0.021210827,2.5031516,2.3403282,0.63167074,0.15,1.7348879,0.5,0.035092819,14.247929,2.4864659,32.30635,-0.01064048,-0.17878225,-0.00027553199,0.19161162,-0.36644935,2.2552799
3216,4216000.0,5.4597276,1.5259597,3.9337679,-0.250365,1.0176352,1.178062,0.79555774,-0.61728395,0.5,2.8861286,4.0234958,4.0731616,0.56172824,0.0050204472,0.26086949,0.10066727,2.7266789,2.5581229,0.63038271,0.15,1.7232856,0.5,0.035021262,14.277041,2.4761256,32.30635,0.0073880062,-0.16646491,0.011641548,0.21150298,-4.5602604,1.1995929
3217,4217000.0,5.4054524,1.5165656,3.8888868,-0.26249979,1.0113704,1.1730733,0.78751542,-0.61728395,0.5,2.5593042,3.8759685,3.8111761,-0.009231944,-0.028915338,0.10926489,0.037363805,2.4014665,2.2326875,0.63248751,0.15,1.6750772,0.5,0.035138195,14.22953,2.4868085,32.30635,-0.039354349,-0.17941402,-0.0083061003,0.19551939,3.2454837,-1.5516783
3218,4218000.0,5.3802223,1.5278978,3.8523245,-0.25991716,1.0189276,1.1802848,0.79555881,-0.61728395,0.5,2.780671,3.9454138,3.9754444,0.42115492,-0.040498778,-0.17037503,0.11349673,2.6212212,2.4520464,0.64319104,0.15,1.6564733,0.5,0.035732836,13.992732,2.4664804,32.30635,-0.026856796,-0.22161797,0.020875555,0.25026214,2.6555485,1.2582994
3219,4219000.0,5.4324863,1.5301731,3.9023132,-0.26824501,1.020445,1.2045101,0.76553177,-0.61728395,0.5,2.6902328,3.8495154,4.0081044,0.21307862,0.057325293,-0.15438447,0.061409827,2.5368011,2.3548632,0.6594493,0.15,1.6690078,0.5,0.036636072,13.647751,2.5157429,32.30635,-0.011667451,-0.21339061,0.026465408,0.16134134,4.1176141,1.557946
3220,4220000.0,5.4233017,1.5348178,3.8884839,-0.26648835,1.0235424,1.1826768,0.80326512,-0.61728395,0.5,2.9231676,4.0957878,4.0930553,0.58065976,-0.037713769,-0.16171302,0.03052794,2.7621732,2.593877,0.6643511,0.15,1.6649022,0.5,0.036908395,13.547054,2.4807787,32.30635,-0.0099734105,-0.17360022,0.016891119,0.19472995,-0.63721765,-6.6809569
3221,4221000.0,5.4311667,1.5367927,3.8943741,-0.25540418,1.0248595,1.1807699,0.80906184,-0.61728395,0.5,2.5964014,3.8879113,3.8349489,0.06634389,-0.066312133,-0.052954372,0.016781011,2.4342452,2.2676417,0.6679634,0.15,1.6552954,0.5,0.037109078,13.473792,2.4689127,32.30635,0.00011029841,-0.19646162,0.027306112,0.14363134,2.2928864,-1.9521295
3222,4222000.0,5.4563472,1.5152989,3.9410484,-0.25505444,1.0105257,1.159913,0.80377871,-0.61728395,0.5,2.4752249,3.7280117,3.8179724,-0.12030943,0.032545349,-0.085801219,0.019671525,2.3141276,2.1522724,0.66100724,0.15,1.7024767,0.5,0.036722625,13.615585,2.4876078,32.30635,0.00051233105,-0.17720199,0.030566629,0.21162098,2.7879548,6.6942551
3223,4223000.0,5.4307403,1.5219335,3.9088068,-0.24482499,1.0149502,1.1763647,0.79149851,-0.61728395,0.5,2.5161879,3.8629886,3.7567723,-0.071197293,0.0022195044,-0.076523946,-0.068648897,2.3575518,2.1886547,0.65629658,0.15,1.7182403,0.5,0.036460921,13.713312,2.4748176,32.30635,0.021873047,-0.14682304,-0.0048351953,0.24030286,0.81902938,4.0233224
3224,4224000.0,5.4210738,1.4969829,3.9240909,-0.25075519,0.99831105,1.154613,0.781949,-0.61728395,0.5,2.4367731,3.7197493,3.7596573,-0.16908723,0.0098618046,-0.10621042,-0.01581322,2.280051,2.1152963,0.64777951,0.15,1.699829,0.5,0.035987751,13.893616,2.4870024,32.30635,-0.0088494514,-0.17408228,0.013894577,0.25086209,-1.1941149,-5.0912557
3225,4225000.0,5.4350126,1.523933,3.9110796,-0.2502989,1.0162836,1.1809897,0.7882604,-0.61728395,0.5,2.5848399,3.8579983,3.7794503,0.11707101,-0.017662418,-0.13997351,0.13339882,2.4268528,2.256019,0.64021895,0.15,1.7159658,0.5,0.03556772,14.057691,2.4826648,32.30635,0.026244208,-0.18704931,0.024178399,0.18041739,-0.82610367,-2.4973399
3226,4226000.0,5.4085942,1.5325405,3.8760538,-0.26291187,1.0220238,1.1602219,0.83082956,-0.61728395,0.5,2.887412,4.029294,4.0912851,0.5416569,-0.022134199,-0.04913466,-0.12267978,2.720893,2.5643735,0.6362252,0.15,1.7102871,0.5,0.035345845,14.145934,2.4889521,32.30635,0.0058938299,-0.15630765,0.0037340078,0.19006142,-0.13811929,-0.95380556
3227,4227000.0,5.4281582,1.5343123,3.8938459,-0.24881745,1.0232054,1.1828336,0.80224162,-0.61728395,0.5,2.9049365,4.1063549,4.0624484,0.54600614,-0.0061850539,0.17520403,-0.095644095,2.7441472,2.5756022,0.63649291,0.15,1.6760727,0.5,0.035360717,14.139985,2.4928259,32.30635,0.0095411489,-0.21949518,-0.01706117,0.18033225,-2.0090288,-1.5735081
3228,4228000.0,5.407113,1.5118007,3.8953123,-0.24851155,1.0081928,1.1616927,0.79573094,-0.61728395,0.5,2.7232978,3.920409,3.9665194,0.28296492,-0.016244981,0.15345387,0.080965892,2.5638134,2.3998497,0.63432853,0.15,1.7270728,0.5,0.035240474,14.188231,2.4692831,32.30635,0.00097408618,-0.17507621,-0.021474892,0.22839529,0.64077146,-3.0739347
3229,4229000.0,5.4129265,1.5291681,3.8837584,-0.28343665,1.0197748,1.1739373,0.8064013,-0.61728395,0.5,2.8599773,4.0589097,4.048479,0.47254311,0.036345988,-0.06321292,0.071771265,2.6983543,2.53312,0.64153144,0.15,1.707715,0.5,0.035640635,14.028931,2.497278,32.30635,0.0098240217,-0.16280462,0.029538574,0.21437209,3.365963,7.657875
3230,4230000.0,5.4115856,1.5101101,3.9014755,-0.26286172,1.0070653,1.1968127,0.74424793,-0.61728395,0.5,2.7864785,3.9947553,3.9725243,0.39215596,0.021520615,0.075322457,-0.0090483914,2.6373126,2.4532521,0.64665405,0.15,1.6823966,0.5,0.035925225,13.917797,2.4744239,32.30635,-0.017148111,-0.15475628,0.014557162,0.18763054,1.271447,6.46468
3231,4231000.0,5.4565126,1.5222713,3.9342413,-0.23044546,1.0151754,1.1842016,0.78115003,-0.61728395,0.5,2.9015597,4.0183621,4.0920533,0.59426378,-0.021661031,0.0049231239,-0.048403354,2.7449977,2.5718446,0.65488883,0.15,1.6203516,0.5,0.036382713,13.742791,2.4701018,32.30635,-0.0022964853,-0.16487292,-0.0036265471,0.220375,-3.9620465,-0.080346307
3232,4232000.0,5.4431521,1.5085708,3.9345812,-0.24179589,1.0060388,1.1690894,0.78030765,-0.61728395,0.5,2.9089886,4.0419229,4.1405375,0.5445053,-0.029861169,0.054352926,0.030528113,2.7525954,2.5834811,0.6616217,0.15,1.6201812,0.5,0.036756761,13.60294,2.487663,32.30635,-0.0013529728,-0.18616763,0.021036053,0.19127733,-2.339548,1.2719717
3233,4233000.0,5.4714444,1.5572237,3.9142207,-0.24730346,1.0384846,1.2144962,0.79477301,-0.61728395,0.5,2.683263,3.9007998,3.9821896,0.16679969,0.028252238,-0.23141651,-0.027736632,2.5239707,2.345113,0.66042212,0.15,1.6305865,0.5,0.036690118,13.627648,2.4774022,32.30635,-0.026651433,-0.22444561,0.008706455,0.18690911,0.315171,-2.1793742
3234,4234000.0,5.4741814,1.5963337,3.8778478,-0.2552373,1.0645663,1.2320934,0.83266154,-0.61728395,0.5,2.7465614,4.0469693,3.9851056,0.20760913,0.00096609106,-0.31702809,0.023652515,2.5796752,2.4035118,0.66061356,0.15,1.6796851,0.5,0.036700753,13.623699,2.4815561,32.30635,-0.0091669342,-0.17022323,0.011638655,0.22935344,2.0597442,7.6352243
3235,4235000.0,5.468117,1.546529,3.921588,-0.23655483,1.0313524,1.1927887,0.80788335,-0.61728395,0.5,2.6848543,3.9381551,3.8388591,0.27754853,0.0089694324,-0.098143625,0.048903521,2.5229342,2.3527482,0.65061641,0.15,1.6878498,0.5,0.036145356,13.833036,2.4939383,32.30635,0.048364777,-0.25051999,0.025964189,0.20379687,0.11680783,0.67048164
3236,4236000.0,5.4591834,1.5453875,3.9137959,-0.24839087,1.0305912,1.1964425,0.80098825,-0.61728395,0.5,2.6836045,3.9307897,3.9332758,0.18674791,0.0089483037,-0.028020007,0.16283653,2.5230664,2.3504811,0.63836982,0.15,1.6822468,0.5,0.03546499,14.098411,2.4883571,32.30635,0.028340642,-0.17728984,-0.0042336927,0.19377138,2.0545545,-5.404027
3237,4237000.0,5.4633108,1.5413098,3.922001,-0.23445849,1.0278719,1.1829159,0.81328011,-0.61728395,0.5,2.6855255,3.9635966,3.9225282,0.1704516,-0.018114238,0.087323714,-0.094343485,2.5225238,2.3561683,0.63623098,0.15,1.6880149,0.5,0.035346165,14.145806,2.4920359,32.30635,0.016791256,-0.13628365,-0.01204154,0.14938148,0.42210796,-3.7693645
3238,4238000.0,5.4494568,1.5294542,3.9200026,-0.24192094,1.0199656,1.1781779,0.80096633,-0.61728395,0.5,2.6828874,3.9402396,3.9184754,0.18994706,0.022371874,0.11552116,0.00055313322,2.5223537,2.3548494,0.63641884,0.15,1.6709077,0.5,0.035356602,14.14163,2.4757542,32.30635,-0.023576165,-0.2039892,0.013013855,0.20011297,-1.1708007,-2.4719316
3239,4239000.0,5.4579987,1.5624854,3.8955133,-0.25954645,1.0419935,1.1907903,0.83609113,-0.61728395,0.5,2.6865033,4.0105897,3.9151853,0.13373508,0.035079837,-0.038535402,-0.022153931,2.5189298,2.3549537,0.63979894,0.15,1.6154308,0.5,0.035544385,14.066919,2.5276097,32.30635,0.0050631996,-0.1546128,0.011722254,0.13561261,-2.2405887,-5.5003868
3240,4240000.0,5.4374542,1.5490051,3.888449,-0.25589221,1.0330037,1.1911997,0.81403724,-0.61728395,0.5,2.7285781,3.9721459,4.0197958,0.19379262,-0.012551933,-0.0067606944,0.091136432,2.5654247,2.3969145,0.64481676,0.15,1.653954,0.5,0.035823153,13.957454,2.4904608,32.30635,-0.013370866,-0.15851553,-0.022557682,0.19241162,-1.9616117,-1.2233819
3241,4241000.0,5.4249164,1.5540072,3.8709092,-0.25408502,1.0363395,1.2048394,0.80306153,-0.61728395,0.5,2.7131432,3.9599524,3.9461434,0.23333381,0.015530569,0.23276548,-0.090273842,2.5521896,2.3776819,0.6535782,0.15,1.6431141,0.5,0.0363099,13.770349,2.4908268,32.30635,-0.012948398,-0.19260871,-0.010712917,0.15680521,-2.4680089,4.0981459
3242,4242000.0,5.4316172,1.5359662,3.8956509,-0.27637732,1.0243083,1.1996533,0.78151194,-0.61728395,0.5,2.7540261,4.0533081,3.987265,0.22150507,0.013794237,0.028902659,0.10612736,2.5973915,2.4200087,0.66325994,0.15,1.6127842,0.5,0.036847774,13.569341,2.4979187,32.30635,-0.04770079,-0.21576542,0.014462462,0.16903226,-0.010623851,3.6000554
3243,4243000.0,5.4634459,1.5651994,3.8982466,-0.27324279,1.0438034,1.1882815,0.84390203,-0.61728395,0.5,2.7408054,3.9568279,3.9763997,0.28918859,-0.027114987,0.11997507,0.027628679,2.5716663,2.4099543,0.66615561,0.15,1.6005515,0.5,0.037008645,13.510357,2.465186,32.30635,0.0034860916,-0.17712867,0.022806216,0.2200499,-4.9488149,-1.7419387
3244,4244000.0,5.4234042,1.5451194,3.8782848,-0.26119297,1.0304124,1.192322,0.80628509,-0.61728395,0.5,2.8834599,4.0792979,4.0812942,0.48978747,-0.10684156,0.049024406,0.084228087,2.7218602,2.5514838,0.66098377,0.15,1.6011407,0.5,0.036721321,13.616068,2.4703293,32.30635,-0.032597609,-0.18852981,-0.0062603171,0.16599372,-2.3514466,-0.93304931
3245,4245000.0,5.4491889,1.5357983,3.9133906,-0.25638178,1.0241963,1.1936167,0.78963032,-0.61728395,0.5,2.8143343,4.0173484,4.0808742,0.34478031,0.042322188,-0.20789562,0.10891972,2.6560726,2.4819977,0.66090173,0.15,1.6379025,0.5,0.036716763,13.617758,2.4922137,32.30635,-0.020355647,-0.21445342,0.0034377531,0.18207012,4.6317929,1.7573926
3246,4246000.0,5.4401609,1.5113069,3.928854,-0.2612843,1.0078635,1.1729599,0.77929168,-0.61728395,0.5,2.8234367,4.0373776,4.0098603,0.42307208,-0.036571221,0.078046102,-0.057424315,2.6672471,2.4968515,0.65203153,0.15,1.6168795,0.5,0.036223974,13.803013,2.475541,32.30635,-0.033612741,-0.17879736,0.012452386,0.22650864,0.59683138,5.7354672
3247,4247000.0,5.4436554,1.5271318,3.9165236,-0.25179789,1.0184168,1.174979,0.80170876,-0.61728395,0.5,2.7864599,4.0097756,3.9671433,0.38246087,-0.054153452,-0.087137198,0.056077513,2.6257775,2.4593126,0.64610729,0.15,1.6277525,0.5,0.035894849,13.929575,2.475277,32.30635,0.019526502,-0.17834023,0.0028170959,0.24873147,-0.56658874,-1.1767387
3248,4248000.0,5.4252284,1.5314532,3.8937752,-0.24670401,1.0212987,1.192522,0.78422565,-0.61728395,0.5,2.7786393,4.0136819,4.0137843,0.30845175,-0.0009101611,0.066789898,-0.070642511,2.6214609,2.4466075,0.63446315,0.15,1.6498118,0.5,0.035247953,14.185221,2.4713197,32.30635,-0.0082530943,-0.2007138,0.0024005338,0.15529535,0.46542189,-3.1582942
3249,4249000.0,5.4710972,1.5367877,3.9343095,-0.24614623,1.0248561,1.1774662,0.81364322,-0.61728395,0.5,2.9092359,4.0844728,4.1040108,0.53922426,0.016747227,0.063790435,0.064744113,2.7461615,2.5813961,0.63553506,0.15,1.655586,0.5,0.035307503,14.161296,2.4961984,32.30635,0.024290154,-0.21868728,0.041920456,0.21399574,-0.86654515,-0.093819263
3250,4250000.0,5.4437234,1.5643824,3.879341,-0.25234422,1.0432586,1.2273405,0.78833945,-0.61728395,0.5,2.9032296,4.1126784,4.1463694,0.45064101,0.010365947,-0.1128418,-0.08306447,2.7452267,2.5615034,0.6378617,0.15,1.6834334,0.5,0.035436761,14.109642,2.4864516,32.30635,-0.016415111,-0.18535783,0.016408065,0.23371425,-3.5643435,1.9188168
3251,4251000.0,5.4764298,1.5633849,3.9130449,-0.23780907,1.0425934,1.2256071,0.78915781,-0.61728395,0.5,2.5731326,3.9200669,3.8514208,-0.052090028,-0.0089840645,-0.43612723,-0.090855407,2.4149656,2.231889,0.64267842,0.15,1.7158865,0.5,0.035704357,14.003893,2.4855792,32.30635,-0.010837037,-0.19645764,-0.021915846,0.17637975,5.0631077,-2.3653323
3252,4252000.0,5.4316472,1.5502117,3.8814356,-0.27248596,1.0338084,1.2171311,0.7799367,-0.61728395,0.5,2.8835527,4.0692504,4.0757868,0.50562089,0.025372518,-0.25598769,0.064198235,2.7272339,2.544669,0.64566206,0.15,1.7081309,0.5,0.035870114,13.939181,2.4743945,32.30635,-0.013336838,-0.17961416,-0.020591498,0.15614586,1.8968132,-1.3077939
3253,4253000.0,5.4448822,1.575085,3.8697972,-0.25511382,1.050396,1.2155216,0.8218164,-0.61728395,0.5,2.9089888,4.1413933,4.0665211,0.51905219,-0.02381025,0.11370371,0.069270534,2.7442763,2.5705533,0.64906672,0.15,1.742066,0.5,0.036059262,13.866063,2.4772832,32.30635,-0.020644309,-0.1651504,-0.050965724,0.18805617,-0.15573076,6.651952
3254,4254000.0,5.4655792,1.5642569,3.9013223,-0.23981389,1.0431749,1.2164551,0.80326145,-0.61728395,0.5,2.8991701,4.0128617,4.1695321,0.51511655,0.04728906,-0.19527586,0.038338385,2.7381764,2.5604747,0.64675036,0.15,1.7480352,0.5,0.035930576,13.915725,2.5110466,32.30635,0.0022464106,-0.18797821,-0.0066529863,0.17344275,4.0605702,0.12276381
3255,4255000.0,5.4841551,1.5623765,3.9217786,-0.25576181,1.0419209,1.1936861,0.83189484,-0.61728395,0.5,2.6082015,3.7921544,3.9105772,0.12187283,-0.044288469,-0.10506215,-0.027498697,2.441469,2.2758456,0.63799146,0.15,1.7326021,0.5,0.03544397,14.106772,2.4741686,32.30635,-0.0079229174,-0.20559239,-0.00011931971,0.23781157,2.0364743,2.324539
3256,4256000.0,5.4635018,1.5382045,3.9252973,-0.24355394,1.025801,1.2009765,0.78324118,-0.61728395,0.5,2.6118153,3.9395697,3.8852718,0.010604315,0.079494205,-0.013828711,-0.0068653404,2.4548342,2.2774295,0.63681745,0.15,1.6952798,0.5,0.035378747,14.132778,2.4983184,32.30635,0.010565001,-0.14751924,0.023191826,0.16230468,2.3739085,0.9450673
3257,4257000.0,5.4322916,1.5185338,3.9137578,-0.26002288,1.012683,1.184824,0.77432856,-0.61728395,0.5,2.9918727,4.1937876,4.1535521,0.62827835,0.013209112,-0.083066194,0.014206822,2.8366779,2.6619842,0.63012987,0.15,1.6562955,0.5,0.035007215,14.28277,2.4846079,32.30635,-0.015145556,-0.15693164,-0.009406278,0.17737789,-3.6715168,4.6660136
3258,4258000.0,5.4499666,1.5364415,3.913525,-0.24900559,1.0246253,1.1862679,0.8008643,-0.61728395,0.5,2.9334923,4.1109844,4.1300354,0.55945712,-0.032634977,-0.015728748,-0.031460711,2.7729791,2.6032018,0.62898292,0.15,1.7376651,0.5,0.034943495,14.308815,2.4829042,32.30635,-0.035633219,-0.14917043,0.0079069387,0.21354219,-3.7893631,1.5206259
3259,4259000.0,5.4723978,1.5614723,3.9109255,-0.27316248,1.0413179,1.2191231,0.79511688,-0.61728395,0.5,2.5140826,3.7631061,3.8057661,-0.026624318,0.095571209,-0.094092167,0.054107369,2.3547213,2.1746443,0.63498328,0.15,1.7445827,0.5,0.035276849,14.173601,2.4826837,32.30635,0.012793905,-0.20070314,0.0034907308,0.15010587,-1.312182,0.97508046
3260,4260000.0,5.3860317,1.5253241,3.8607076,-0.25603587,1.0172113,1.19992,0.76417974,-0.61728395,0.5,2.7921923,4.0197817,3.962254,0.39454134,-0.0016825723,0.057106896,0.15643024,2.6390316,2.4581007,0.64221633,0.15,1.6649638,0.5,0.035678685,14.013969,2.4787869,32.30635,-0.0012508649,-0.18516155,0.019745284,0.21490115,0.64041284,0.28207534
3261,4261000.0,5.4227003,1.5301632,3.8925371,-0.27575106,1.0204384,1.1916035,0.78344562,-0.61728395,0.5,2.914133,4.1056306,4.0705949,0.56617363,-0.032531758,-0.15924266,0.028178273,2.7571109,2.582357,0.65110747,0.15,1.6560043,0.5,0.036172637,13.822603,2.494394,32.30635,0.020003385,-0.25458263,0.0025032111,0.16324688,4.4642423,1.4211145
3262,4262000.0,5.4446096,1.5634219,3.8811876,-0.25602101,1.0426181,1.2008177,0.82365393,-0.61728395,0.5,2.8423997,4.0842301,4.0275228,0.4154462,0.018582572,-0.26595038,0.052115973,2.6773189,2.5080581,0.65490827,0.15,1.7277751,0.5,0.036383793,13.742383,2.4705586,32.30635,-0.003155079,-0.11804672,0.013502267,0.21368665,3.3496414,0.62046131
3263,4263000.0,5.4116189,1.528975,3.8826439,-0.25598704,1.019646,1.2025422,0.76635602,-0.61728395,0.5,2.5922553,3.8517085,3.8596635,0.065394014,0.039013066,-0.13120704,0.075622832,2.4386584,2.2574336,0.65334909,0.15,1.7225302,0.5,0.036297172,13.775178,2.4902443,32.30635,0.011236901,-0.19677294,0.00087723919,0.2281612,-1.5768495,4.4437139
3264,4264000.0,5.4366346,1.5337758,3.9028588,-0.2655875,1.0228476,1.1668171,0.82363659,-0.61728395,0.5,2.509556,3.733257,3.8243769,-0.028965953,-0.049676951,-0.23351152,-0.0084344073,2.3444786,2.1846812,0.65598512,0.15,1.7248141,0.5,0.036443618,13.719823,2.4800557,32.30635,-0.022316195,-0.15544264,0.024655322,0.2034294,0.20392899,3.6920182
3265,4265000.0,5.3932147,1.5211031,3.8721116,-0.25328731,1.0143964,1.190697,0.77026472,-0.61728395,0.5,2.9527469,4.1222098,4.2155916,0.52043949,0.044860657,0.01590056,0.11097401,2.7983666,2.6212233,0.65708264,0.15,1.7139004,0.5,0.036504591,13.696907,2.4892286,32.30635,-0.0033637844,-0.18131001,-0.0044011493,0.1941227,-0.64927103,4.4057824
3266,4266000.0,5.414638,1.5207235,3.8939145,-0.25904638,1.0141432,1.1737851,0.7931535,-0.61728395,0.5,2.6123077,3.867582,3.8752768,0.094064382,-0.00079192479,-0.089948707,-0.014145918,2.45334,2.2854928,0.65282089,0.15,1.7079929,0.5,0.036267827,13.786324,2.4701236,32.30635,0.0063851562,-0.13115401,0.00061003408,0.19975385,1.6651399,-0.019491103
3267,4267000.0,5.4273319,1.5186495,3.9086824,-0.26397025,1.0127601,1.155978,0.81458542,-0.61728395,0.5,2.8241325,4.0287519,4.0211704,0.42247513,-0.0057531173,-0.20541526,-0.014501665,2.6608692,2.5022756,0.64698057,0.15,1.7129032,0.5,0.035943365,13.910773,2.4825076,32.30635,-0.013146937,-0.2675914,-0.034624789,0.1964259,0.16301539,4.9801707
3268,4268000.0,5.4404686,1.5428464,3.8976222,-0.24540983,1.0288966,1.1585128,0.84962971,-0.61728395,0.5,2.5572955,3.8784953,3.8127398,-0.019348618,-0.049268565,-0.28764501,-0.2078415,2.3870085,2.2347328,0.64887486,0.15,1.6903417,0.5,0.036048603,13.870163,2.517388,32.30635,-0.0045174795,-0.20078172,0.0060137161,0.12559345,2.9342587,-2.4301888
3269,4269000.0,5.4080502,1.5513278,3.8567224,-0.23713826,1.0345527,1.1928121,0.8154993,-0.61728395,0.5,2.9107042,4.1418048,4.0879248,0.50238313,-0.0095509904,0.20917138,-0.032577641,2.7472578,2.5785917,0.64945218,0.15,1.7200919,0.5,0.036080676,13.857833,2.5028512,32.30635,-0.021026033,-0.2228752,-0.0013763795,0.17440397,2.1703374,-0.27233963
3270,4270000.0,5.434157,1.5194476,3.9147094,-0.22899902,1.0132923,1.1727406,0.79257095,-0.61728395,0.5,3.1053042,4.3027467,4.2408178,0.77234791,0.0035085962,0.031221013,0.101997,2.9464531,2.7787801,0.64917395,0.15,1.7267202,0.5,0.036065219,13.863773,2.4771747,32.30635,-0.028381888,-0.19880929,-0.024950624,0.15798103,2.3691427,4.7897556
3271,4271000.0,5.4353403,1.5398667,3.8954737,-0.25740406,1.0269095,1.1649252,0.8359725,-0.61728395,0.5,2.9400976,4.1351001,4.1265236,0.55866906,0.019626126,-0.002053205,0.042400156,2.7725478,2.6157495,0.64703276,0.15,1.7080642,0.5,0.035946264,13.909651,2.4649513,32.30635,0.0090005991,-0.1772573,-0.020322443,0.18264592,1.3608687,0.38855436
3272,4272000.0,5.45678,1.5342982,3.9224818,-0.2588881,1.0231959,1.1795682,0.8067554,-0.61728395,0.5,2.758436,3.9755503,3.9956905,0.30406738,0.0044668616,-0.2782608,0.033424361,2.5967421,2.4300109,0.64854987,0.15,1.6619147,0.5,0.036030548,13.877113,2.4740177,32.30635,0.004825488,-0.097718518,-0.0042332784,0.16696151,1.0262828,-0.11470775
3273,4273000.0,5.3855138,1.4992179,3.8862959,-0.25525376,0.99980154,1.1506631,0.79099831,-0.61728395,0.5,2.9203507,4.0631116,4.1428872,0.55505314,0.041767067,-0.19834266,-0.12470343,2.7618148,2.5999736,0.64852009,0.15,1.7067351,0.5,0.036028894,13.877751,2.481065,32.30635,-0.0050748109,-0.13976021,0.015488388,0.18868712,-0.18725606,2.4754839
3274,4274000.0,5.4020495,1.5367094,3.86534,-0.27747298,1.024804,1.1717676,0.82143499,-0.61728395,0.5,2.4316108,3.7659952,3.8033913,-0.27455412,0.012198717,-0.16343848,-0.010142466,2.2669747,2.1053576,0.65469092,0.15,1.6902574,0.5,0.036371718,13.746945,2.5024847,32.30635,-0.022497559,-0.14013109,0.015002076,0.19203107,3.8787372,-6.3460965
3275,4275000.0,5.4306472,1.5237677,3.9068795,-0.2780404,1.0161734,1.1914159,0.77351299,-0.61728395,0.5,2.4993713,3.7927241,3.8066502,-0.10126055,-0.028824218,-0.025613446,-0.01396876,2.3443399,2.1676474,0.65551205,0.15,1.6944868,0.5,0.036417336,13.729725,2.4920035,32.30635,-0.014607046,-0.14008744,-0.0040785581,0.1780563,1.5560397,-0.91532632
3276,4276000.0,5.4338079,1.5466448,3.8871631,-0.2585665,1.0314297,1.1818127,0.82331563,-0.61728395,0.5,3.0769402,4.2217754,4.2785095,0.73053563,-0.025816247,-0.082605905,-0.041700025,2.9119271,2.7478902,0.65275102,0.15,1.7281041,0.5,0.036263946,13.787799,2.4827409,32.30635,-0.013772027,-0.18770493,-0.013107003,0.15154976,-0.15315111,2.9824477
3277,4277000.0,5.4391863,1.5637063,3.87548,-0.26700268,1.0428077,1.211045,0.8098995,-0.61728395,0.5,2.6687402,3.9700028,3.9252645,0.11095341,0.058229953,-0.033566669,-0.10545546,2.5064161,2.3315511,0.65202953,0.15,1.7484027,0.5,0.036223863,13.803056,2.4906668,32.30635,-0.030318502,-0.22534847,-0.014399647,0.11951358,-1.4716366,-1.7055025
3278,4278000.0,5.469628,1.5619008,3.9077272,-0.24800829,1.0416036,1.2060254,0.81399498,-0.61728395,0.5,2.8255055,4.0083543,4.0605828,0.4075794,0.0067571657,0.096710971,-0.1208459,2.6623606,2.489714,0.6444578,0.15,1.7123689,0.5,0.035803211,13.965228,2.4692026,32.30635,-0.0043041977,-0.23144985,-0.018720761,0.16373481,-3.0429358,2.6998914
3279,4279000.0,5.469568,1.5579598,3.9116082,-0.26155728,1.0389754,1.2052006,0.80885956,-0.61728395,0.5,2.6310535,3.9419484,3.8131363,0.13807597,0.0035320159,0.081425919,0.13436081,2.4689379,2.2954917,0.64288417,0.15,1.7299025,0.5,0.035715787,13.999411,2.4769243,32.30635,-0.034596799,-0.19702048,-0.0037482085,0.28386948,-2.9193242,-1.9071202
3280,4280000.0,5.4675772,1.5506403,3.9169369,-0.23180013,1.0340942,1.1922895,0.81512958,-0.61728395,0.5,3.0364326,4.1968873,4.2009482,0.71146241,-0.014774745,-0.16793496,-0.12111,2.8730603,2.7044656,0.64372274,0.15,1.7371974,0.5,0.035762374,13.981175,2.474188,32.30635,0.016703115,-0.20245439,-0.00895791,0.1700813,3.4285054,12.895357
3281,4281000.0,5.4638429,1.5691657,3.8946773,-0.22652811,1.0464484,1.2260576,0.79774547,-0.61728395,0.5,2.8220906,4.1001959,4.0072019,0.35887385,0.040416157,-0.022589768,-0.074701123,2.6622024,2.4807215,0.64419137,0.15,1.695421,0.5,0.035788409,13.971004,2.4758845,32.30635,-0.010745867,-0.17873225,-0.0020067843,0.15699979,2.8177211,6.9524231
3282,4282000.0,5.4579958,1.5448294,3.9131664,-0.25533758,1.030219,1.1843275,0.8169288,-0.61728395,0.5,2.8408709,4.0694639,4.05362,0.39952878,-0.017048694,0.072874584,-0.063620933,2.6771379,2.5111207,0.64890465,0.15,1.6502196,0.5,0.036050258,13.869526,2.4823499,32.30635,0.0065694017,-0.19089425,0.032983002,0.20118979,0.050280916,4.3528366
3283,4283000.0,5.4496394,1.5692968,3.8803426,-0.26852238,1.0465359,1.2082083,0.82275042,-0.61728395,0.5,2.5768546,3.856809,3.8194183,0.054336538,0.034893504,-0.07235057,-0.023512497,2.4119549,2.2404553,0.64798967,0.15,1.7062128,0.5,0.035999426,13.88911,2.4739537,32.30635,0.014100852,-0.15984658,-0.0074828186,0.13434244,-2.7508066,-2.6313912
3284,4284000.0,5.4580501,1.5411253,3.9169247,-0.26333272,1.0277489,1.2106724,0.77442712,-0.61728395,0.5,2.5423492,3.7379367,3.8900399,-0.00092888674,0.0035013101,-0.28309456,-0.07045049,2.3871347,2.2052639,0.65235385,0.15,1.713007,0.5,0.03624188,13.796194,2.469823,32.30635,-0.010365032,-0.23113681,-0.0060830601,0.15704603,-1.9268892,-1.6367393
3285,4285000.0,5.4949033,1.5817613,3.913142,-0.25411319,1.0548483,1.2157602,0.83212574,-0.61728395,0.5,2.8336986,4.0178246,4.0417999,0.4414714,-0.0070880725,-0.34787092,0.1458293,2.6669199,2.4951967,0.66430749,0.15,1.6916704,0.5,0.036905972,13.547943,2.4871582,32.30635,-0.0036273679,-0.1887184,0.0077098697,0.21512586,1.5528235,1.2644655
3286,4286000.0,5.4773335,1.5774325,3.8999009,-0.26621826,1.0519615,1.2218662,0.81674394,-0.61728395,0.5,2.5149579,3.8516614,3.7399946,-0.0467824,0.032771068,-0.080595599,-0.0053112898,2.351262,2.1747558,0.66475747,0.15,1.6533424,0.5,0.03693097,13.538772,2.4974571,32.30635,0.010060795,-0.17630154,-0.0062450965,0.15592862,0.034521543,-2.7543699
3287,4287000.0,5.4811988,1.5855406,3.8956582,-0.2617391,1.0573686,1.2279805,0.82117285,-0.61728395,0.5,2.7031203,3.938545,3.9297638,0.24105212,0.008404521,-0.09266806,-0.018030846,2.5385368,2.3612159,0.66243322,0.15,1.6494589,0.5,0.036801845,13.586275,2.503038,32.30635,0.0098756654,-0.17755354,-0.036112512,0.21756622,4.5508559,-0.075406362
3288,4288000.0,5.4559457,1.540444,3.9155017,-0.24497661,1.0272945,1.1832288,0.8114656,-0.61728395,0.5,2.9040591,4.0761354,4.1179476,0.51809419,0.017271749,-0.070111429,0.0008508563,2.7414211,2.5746148,0.65454738,0.15,1.6685212,0.5,0.036363743,13.74996,2.4779348,32.30635,-0.018565768,-0.1706486,-0.0078017917,0.18818635,-1.2466552,4.2308113
3289,4289000.0,5.4606813,1.5222586,3.9384227,-0.25990565,1.015167,1.1735289,0.7959562,-0.61728395,0.5,2.8250405,4.0662248,4.015024,0.39387256,-0.025338804,-0.10965596,-0.037767694,2.6655109,2.4982969,0.6480013,0.15,1.6573796,0.5,0.036000072,13.888861,2.4913019,32.30635,-0.00075108872,-0.15674916,-0.0017856142,0.21631427,-2.5454597,3.3538127
3290,4290000.0,5.4651778,1.5441555,3.9210223,-0.24122954,1.0297696,1.1966033,0.79880115,-0.61728395,0.5,2.6787039,3.8916455,3.8609521,0.28351425,0.0016998778,-0.059198657,0.0098113895,2.5186042,2.3455358,0.64160003,0.15,1.6734166,0.5,0.035644446,14.027431,2.4753593,32.30635,-0.020695182,-0.18634075,-0.037605623,0.18587493,-2.6108329,3.4622354
3291,4291000.0,5.4266015,1.5253093,3.9012922,-0.25949336,1.0172014,1.1506758,0.83256575,-0.61728395,0.5,2.6306385,3.8871842,3.9143899,0.090341417,0.035714842,-0.21499784,-0.06922486,2.4637715,2.3102579,0.6423198,0.15,1.6604938,0.5,0.035684433,14.011712,2.5006382,32.30635,0.014840491,-0.22396685,-0.0094765974,0.19331228,1.1542233,-2.8402301
3292,4292000.0,5.4260338,1.5143302,3.9117036,-0.23939673,1.0098797,1.1585831,0.80408223,-0.61728395,0.5,2.8862159,4.1081719,4.1271864,0.42328945,0.014641808,-0.14142663,0.0020259784,2.7250577,2.5636337,0.63814598,0.15,1.7048326,0.5,0.035452554,14.103356,2.482628,32.30635,0.0098613029,-0.14454146,0.035526338,0.13237495,-0.84968079,6.6411683
3293,4293000.0,5.4183462,1.5196895,3.8986567,-0.2570165,1.0134537,1.1801072,0.78272313,-0.61728395,0.5,2.743337,3.9706325,3.9622331,0.29714545,-0.016162405,-0.014894265,0.098858781,2.5864598,2.4147619,0.63763269,0.15,1.7393735,0.5,0.035424038,14.114709,2.4876468,32.30635,-0.014565835,-0.16527637,0.0030534677,0.17904218,-3.7046217,-1.9183423
3294,4294000.0,5.4584658,1.5551586,3.9033071,-0.26782868,1.0371074,1.1784368,0.84157498,-0.61728395,0.5,2.7570937,3.8770119,4.0423676,0.35190157,0.028066645,-0.010120177,-0.031853402,2.588421,2.4289836,0.64002137,0.15,1.7534269,0.5,0.035556743,14.06203,2.4918561,32.30635,-0.0037231865,-0.19238967,0.012039262,0.19274664,-0.36481385,-3.9699042
3295,4295000.0,5.4033968,1.5401082,3.8632886,-0.2635313,1.0270706,1.1982169,0.79010903,-0.61728395,0.5,2.8028105,4.0557903,3.992614,0.36002705,0.044147438,-0.049183546,0.025569637,2.6444529,2.4691931,0.64771301,0.15,1.7130021,0.5,0.035984056,13.895043,2.4713919,32.30635,0.00058858319,-0.21369059,0.013512386,0.21693167,1.8440467,-6.2484642
3296,4296000.0,5.4731109,1.5519437,3.9211672,-0.26098376,1.0349634,1.2061515,0.79794991,-0.61728395,0.5,2.8302539,3.9749299,4.0484842,0.46734757,0.028669208,0.15709401,0.00056833428,2.6703248,2.4944273,0.65748407,0.15,1.7364609,0.5,0.036526893,13.688544,2.4714849,32.30635,-0.014644551,-0.1195047,-0.027430963,0.22021407,-2.6565638,1.3546171
3297,4297000.0,5.4749751,1.5633187,3.9116563,-0.25147186,1.0425492,1.2136095,0.80571921,-0.61728395,0.5,2.3785885,3.6541653,3.6854368,-0.20383666,-0.030434164,0.057806872,-0.049607638,2.2171022,2.0406853,0.66250964,0.15,1.71222,0.5,0.036806091,13.584708,2.495097,32.30635,-0.0066469492,-0.25843622,-0.0262704,0.18164466,-2.9999871,-3.3217989
3298,4298000.0,5.4703644,1.5483593,3.9220051,-0.25775408,1.0325731,1.1885153,0.81673711,-0.61728395,0.5,2.6774981,3.9518798,3.9400398,0.1405747,0.061634443,-0.080771036,-0.039830509,2.5138036,2.3465819,0.66248452,0.15,1.741667,0.5,0.036804696,13.585223,2.4770981,32.30635,-0.022725304,-0.25297916,-0.0092840671,0.18872283,-2.9477102,0.22982199
3299,4299000.0,5.5142678,1.5702541,3.9440137,-0.24062245,1.0471743,1.1868808,0.8539041,-0.61728395,0.5,2.6931296,3.8893718,3.944555,0.24546202,0.03181985,-0.090992668,0.050474625,2.5219859,2.3626685,0.65430825,0.15,1.7872733,0.5,0.036350458,13.754985,2.48477,32.30635,-0.011061228,-0.19644561,-0.0084074111,0.18237155,-1.5140971,4.6613432
3300,4300000.0,5.4826948,1.5615721,3.9211227,-0.23649296,1.0413844,1.1935749,0.83076721,-0.61728395,0.5,3.1275438,4.2449517,4.3098648,0.82781474,0.0027497977,-0.048754138,0.022201378,2.9610372,2.7952188,0.64502862,0.15,1.8092978,0.5,0.035834924,13.952869,2.4834795,32.30635,0.042556847,-0.21111568,-0.0010297834,0.20767115,-0.84938552,-0.046349226
3301,4301000.0,5.4643414,1.5419783,3.9223631,-0.25396637,1.0283177,1.1780641,0.82108564,-0.61728395,0.5,2.9582285,4.1706071,4.0878136,0.61626492,0.0064306507,-0.085822295,0.11458732,2.7936625,2.6302222,0.63812732,0.15,1.7879742,0.5,0.035451518,14.103769,2.4907058,32.30635,-0.043972671,-0.18491984,-0.034677891,0.19099954,-1.4898413,7.3170685
3302,4302000.0,5.44888,1.5274031,3.9214769,-0.25352514,1.0185977,1.1782002,0.79766625,-0.61728395,0.5,2.4686963,3.7157416,3.7792203,-0.088873003,0.028492063,-0.16474001,-0.037100252,2.3088241,2.1406521,0.63539091,0.15,1.7627516,0.5,0.035299495,14.164509,2.4904221,32.30635,0.014507086,-0.13636137,-0.023422831,0.16882201,1.9349388,-3.4233117
3303,4303000.0,5.4342489,1.5399106,3.8943383,-0.26084151,1.0269388,1.1931635,0.79681425,-0.61728395,0.5,2.8211307,4.0604688,4.0257444,0.3771788,0.050798229,-0.32957581,-0.00071120867,2.6614292,2.4889203,0.64457488,0.15,1.7256132,0.5,0.035809715,13.962691,2.4927891,32.30635,-0.004307124,-0.23029869,0.024673638,0.14802172,3.6343186,-0.16832016
3304,4304000.0,5.4363541,1.5175664,3.9187877,-0.25240373,1.0120378,1.1633411,0.80263042,-0.61728395,0.5,2.9701482,4.13942,4.1538144,0.61721029,0.0405216,0.09208524,-0.10372096,2.809281,2.6462412,0.64920958,0.15,1.7085174,0.5,0.036067199,13.863012,2.4822052,32.30635,-0.037761587,-0.18315343,0.030005166,0.17324709,-2.2212147,0.09490669
3305,4305000.0,5.4396187,1.5407925,3.8988261,-0.25878142,1.0275269,1.18972,0.80300342,-0.61728395,0.5,3.0817945,4.2875941,4.190375,0.76741438,0.0082431356,-0.26120334,0.074963749,2.9208526,2.7505429,0.65996102,0.15,1.6739958,0.5,0.036664501,13.637169,2.4811592,32.30635,-0.011452128,-0.17654946,-0.012282101,0.18664982,3.0064888,3.3675336
3306,4306000.0,5.4926758,1.5520774,3.9405983,-0.27119733,1.0350526,1.1752899,0.84103573,-0.61728395,0.5,2.5909698,3.7649184,3.9065221,0.10146891,0.037717764,0.12219522,-0.11747284,2.4224052,2.2637359,0.66612234,0.15,1.7145624,0.5,0.037006797,13.511032,2.4725121,32.30635,-0.0052424847,-0.15380496,0.026975507,0.18180274,-3.1683905,2.3782493
3307,4307000.0,5.4349377,1.5280038,3.9069338,-0.25473893,1.0189984,1.1945748,0.77587639,-0.61728395,0.5,2.447423,3.710361,3.7454733,-0.11356529,0.012379431,0.055811698,-0.091307188,2.291918,2.1148197,0.66483616,0.15,1.7272131,0.5,0.036935342,13.53717,2.484212,32.30635,-0.0013109282,-0.25061289,0.011415722,0.21957501,-0.84935556,0.21318846
3308,4308000.0,5.4623006,1.5160002,3.9463004,-0.26046805,1.0109933,1.1694148,0.79169659,-0.61728395,0.5,2.8877298,3.9883259,4.0764955,0.59836806,-0.045457271,0.17096894,-0.072426939,2.729054,2.5621317,0.6562563,0.15,1.7705185,0.5,0.036458683,13.714154,2.4762278,32.30635,0.023306239,-0.22270228,0.0040016539,0.13997368,-0.62467529,-2.7445168
3309,4309000.0,5.4678111,1.5343844,3.9334267,-0.24996033,1.0232535,1.1877531,0.79552244,-0.61728395,0.5,2.7525806,3.9427642,3.9791168,0.33586084,0.021917489,0.068918096,0.091148838,2.593138,2.4218766,0.64095786,0.15,1.7885033,0.5,0.03560877,14.041485,2.4696425,32.30635,0.02169854,-0.21711616,-0.032405027,0.15790302,-1.4101246,2.4418278
3310,4310000.0,5.512042,1.558456,3.9535861,-0.24243672,1.0393063,1.1829862,0.84051038,-0.61728395,0.5,2.8373517,4.0045306,4.0461607,0.46136376,-0.035431822,0.047656943,0.084863932,2.6688924,2.5079749,0.63744111,0.15,1.811447,0.5,0.035413395,14.118951,2.5006491,32.30635,-0.0098700708,-0.23389843,-0.002075468,0.14699066,-2.3141881,5.6627854
3311,4311000.0,5.4846871,1.5593146,3.9253725,-0.24727488,1.0398789,1.210064,0.80426259,-0.61728395,0.5,2.8227928,4.0229442,4.0651962,0.3802381,-0.045304869,-0.14560442,0.03595752,2.6615985,2.4858768,0.63651094,0.15,1.7254116,0.5,0.035361719,14.139584,2.5082788,32.30635,-0.00023784778,-0.1624635,-0.031378967,0.23710194,-1.665286,-7.4485868
3312,4312000.0,5.4585185,1.5516189,3.9068996,-0.24903736,1.0347468,1.2030484,0.80174312,-0.61728395,0.5,2.8627205,4.075223,4.1033657,0.40957285,0.020227774,0.06093461,0.11087127,2.7020311,2.5277579,0.64044638,0.15,1.7559306,0.5,0.035580354,14.052699,2.4823023,32.30635,0.001502388,-0.19554196,0.019088325,0.19062302,2.1497851,3.0008976
3313,4313000.0,5.4643615,1.5759661,3.8883954,-0.2692262,1.0509835,1.2326798,0.7993845,-0.61728395,0.5,2.7175714,3.924133,3.9282284,0.30035274,-0.050470831,0.10128585,0.035717839,2.5573548,2.3743585,0.64769057,0.15,1.7705187,0.5,0.035982809,13.895524,2.4854749,32.30635,-0.032533293,-0.15404948,-0.0035636136,0.26426881,3.6950191,9.227443
3314,4314000.0,5.4486206,1.552244,3.8963766,-0.27260399,1.0351637,1.2052535,0.79967616,-0.61728395,0.5,2.6882763,3.8573791,3.9940972,0.21335246,-0.0088247658,0.30962351,0.034015375,2.5280012,2.3526997,0.6512885,0.15,1.8050529,0.5,0.036182695,13.818761,2.4888711,32.30635,-0.019014263,-0.26131892,-0.015244037,0.23178513,0.62264137,-3.450119
3315,4315000.0,5.4418017,1.5200266,3.9217751,-0.26378654,1.0136785,1.1645487,0.80487402,-0.61728395,0.5,2.9736863,4.1156212,4.138006,0.66743165,0.020274959,-0.34936246,-0.11586192,2.8123694,2.6494431,0.66072282,0.15,1.8624754,0.5,0.036706823,13.621446,2.4803429,32.30635,-0.0098183344,-0.24811668,0.0027926373,0.20757949,1.6004095,7.1080683
3316,4316000.0,5.4460099,1.5714615,3.8745484,-0.28003223,1.0479795,1.2003551,0.83711022,-0.61728395,0.5,2.791272,3.9483709,4.116054,0.30939111,-0.033201858,0.02829654,-0.050447339,2.6234942,2.4570592,0.66029847,0.15,1.7898525,0.5,0.036683248,13.6302,2.481141,32.30635,-0.011738448,-0.19086657,-0.047060052,0.23812327,-1.5237154,-1.2599488
3317,4317000.0,5.4444864,1.5484409,3.8960455,-0.27288514,1.0326274,1.2022696,0.79775978,-0.61728395,0.5,2.6505533,3.8858777,3.8814832,0.18429887,0.041341578,-0.012532039,-0.0071185359,2.4906623,2.3158075,0.66036666,0.15,1.7288134,0.5,0.036687037,13.628792,2.5094735,32.30635,0.00027017316,-0.22506475,-0.011858969,0.22431319,-1.1093232,2.8629379
3318,4318000.0,5.4433602,1.5643041,3.8790561,-0.26654324,1.0432063,1.2212469,0.79667985,-0.61728395,0.5,2.6670127,3.9014526,3.957025,0.14256042,-0.017312779,-0.089076816,-0.010896812,2.5073381,2.3269831,0.66085744,0.15,1.7306359,0.5,0.036714302,13.618671,2.4640597,32.30635,-0.0033379548,-0.18338321,0.014332782,0.18826621,1.0117782,-2.591982
3319,4319000.0,5.4455323,1.5271945,3.9183378,-0.2470271,1.0184586,1.1693157,0.80967615,-0.61728395,0.5,2.7461243,3.972004,3.952477,0.31389197,0.014104494,-0.25405667,0.10327083,2.583845,2.4205538,0.65336281,0.15,1.7592867,0.5,0.036297934,13.774889,2.4925183,32.30635,0.0058979143,-0.24103554,-0.017568669,0.22582653,1.169037,3.4143393
3320,4320000.0,5.4726808,1.5491824,3.9234984,-0.25949044,1.033122,1.1950505,0.80897047,-0.61728395,0.5,2.7927081,3.9448466,4.0376931,0.39558459,-0.0083358928,-0.063472659,0.023161877,2.6305702,2.4599723,0.65257344,0.15,1.76387,0.5,0.03625408,13.791551,2.4710101,32.30635,0.020425153,-0.22358359,0.001021934,0.19388751,0.52297911,0.70154218
3321,4321000.0,5.4385856,1.5579717,3.8806139,-0.27561,1.0389834,1.2333084,0.76983145,-0.61728395,0.5,2.5115185,3.7273346,3.8232454,-0.016024462,-0.022133776,0.025919654,0.060289616,2.357225,2.1681306,0.6474089,0.15,1.7093456,0.5,0.035967161,13.90157,2.5006624,32.30635,-0.013199918,-0.19248346,0.036773267,0.16270815,1.0687182,-1.7386772
3322,4322000.0,5.4337142,1.514161,3.9195533,-0.25681746,1.0097668,1.1722939,0.78476566,-0.61728395,0.5,2.57485,3.809252,3.9381551,-0.022857215,-0.0014551435,0.065909825,-0.034884061,2.4175633,2.2484503,0.64390405,0.15,1.7392392,0.5,0.035772447,13.977238,2.4992132,32.30635,-0.0027542652,-0.16301686,-0.0062200331,0.22608477,-1.0885349,1.3484287
3323,4323000.0,5.4176282,1.4989812,3.918647,-0.26605249,0.9996437,1.1595467,0.77828006,-0.61728395,0.5,2.6130086,3.8090046,3.8812583,0.14876279,-0.018459198,-0.067716136,-0.042350346,2.4570218,2.290158,0.63914698,0.15,1.7397403,0.5,0.035508165,14.081268,2.4789826,32.30635,-0.017198702,-0.20138283,-0.01760136,0.20855205,-0.050665731,-2.8513075
3324,4324000.0,5.4289611,1.5313728,3.8975883,-0.2586989,1.0212451,1.178041,0.80421443,-0.61728395,0.5,3.0939493,4.1912287,4.2421631,0.84845613,0.043642416,-0.019639125,0.075575539,2.9327646,2.7659494,0.644516,0.15,1.769241,0.5,0.035806444,13.963967,2.4909559,32.30635,-0.011086362,-0.19864134,-0.0044084024,0.14519794,-0.018229772,5.2481177
3325,4325000.0,5.427485,1.518114,3.909371,-0.26598896,1.012403,1.1622426,0.80502913,-0.61728395,0.5,2.7797373,3.9675348,4.007146,0.36453092,0.01917408,0.021489604,-0.1051638,2.6183893,2.4561361,0.64181033,0.15,1.7164769,0.5,0.03565613,14.022834,2.4689966,32.30635,0.00025502723,-0.12233186,0.001862066,0.15682867,-1.6308765,5.0664654
3326,4326000.0,5.3923046,1.5176644,3.8746402,-0.27822382,1.0121032,1.1558284,0.81322314,-0.61728395,0.5,2.6290944,3.8979281,3.899847,0.089507953,0.055451232,-0.35054786,0.064330645,2.4661041,2.3072791,0.64804236,0.15,1.7147103,0.5,0.036002353,13.887981,2.472585,32.30635,0.012560508,-0.11655723,0.021072701,0.22110982,3.1898465,-1.3501865
3327,4327000.0,5.4313585,1.5242811,3.9070774,-0.27618679,1.0165157,1.159929,0.81807245,-0.61728395,0.5,2.477482,3.6470969,3.8170459,-0.031696646,-0.041741371,-0.10835522,0.093602218,2.3135199,2.154525,0.65343943,0.15,1.7625522,0.5,0.03630219,13.773274,2.481625,32.30635,0.010278965,-0.21219856,0.019020062,0.21312927,0.54521013,-0.0065437295
3328,4328000.0,5.414103,1.4987226,3.9153804,-0.25010734,0.99947125,1.1641692,0.77144642,-0.61728395,0.5,2.6054396,3.8248497,3.8697747,0.12169423,0.061871745,0.2120799,0.22205462,2.4508224,2.281302,0.65446231,0.15,1.7749331,0.5,0.036359017,13.751747,2.4825988,32.30635,0.004759022,-0.13585278,0.017439313,0.21659107,-4.6145201,-0.67116563
3329,4329000.0,5.4275157,1.5293201,3.8981956,-0.25618295,1.0198761,1.1827221,0.79443991,-0.61728395,0.5,2.8129893,4.0575847,4.0498072,0.33157608,-0.022839979,-0.16589529,-0.12157077,2.6537637,2.4836861,0.65810309,0.15,1.7523327,0.5,0.036561283,13.675669,2.4761459,32.30635,0.0065232794,-0.18419894,0.0055500109,0.17939308,-2.6043702,4.7722816
3330,4330000.0,5.40574,1.5313683,3.8743717,-0.26591358,1.0212421,1.175545,0.80767477,-0.61728395,0.5,2.6779113,3.9076911,3.9587796,0.16726335,-0.0098082503,-0.33643705,-0.08950278,2.5160331,2.3506064,0.66115715,0.15,1.7581008,0.5,0.036730953,13.612497,2.4792021,32.30635,-0.015608832,-0.21729821,0.019236614,0.25964005,-0.84328951,2.9034072
3331,4331000.0,5.4239033,1.5321704,3.8917329,-0.2572917,1.0217769,1.1812781,0.80098865,-0.61728395,0.5,2.6087277,3.8053083,3.9193917,0.10148314,-0.054851876,-0.13927136,-0.097433864,2.4481896,2.2798265,0.65226672,0.15,1.7727443,0.5,0.03623704,13.798036,2.4762421,32.30635,-0.035658964,-0.25960649,0.018115017,0.18642505,3.0875348,-6.2495454
3332,4332000.0,5.379237,1.4838489,3.8953881,-0.27313396,0.98955221,1.1433188,0.77670545,-0.61728395,0.5,2.7848044,4.0237925,3.9778676,0.35275303,0.08703629,0.014750928,-0.10265318,2.6291332,2.4664722,0.6561015,0.15,1.7328592,0.5,0.036450083,13.71739,2.4717375,32.30635,0.020659739,-0.1683594,-0.0020557787,0.16787096,1.0968968,-0.36774058
3333,4333000.0,5.4704593,1.5601067,3.9103526,-0.23704505,1.0404072,1.1806035,0.84645135,-0.61728395,0.5,2.7477915,4.010828,3.9777728,0.25477365,0.0057953255,-0.11057636,0.071030938,2.5781415,2.4190782,0.65384566,0.15,1.6757569,0.5,0.036324759,13.764716,2.4998544,32.30635,0.011717219,-0.19242226,0.0050455859,0.1765119,0.59705201,6.3873148
3334,4334000.0,5.4036793,1.5258382,3.8778412,-0.25552456,1.0175541,1.1882324,0.78123535,-0.61728395,0.5,2.6226719,3.8288013,3.9010595,0.13815488,0.03970362,-0.069361336,0.13712178,2.4660928,2.2918344,0.6506734,0.15,1.6379225,0.5,0.036148522,13.831824,2.4794828,32.30635,-0.015718533,-0.18373891,-0.007773825,0.20693545,-3.5324523,-2.7740485
3335,4335000.0,5.4118723,1.5123583,3.8995139,-0.24912584,1.0085647,1.1693547,0.78597573,-0.61728395,0.5,2.6325412,3.8986559,3.9506673,0.048300504,-0.040364522,0.034870079,0.055229262,2.475012,2.3069599,0.65386,0.15,1.6256457,0.5,0.036325556,13.764414,2.4738471,32.30635,-0.025167789,-0.19626229,0.0035266651,0.18839435,-0.054743044,-3.2530284
3336,4336000.0,5.4213759,1.5160474,3.9053285,-0.25900326,1.0110248,1.1732885,0.78639064,-0.61728395,0.5,2.7005103,3.879082,3.9551299,0.26731899,-0.0095126505,0.0015973403,-0.11455396,2.542898,2.3738337,0.65295191,0.15,1.6233621,0.5,0.036275106,13.783557,2.4864329,32.30635,-0.019731824,-0.22267264,0.023247322,0.17016812,-1.1464173,-2.1532256
3337,4337000.0,5.3976852,1.5113537,3.8863314,-0.25519344,1.0078947,1.1687143,0.78526413,-0.61728395,0.5,2.7352748,3.9353167,3.9865769,0.28393077,0.019509817,0.0084739069,0.095744236,2.5778882,2.4098717,0.64617452,0.15,1.7038205,0.5,0.035898584,13.928126,2.4820972,32.30635,0.0027426961,-0.16653451,-0.043635995,0.18798876,-0.11170038,5.1138749
3338,4338000.0,5.3942909,1.5206896,3.8736014,-0.25333232,1.0141206,1.1744195,0.79221826,-0.61728395,0.5,2.6620741,3.8985384,3.8950772,0.19260679,-0.019949167,-0.13631547,-0.043779922,2.5032938,2.3350826,0.6429171,0.15,1.7293568,0.5,0.035717617,13.998694,2.495167,32.30635,-0.0096529227,-0.21860856,-0.0048409537,0.18814972,3.3779627,-1.6153709
3339,4339000.0,5.4395855,1.5399644,3.8996211,-0.24342177,1.0269746,1.1854073,0.80767467,-0.61728395,0.5,2.7650223,3.8944129,4.0513504,0.34930362,0.0080835722,-0.16893344,-0.05695458,2.6031441,2.4349714,0.64426296,0.15,1.744495,0.5,0.035792387,13.969451,2.4700716,32.30635,0.022206577,-0.25340896,0.003865705,0.20044814,-0.69301149,-1.6576674
3340,4340000.0,5.3803168,1.5299847,3.850332,-0.27677542,1.0203194,1.1838616,0.79391615,-0.61728395,0.5,3.1228632,4.2305009,4.287245,0.85084382,0.053698399,0.00050415522,-0.13279524,2.9637426,2.7932427,0.64800009,0.15,1.6760154,0.5,0.036000005,13.888887,2.4856047,32.30635,-0.0011085868,-0.18605865,-0.032407102,0.20413409,-3.8154508,8.749399
3341,4341000.0,5.3757775,1.4973508,3.8784267,-0.26583743,0.99855639,1.1565968,0.77977946,-0.61728395,0.5,2.5052531,3.8034062,3.7964908,-0.084137614,-0.0079130677,0.062635465,-0.048198808,2.3489658,2.1832239,0.65554199,0.15,1.6804366,0.5,0.036418999,13.729098,2.5006313,32.30635,0.026407314,-0.17389463,-0.020042347,0.21357539,-0.37113284,-5.6632477
3342,4342000.0,5.3874208,1.507025,3.8803958,-0.26597933,1.0050079,1.1625613,0.78691255,-0.61728395,0.5,2.7449992,3.8953293,3.9916912,0.34797703,0.023925947,-0.19209634,0.035894062,2.5872822,2.4213093,0.66239655,0.15,1.6967617,0.5,0.036799808,13.587027,2.4692703,32.30635,-0.012331589,-0.26686285,-0.015047211,0.14590081,4.2262449,3.2050195
3343,4343000.0,5.4166332,1.5297394,3.8868938,-0.26474549,1.0201557,1.1688412,0.81439124,-0.61728395,0.5,2.899924,4.0840957,4.0841901,0.53148633,0.026935472,-0.061616728,-0.13360042,2.7366997,2.5744857,0.66959819,0.15,1.7182381,0.5,0.037199899,13.440897,2.4746723,32.30635,0.02353139,-0.1862452,0.0080678662,0.19849131,-0.52411495,-1.0761702
3344,4344000.0,5.392908,1.4928992,3.9000089,-0.2586807,0.99558767,1.1397376,0.79610491,-0.61728395,0.5,3.0971719,4.2092823,4.2710081,0.81122542,0.05316813,-0.20443829,0.053270102,2.9376126,2.7798368,0.65906213,0.15,1.6861833,0.5,0.036614563,13.655769,2.4735944,32.30635,-0.0057094224,-0.17265442,0.019249034,0.17433924,-5.8500389,10.345926
3345,4345000.0,5.4304133,1.5374633,3.89295,-0.26044924,1.0253067,1.1648601,0.83223241,-0.61728395,0.5,2.6818404,3.9433067,3.8790513,0.22316323,0.0071881974,-0.13709657,0.11488562,2.5150403,2.3575105,0.64795644,0.15,1.6821287,0.5,0.03599758,13.889823,2.4835817,32.30635,-0.035637906,-0.17128604,0.014158552,0.21370367,1.4070477,-6.7766611
3346,4346000.0,5.4281852,1.5336028,3.8945823,-0.25072888,1.0227322,1.1657907,0.82478672,-0.61728395,0.5,2.8252897,4.0268004,4.070543,0.37852571,-0.003072841,-0.056284982,-0.16273411,2.6599818,2.5007006,0.64365092,0.15,1.7416728,0.5,0.035758384,13.982735,2.4800576,32.30635,-0.032123284,-0.20394909,-0.0089143239,0.17663684,2.0527002,3.7649165
3347,4347000.0,5.4150647,1.5461587,3.8689061,-0.26625872,1.0311055,1.1914267,0.80918529,-0.61728395,0.5,2.5308104,3.7859128,3.9005237,-0.094005321,0.01248052,-0.06167187,0.11124578,2.3686294,2.1990836,0.64377665,0.15,1.752229,0.5,0.03576537,13.980004,2.518651,32.30635,-0.022773393,-0.1890089,0.019695946,0.19610244,1.3671923,-6.7658472
3348,4348000.0,5.4213087,1.5109138,3.910395,-0.25383319,1.0076013,1.166455,0.7877016,-0.61728395,0.5,3.0853202,4.2800678,4.1982444,0.77764853,0.037736656,-0.045121555,-0.10219078,2.9274452,2.7605463,0.63857256,0.15,1.6924594,0.5,0.035476254,14.093935,2.4776082,32.30635,0.032603001,-0.13101142,-0.013341942,0.18219983,0.98909444,7.6580903
3349,4349000.0,5.4071512,1.5039336,3.9032175,-0.25119735,1.0029464,1.1526958,0.79569058,-0.61728395,0.5,2.8913724,4.0813717,4.0779195,0.51482611,0.0094658071,-0.18705211,-0.00868536,2.7318962,2.5704294,0.64583254,0.15,1.7229616,0.5,0.035879586,13.935501,2.4845225,32.30635,-0.010806981,-0.17159028,-0.015818543,0.17532647,2.5090458,1.2934798
3350,4350000.0,5.4295061,1.5454264,3.8840797,-0.25531375,1.0306172,1.1874467,0.81354719,-0.61728395,0.5,2.6683357,3.9307557,3.9551565,0.11909494,0.036778397,0.012166384,-0.022907189,2.5052805,2.337717,0.65005269,0.15,1.753427,0.5,0.036114039,13.845031,2.4872351,32.30635,-0.0019611552,-0.17510159,-0.014343955,0.16114732,-1.1126389,-2.9251991
3351,4351000.0,5.4358008,1.5483564,3.8874443,-0.26724058,1.0325711,1.206658,0.79152886,-0.61728395,0.5,3.0338777,4.1420886,4.268549,0.69099556,0.011757036,-0.014056523,0.063739341,2.8752355,2.69791,0.65130335,0.15,1.7341838,0.5,0.03618352,13.818446,2.4681529,32.30635,0.011993118,-0.16509113,-0.013103807,0.24968505,-3.2166682,2.4435835
3352,4352000.0,5.4100931,1.5701493,3.8399438,-0.26061187,1.0471044,1.2197324,0.80810009,-0.61728395,0.5,2.4989365,3.8082753,3.8032187,-0.11468446,-0.020050796,-0.18224758,-0.025709867,2.3369731,2.1593286,0.65612205,0.15,1.7263423,0.5,0.036451225,13.71696,2.5061398,32.30635,-0.022886989,-0.19640319,0.0022046179,0.19229871,5.3183013,-3.6208715
3353,4353000.0,5.3794185,1.5008512,3.8785673,-0.27304847,1.0008907,1.1603731,0.78011252,-0.61728395,0.5,2.5767369,3.8030989,3.9045343,0.022577456,0.027490726,0.0044889296,-0.15223266,2.4203828,2.2536563,0.64991053,0.15,1.7220294,0.5,0.03610614,13.84806,2.4829085,32.30635,0.021703057,-0.13436083,0.0057967937,0.15137432,0.21510116,5.3601621
3354,4354000.0,5.4012548,1.5090954,3.8921595,-0.26797993,1.0063886,1.1671167,0.78388402,-0.61728395,0.5,2.6381289,3.8078461,3.9439658,0.16257484,-1.7453991e-05,-0.020973523,0.11792297,2.481019,2.3131707,0.64796055,0.15,1.6940267,0.5,0.035997809,13.889734,2.4947904,32.30635,-0.021040523,-0.18229895,-0.035422837,0.18404743,1.5000442,-3.6401875
3355,4355000.0,5.3973452,1.4692923,3.9280528,-0.25810405,0.97984472,1.1311051,0.77047208,-0.61728395,0.5,2.8146829,3.9493404,4.0296831,0.46502533,0.01668756,0.18964967,0.05316912,2.6602611,2.4997514,0.64943985,0.15,1.7433307,0.5,0.036079992,13.858096,2.490937,32.30635,0.015519095,-0.21352783,-0.015675456,0.17070045,-6.253665,-1.4721926
3356,4356000.0,5.3891377,1.4966072,3.8925306,-0.26455898,0.99806048,1.159669,0.77432632,-0.61728395,0.5,2.8394596,3.9580564,4.0966927,0.46362989,0.0018133301,-0.22447976,-0.019470058,2.6842653,2.516575,0.64955164,0.15,1.7549228,0.5,0.036086202,13.855711,2.4747603,32.30635,-0.014062296,-0.20799119,-0.00069956555,0.15161077,3.0612557,2.1082582
3357,4357000.0,5.4248453,1.5281002,3.8967451,-0.25697857,1.0190626,1.1896728,0.78283979,-0.61728395,0.5,2.6789698,3.9076022,3.9116613,0.21764594,0.029280645,-0.22853026,0.013736223,2.5220691,2.3477313,0.65331824,0.15,1.7339298,0.5,0.036295458,13.775829,2.5104871,32.30635,0.013574177,-0.17074171,-0.0092199786,0.18253556,5.3803464,1.9684066
3358,4358000.0,5.4286908,1.525199,3.9034918,-0.24441292,1.0171278,1.162014,0.81663904,-0.61728395,0.5,2.6908217,4.0068402,3.9234601,0.14216478,0.033570729,0.051206747,0.14857646,2.5271468,2.3672842,0.65816889,0.15,1.712708,0.5,0.036564938,13.674302,2.4862534,32.30635,0.019193363,-0.1199965,-0.014311541,0.24860311,-0.35868386,-1.1500808
3359,4359000.0,5.4018136,1.5106328,3.8911808,-0.26229514,1.0074139,1.1752733,0.77500346,-0.61728395,0.5,2.7320085,3.9463638,3.9867103,0.26295155,-0.076714717,-0.050392118,-0.010694499,2.5766785,2.4047793,0.65858524,0.15,1.7513301,0.5,0.036588069,13.665657,2.464699,32.30635,0.009108254,-0.18131911,0.013860307,0.24442749,-2.5537086,-2.2450175
3360,4360000.0,5.4274919,1.5244919,3.903,-0.25178952,1.0166563,1.1695576,0.80503251,-0.61728395,0.5,2.7061065,3.9067546,3.9959942,0.21557075,-0.0091867868,-0.32439163,-0.067871705,2.5447579,2.3804686,0.65925952,0.15,1.7215713,0.5,0.036625529,13.65168,2.4665261,32.30635,0.0087357732,-0.14403649,-0.025145609,0.27462268,3.6230328,1.0438974
3361,4361000.0,5.4289505,1.5264092,3.9025412,-0.27177714,1.0179349,1.1733419,0.80283129,-0.61728395,0.5,2.818654,4.0259627,3.9901082,0.43989121,0.0096274307,-0.23067373,-0.012522214,2.6577466,2.4919625,0.65721429,0.15,1.7023095,0.5,0.036511905,13.694164,2.4764444,32.30635,0.023298701,-0.17728533,0.010183438,0.22616592,2.6094249,-2.1306521
3362,4362000.0,5.4519256,1.5485146,3.903411,-0.23667497,1.0326766,1.1706483,0.84180528,-0.61728395,0.5,2.6690826,3.949752,3.9415393,0.11595637,0.016154936,-0.40514151,0.033372152,2.5003637,2.343141,0.65466179,0.15,1.7201925,0.5,0.036370099,13.747557,2.5020794,32.30635,-0.018287609,-0.19497683,-0.015139119,0.14767194,2.634311,-4.2216866
3363,4363000.0,5.3934461,1.5459298,3.8475163,-0.27703131,1.0309529,1.1991712,0.79806184,-0.61728395,0.5,2.6383277,3.8692083,3.8963765,0.14939843,0.0048056033,-0.23875744,0.02337215,2.4783762,2.3044446,0.6540185,0.15,1.8012538,0.5,0.036334361,13.761079,2.474002,32.30635,-0.018053121,-0.16554406,0.03217893,0.175097,1.6518754,1.7028648
3364,4364000.0,5.4103641,1.5407524,3.8696117,-0.26790095,1.0275002,1.1815167,0.81433549,-0.61728395,0.5,2.9135142,4.1111377,4.0319841,0.59742083,0.045944392,0.053078856,0.13227594,2.750301,2.5845466,0.65163044,0.15,1.720831,0.5,0.036201691,13.811509,2.4812614,32.30635,0.023301887,-0.20484345,0.016894212,0.17857684,1.9585896,-0.9064789
3365,4365000.0,5.4487455,1.5408532,3.9078923,-0.24761943,1.0275674,1.1881698,0.80525368,-0.61728395,0.5,2.7918061,4.0637143,3.9828907,0.32881316,0.016079181,-0.20935213,-0.14397352,2.6304131,2.4609861,0.65678811,0.15,1.6918416,0.5,0.036488228,13.70305,2.4739416,32.30635,0.011823489,-0.17973812,0.00066359497,0.18799798,7.1751733,-0.43880846
3366,4366000.0,5.4365079,1.5529627,3.8835452,-0.27029768,1.035643,1.1822521,0.83277491,-0.61728395,0.5,2.5024383,3.7618249,3.8263899,-0.080900004,-0.035425846,-0.41079052,0.098333202,2.3355294,2.1732659,0.65860303,0.15,1.616011,0.5,0.036589057,13.665288,2.4745036,32.30635,0.013235475,-0.19882634,0.03217713,0.17435754,2.1748435,-7.2361086
3367,4367000.0,5.3889325,1.5054973,3.8834352,-0.25701127,1.0039892,1.1603314,0.78757546,-0.61728395,0.5,2.5838701,3.8398771,3.8763835,0.035349775,-0.027047737,-0.3554851,0.15571979,2.4260203,2.2608011,0.65520106,0.15,1.62067,0.5,0.036400059,13.736242,2.4792009,32.30635,-0.014678118,-0.21343181,0.0030669639,0.14932928,-1.9303538,0.91360927
3368,4368000.0,5.4441336,1.5455015,3.8986321,-0.25583886,1.0306672,1.1834443,0.81922675,-0.61728395,0.5,2.6720533,3.923814,3.9056197,0.18672639,-0.02179358,-0.11900111,-0.042078783,2.5078598,2.342549,0.6465802,0.15,1.7016029,0.5,0.035921122,13.919387,2.4817043,32.30635,0.0086965935,-0.17183301,-0.02269444,0.13192103,-1.0834883,-6.5989252
3369,4369000.0,5.395825,1.5158543,3.8799707,-0.26069597,1.010896,1.1802234,0.77644894,-0.61728395,0.5,2.8215691,3.9959243,4.0456819,0.42310112,0.01775702,-0.24489879,-0.15025901,2.6659493,2.4929616,0.64151153,0.15,1.7370265,0.5,0.035639529,14.029366,2.4670487,32.30635,-0.034482785,-0.23584223,-0.015777065,0.15715592,4.5448997,-0.16842054
3370,4370000.0,5.4400044,1.523559,3.9164454,-0.24456389,1.0160342,1.1775647,0.79242225,-0.61728395,0.5,2.7064852,3.9834691,3.9191822,0.21680414,0.038230676,0.31209389,0.064225947,2.5476639,2.3786179,0.64359568,0.15,1.7394551,0.5,0.035755316,13.983935,2.4944646,32.30635,-0.012940442,-0.19311811,0.0087166778,0.16332576,0.29037768,-6.4093868
3371,4371000.0,5.421989,1.5065539,3.9154351,-0.25194021,1.0046938,1.1777736,0.76502896,-0.61728395,0.5,2.847699,3.9951076,4.0711525,0.47683681,0.012234021,0.070340928,-0.03447534,2.694368,2.5197735,0.64381455,0.15,1.7281598,0.5,0.035767475,13.979181,2.4776059,32.30635,0.014372322,-0.11809155,-0.02379393,0.18399148,0.64306702,5.580579
3372,4372000.0,5.4359925,1.5287202,3.9072722,-0.2348744,1.0194761,1.1801225,0.79709514,-0.61728395,0.5,2.7930246,4.065615,4.0266501,0.28680887,0.011179095,0.10823377,0.010538607,2.6332669,2.4644452,0.6498337,0.15,1.6782452,0.5,0.036101872,13.849697,2.486575,32.30635,-0.014564576,-0.18863629,-0.017915422,0.20287909,0.19596363,-3.7324232
3373,4373000.0,5.438513,1.5457324,3.8927806,-0.23907597,1.0308212,1.1903062,0.81006244,-0.61728395,0.5,3.0048528,4.1073513,4.1994633,0.70774358,0.016934468,0.1140214,0.098768338,2.842496,2.6734379,0.65187767,0.15,1.6552063,0.5,0.036215426,13.806271,2.4865618,32.30635,-0.0063572825,-0.21584252,-0.0057695778,0.25786564,-0.55849061,6.1490152
3374,4374000.0,5.4506977,1.5309132,3.9197845,-0.24898924,1.0209385,1.1858656,0.79261206,-0.61728395,0.5,2.5743377,3.7772748,3.8768033,0.068934939,0.01017378,-0.074996748,0.0012982324,2.4154784,2.2441592,0.65930283,0.15,1.6977541,0.5,0.036627935,13.650783,2.4891677,32.30635,-0.0173031,-0.1994062,0.016206306,0.19184492,1.4966695,-5.2016105
3375,4375000.0,5.4593366,1.5298706,3.929466,-0.25359629,1.0202433,1.1826819,0.79537307,-0.61728395,0.5,2.5440832,3.8232,3.8396346,-0.030585156,0.0053847709,-0.32888912,0.068129333,2.3846705,2.2147911,0.66069315,0.15,1.701863,0.5,0.036705175,13.622057,2.5003734,32.30635,0.031742056,-0.18099723,-0.02045871,0.17629865,0.37060624,0.24205983
3376,4376000.0,5.4378506,1.5358302,3.9020204,-0.25821621,1.0242176,1.1828912,0.80458082,-0.61728395,0.5,2.7064617,3.9718538,3.8918704,0.25566083,0.020737337,-0.22059773,0.064552114,2.5452036,2.3771113,0.65858557,0.15,1.7230851,0.5,0.036588087,13.66565,2.4929127,32.30635,-0.013382765,-0.22780315,-0.01119755,0.21527862,-4.0116415,-0.19959787
3377,4377000.0,5.4492198,1.5499922,3.8992276,-0.25937038,1.033662,1.1989898,0.80478863,-0.61728395,0.5,2.5564229,3.8118996,3.8310218,0.026347436,0.017663461,-0.018927364,0.0054086105,2.3951232,2.2225903,0.65194149,0.15,1.7139407,0.5,0.036218971,13.80492,2.5020366,32.30635,-0.012969758,-0.13404137,-0.0079850551,0.2005844,3.5700636,-1.90722
3378,4378000.0,5.4509804,1.5110578,3.9399226,-0.23653243,1.0076973,1.1797104,0.76951675,-0.61728395,0.5,2.8807355,4.0192627,4.0949174,0.52802626,0.047516089,-0.058515799,-0.035061865,2.7265051,2.5522708,0.65118007,0.15,1.706526,0.5,0.036176671,13.821062,2.5059771,32.30635,0.0020202279,-0.18103668,-0.0045460095,0.18269527,0.67400293,-3.190932
3379,4379000.0,5.4434605,1.5363851,3.9070754,-0.2656356,1.0245877,1.1797471,0.80983299,-0.61728395,0.5,2.755037,3.911014,3.9833591,0.37073803,0.019406531,0.10039411,0.0057684333,2.5927263,2.4265621,0.647015,0.15,1.6969059,0.5,0.035945278,13.910033,2.4873948,32.30635,-0.0019526915,-0.26300555,-0.014804669,0.16436803,-0.061951766,-3.594401
3380,4380000.0,5.4712446,1.5239754,3.9472692,-0.23586446,1.0163119,1.1722629,0.80045112,-0.61728395,0.5,2.7099782,3.9677256,3.9351113,0.22709761,-0.00080661105,-0.050679138,0.012144197,2.5495477,2.3835871,0.64557701,0.15,1.7164006,0.5,0.03586539,13.941017,2.5021353,32.30635,-0.0084555839,-0.22665924,0.024263234,0.22612491,1.3050004,-5.8210888
3381,4381000.0,5.4738002,1.5181446,3.9556556,-0.26959403,1.0124234,1.1549676,0.81518438,-0.61728395,0.5,2.6375776,3.9036218,3.9464052,0.062705835,-0.038155812,-0.18543715,0.065583678,2.4741943,2.316002,0.64135815,0.15,1.6772205,0.5,0.035631008,14.032721,2.4733123,32.30635,-0.01685154,-0.16630345,0.0060390026,0.14346685,3.5015098,1.2803038
3382,4382000.0,5.4789314,1.5520316,3.9268998,-0.25021624,1.0350221,1.186157,0.82586621,-0.61728395,0.5,2.7912207,4.0036699,4.0024726,0.36751968,-0.0041905883,-0.37368016,-0.08754058,2.6256965,2.4609611,0.64453647,0.15,1.6723406,0.5,0.035807581,13.963523,2.4872891,32.30635,-0.000892525,-0.19338346,-0.00088898235,0.20046719,0.84648466,6.6934584
3383,4383000.0,5.4414542,1.5354585,3.9059957,-0.25942364,1.0239697,1.1731909,0.81746405,-0.61728395,0.5,2.5758875,3.7870462,3.8908731,0.049743374,-0.046457946,-0.10243239,0.050862242,2.4120473,2.2492381,0.64792441,0.15,1.6689192,0.5,0.035995801,13.890509,2.472452,32.30635,0.041709639,-0.1744397,0.012654233,0.23644644,-2.582057,0.13552985
3384,4384000.0,5.411814,1.5143446,3.8974694,-0.23720167,1.0098892,1.1785935,0.77630692,-0.61728395,0.5,2.758081,4.0303072,3.9687766,0.27515906,-0.040612831,0.1962507,-0.041341628,2.6024897,2.4299273,0.64662415,0.15,1.6410205,0.5,0.035923564,13.918441,2.4898493,32.30635,-0.018083862,-0.1925083,0.042790442,0.17178134,0.026748976,3.7749606
3385,4385000.0,5.4270257,1.5289747,3.8980511,-0.27055989,1.0196458,1.1775199,0.80111611,-0.61728395,0.5,2.6825329,3.8400451,3.9266372,0.28091637,0.013355564,0.028563809,-0.076150291,2.5219692,2.3546781,0.64238082,0.15,1.6940489,0.5,0.035687823,14.010381,2.499225,32.30635,-0.0040536417,-0.17635516,-0.0071133915,0.13143974,0.65472002,-1.0610967
3386,4386000.0,5.4155886,1.5106259,3.9049627,-0.25325405,1.0074093,1.160435,0.79560554,-0.61728395,0.5,2.8037871,3.9999099,4.0085818,0.40286966,0.01910186,-0.092739347,0.099745137,2.6443279,2.4806892,0.64682536,0.15,1.7405445,0.5,0.035934742,13.914111,2.4792205,32.30635,0.019377508,-0.16678528,-0.012252211,0.14599818,0.17869482,5.2838112
3387,4387000.0,5.4303325,1.5433896,3.8869429,-0.26233776,1.0292589,1.1861909,0.81204533,-0.61728395,0.5,2.8319531,4.0299042,4.0789347,0.38702036,0.042129777,-0.034741237,-0.057043034,2.6691989,2.501684,0.64572558,0.15,1.7322628,0.5,0.035873643,13.937809,2.4760685,32.30635,-0.021559936,-0.1789381,-0.022237557,0.18507997,-2.1947287,0.77309589
3388,4388000.0,5.4350733,1.5446628,3.8904104,-0.24710806,1.030108,1.2024359,0.79150732,-0.61728395,0.5,2.7327259,4.0081919,3.9775828,0.21240301,-0.015491432,0.10357385,0.064058726,2.574088,2.3979338,0.64941028,0.15,1.7639737,0.5,0.036078349,13.858727,2.4867116,32.30635,0.0087563058,-0.1860785,0.0043121963,0.18144043,0.24500922,-5.5975274
3389,4389000.0,5.4452633,1.5406666,3.9045967,-0.25685975,1.0274429,1.1720887,0.82729598,-0.61728395,0.5,2.9190946,4.0613669,4.1295403,0.56637678,-0.015738526,0.021582992,0.043271602,2.7532838,2.592752,0.65353562,0.15,1.7064436,0.5,0.036307535,13.771246,2.4798949,32.30635,-0.0400084,-0.24392509,0.052402459,0.2258826,0.79313088,4.0595007
3390,4390000.0,5.4470955,1.5640791,3.8830164,-0.27596724,1.0430563,1.218617,0.79997478,-0.61728395,0.5,2.6845023,3.9066395,3.906667,0.24020034,-0.01143388,-0.15593284,-0.094090581,2.5241673,2.3452049,0.65568083,0.15,1.6914972,0.5,0.036426713,13.726191,2.4761477,32.30635,0.010065641,-0.17100942,-0.017334811,0.18408978,-0.26125757,1.8950399
3391,4391000.0,5.422827,1.5515181,3.8713089,-0.27515597,1.0346796,1.196645,0.81047803,-0.61728395,0.5,2.8123879,4.0241815,4.0540716,0.35891054,0.0052099194,-0.22817885,-0.069725239,2.6499478,2.4792081,0.66186472,0.15,1.712326,0.5,0.036770262,13.597945,2.5188699,32.30635,0.022473983,-0.15503847,-0.010573185,0.16991674,0.93947042,4.5659366
3392,4392000.0,5.4190785,1.5318691,3.8872094,-0.2597985,1.021576,1.1905879,0.78757543,-0.61728395,0.5,2.6016668,3.8214299,3.8934218,0.090148693,0.012506703,-0.36730008,0.012748276,2.443817,2.2701735,0.66067941,0.15,1.7207401,0.5,0.036704412,13.622341,2.4883909,32.30635,-0.0029178316,-0.1673038,-0.044499962,0.20081395,0.96869983,-1.5487129
3393,4393000.0,5.4035795,1.522613,3.8809665,-0.24965073,1.0154033,1.1761012,0.79294774,-0.61728395,0.5,2.8085284,4.1072372,3.980035,0.33831303,0.024482551,-0.041657379,0.054089552,2.6496019,2.4810686,0.66150968,0.15,1.6908262,0.5,0.036750538,13.605243,2.4936779,32.30635,-0.0066798925,-0.20912058,-0.035547435,0.1538465,-0.51704872,3.5341572
3394,4394000.0,5.3989001,1.5191604,3.8797397,-0.27738671,1.0131009,1.1671247,0.79991492,-0.61728395,0.5,2.8082794,3.9654303,4.0293899,0.43001812,0.02594483,0.0034953,-0.14976015,2.6479565,2.483319,0.66212952,0.15,1.7340057,0.5,0.036784973,13.592507,2.4908807,32.30635,-0.0066850581,-0.18222152,-0.031341399,0.18299362,-1.1332926,-2.4815134
3395,4395000.0,5.4098253,1.5126039,3.8972214,-0.26023344,1.0087284,1.1634709,0.79454071,-0.61728395,0.5,2.6231448,3.8535558,3.8687474,0.14713126,-0.015764268,0.008989713,-0.076096966,2.463899,2.2992017,0.65432821,0.15,1.6989439,0.5,0.036351567,13.754565,2.5001255,32.30635,0.0041185979,-0.16951862,0.003869834,0.14382018,0.46288515,-0.59855176
3396,4396000.0,5.4169047,1.5223258,3.8945788,-0.24905683,1.0152118,1.1546264,0.82232254,-0.61728395,0.5,2.8620944,4.0634442,4.0643146,0.45852444,0.034771996,0.09695079,0.022720726,2.6972804,2.5406138,0.65077689,0.15,1.6819551,0.5,0.036154272,13.829624,2.4797458,32.30635,-0.014960802,-0.17718313,0.0050820826,0.14467954,-0.71777886,-0.14141526
3397,4397000.0,5.4113216,1.5244098,3.8869118,-0.27147418,1.0166016,1.1770605,0.79447878,-0.61728395,0.5,2.5073219,3.7847738,3.7533186,-0.016126755,-0.015223064,0.066029448,0.016103622,2.3480885,2.179595,0.65182939,0.15,1.6556608,0.5,0.036212744,13.807294,2.482162,32.30635,0.0035400495,-0.22492903,-0.0048193304,0.27095282,-1.3977923,-1.9570663
3398,4398000.0,5.4354002,1.4902461,3.9451541,-0.25678296,0.99381841,1.1365221,0.79634338,-0.61728395,0.5,2.6218808,3.842018,3.9399523,0.08367194,-0.065641395,-0.24810173,0.030323405,2.4622736,2.3054409,0.65335864,0.15,1.6705365,0.5,0.036297702,13.774977,2.4862119,32.30635,-0.0026252376,-0.16886694,0.0048904934,0.15731613,1.2418407,-1.2339761
3399,4399000.0,5.4038304,1.4973759,3.9064545,-0.27343408,0.99857313,1.1346585,0.81029592,-0.61728395,0.5,2.5013817,3.7317123,3.8676658,-0.095232965,0.014310048,-0.0142267,0.013462479,2.3389782,2.1854608,0.65276641,0.15,1.6480272,0.5,0.0362648,13.787474,2.4808809,32.30635,0.025211069,-0.12995379,-0.015652633,0.1991321,-4.6707163,-7.3679014
3400,4400000.0,5.4165043,1.5227034,3.8938009,-0.26240469,1.0154636,1.1610505,0.81400001,-0.61728395,0.5,2.5954948,3.8746237,3.8999612,0.011899541,-0.033447425,0.03049364,-0.0067839572,2.4323489,2.2722256,0.65623611,0.15,1.6870497,0.5,0.036457561,13.714576,2.4820599,32.30635,-0.0038304317,-0.13318152,0.00099846607,0.19914457,1.2564574,-3.6380826
3401,4401000.0,5.3840852,1.5039994,3.8800858,-0.25313079,1.0029902,1.1741539,0.76598592,-0.61728395,0.5,2.8819865,4.0904519,4.0653421,0.49016563,-0.029435302,-0.14654628,0.015295414,2.7284638,2.5550689,0.65755648,0.15,1.6729366,0.5,0.036530915,13.687037,2.4770599,32.30635,-0.0015536845,-0.12838454,0.032528245,0.19390256,3.8789567,3.0975805
3402,4402000.0,5.4276579,1.5396773,3.8879805,-0.25726798,1.0267832,1.1950901,0.79376605,-0.61728395,0.5,2.9511842,4.2024585,4.090539,0.56055498,-0.078070923,0.15962047,0.037064148,2.7920936,2.6184374,0.65849247,0.15,1.7116466,0.5,0.036582915,13.667582,2.4811127,32.30635,0.011969248,-0.13895536,-0.0047043267,0.13406788,-2.6820658,7.3304651
3403,4403000.0,5.3795717,1.5195179,3.8600538,-0.25301965,1.0133392,1.182844,0.7786476,-0.61728395,0.5,2.7535588,3.9590879,3.926816,0.37477265,-0.011890784,0.30270625,-0.059607551,2.5974984,2.4242217,0.65443384,0.15,1.6663132,0.5,0.036357436,13.752345,2.4797046,32.30635,0.026870294,-0.21210055,0.0050848425,0.22888323,-2.6308146,0.90386485
3404,4404000.0,5.3703511,1.5152103,3.8551409,-0.26626316,1.0104666,1.1744165,0.78348933,-0.61728395,0.5,2.7526819,3.9213304,4.096345,0.24037026,0.022469978,0.063529466,-0.009689049,2.595651,2.4256912,0.64952062,0.15,1.6685012,0.5,0.036084479,13.856373,2.460641,32.30635,0.0030365118,-0.20481837,0.0068808144,0.18862138,-0.65379414,5.1848405
3405,4405000.0,5.4000068,1.5173573,3.8826495,-0.27495395,1.0118984,1.1821017,0.7762351,-0.61728395,0.5,2.9426877,4.1080785,4.1335054,0.58647901,-0.05136948,0.1104462,0.026788256,2.7871107,2.6135572,0.64762521,0.15,1.6569378,0.5,0.035979178,13.896927,2.471446,32.30635,-0.0019200044,-0.16504177,-0.0042418334,0.17985992,1.0332966,4.9881006
3406,4406000.0,5.4140961,1.5255047,3.8885914,-0.25723031,1.0173317,1.1902605,0.77788646,-0.61728395,0.5,2.7208752,3.9208319,3.9548239,0.2869697,0.049923488,0.15519984,0.10322804,2.5649673,2.389473,0.64228596,0.15,1.6233654,0.5,0.035682553,14.01245,2.5063958,32.30635,0.0036110314,-0.192641,0.027916905,0.19668991,-1.1912929,-2.212441
3407,4407000.0,5.3976767,1.5219374,3.8757393,-0.27331648,1.0149527,1.1539232,0.82268018,-0.61728395,0.5,2.4668784,3.7678049,3.7842119,-0.15138148,0.0060316735,-0.073022,0.066682783,2.3019927,2.1455936,0.64223437,0.15,1.5959162,0.5,0.035679687,14.013576,2.4679725,32.30635,-0.027472176,-0.17771418,-0.016793008,0.10935086,-2.4500059,1.3243524
3408,4408000.0,5.381219,1.5154154,3.8658036,-0.26080774,1.0106034,1.1801711,0.77582207,-0.61728395,0.5,2.7302278,3.9143337,4.0217872,0.25456259,-0.046210336,-0.22968725,0.064469133,2.5747337,2.4016349,0.64725635,0.15,1.5800105,0.5,0.035958686,13.904846,2.4905499,32.30635,-0.0037163508,-0.23656496,0.0051494953,0.16795811,-3.9133483,-0.76685314
3409,4409000.0,5.4518811,1.5388134,3.9130678,-0.26727384,1.026207,1.1798364,0.8135792,-0.61728395,0.5,2.7646378,4.0181931,3.9441563,0.33156398,0.008816159,0.17820674,0.057576628,2.6015762,2.436138,0.64935328,0.15,1.6219216,0.5,0.036075182,13.859944,2.4797157,32.30635,-0.0058834344,-0.16803903,-0.0046001072,0.15345525,3.1765274,-0.065633696
3410,4410000.0,5.4309721,1.5405545,3.8904176,-0.26749304,1.0273682,1.2018572,0.78576326,-0.61728395,0.5,3.0513855,4.1689428,4.2744179,0.71079573,0.0042641766,-0.021113031,0.0021713326,2.8938989,2.7167545,0.65383116,0.15,1.6572432,0.5,0.036323953,13.765022,2.4849544,32.30635,-0.0034572546,-0.14455231,0.0039170639,0.15318568,0.67951539,6.3544251
3411,4411000.0,5.3948273,1.5174935,3.8773339,-0.26811103,1.0119892,1.2107556,0.73664649,-0.61728395,0.5,2.792633,4.0258084,3.978351,0.37373958,0.015157906,-0.027218807,-0.049762814,2.6449906,2.4555245,0.65450033,0.15,1.6986477,0.5,0.036361129,13.750948,2.4782335,32.30635,-0.0095419235,-0.16429251,-0.023244032,0.17255822,-0.53721849,-4.3757013
3412,4412000.0,5.3890958,1.5135424,3.8755534,-0.26998711,1.0093543,1.1803113,0.77264214,-0.61728395,0.5,2.5820759,3.8579323,3.8227138,0.065581625,0.0035123302,-0.086701887,0.070275858,2.4272191,2.2534439,0.65689005,0.15,1.7412723,0.5,0.036493892,13.700923,2.4867358,32.30635,0.011812446,-0.20634709,-0.0063426587,0.21913297,1.1266378,1.6053147
3413,4413000.0,5.4463035,1.5165108,3.9297927,-0.24828306,1.0113339,1.1473339,0.82318508,-0.61728395,0.5,2.7586889,3.9441437,4.0239218,0.30800137,0.038518565,0.20238375,0.033928705,2.5937021,2.4392388,0.65978099,0.15,1.7468181,0.5,0.0366545,13.64089,2.4865736,32.30635,-0.0069978734,-0.20518165,-0.014690089,0.18621255,-0.92284743,1.8282148
3414,4414000.0,5.4000891,1.5272852,3.8728039,-0.27266208,1.0185191,1.1952948,0.77373077,-0.61728395,0.5,2.6243104,3.8930705,3.8827311,0.097129679,0.0030700188,0.18855066,0.069955063,2.4692354,2.2915066,0.66259497,0.15,1.7283377,0.5,0.036810832,13.582959,2.5076559,32.30635,0.029754463,-0.17835619,-0.014025964,0.1446817,-2.9962193,-5.1593713
3415,4415000.0,5.4475357,1.5637085,3.8838272,-0.2570613,1.0428092,1.221709,0.79508869,-0.61728395,0.5,2.7163532,3.9051099,3.9765224,0.26742747,-0.049805124,-0.13612193,-0.013195847,2.5569976,2.376195,0.6597802,0.15,1.7790683,0.5,0.036654456,13.640906,2.494133,32.30635,-0.0073154894,-0.17569914,0.024877378,0.22115093,-0.45804926,1.6950299
3416,4416000.0,5.4349971,1.520981,3.9140161,-0.26091113,1.014315,1.1643065,0.80673153,-0.61728395,0.5,2.7700202,3.9795893,3.9816552,0.34881607,0.097379537,-0.16211724,0.047222253,2.608331,2.4458444,0.6500703,0.15,1.7492328,0.5,0.036115017,13.844656,2.4801552,32.30635,0.01113777,-0.17882107,-0.0084586487,0.16214637,2.8749127,3.1016526
3417,4417000.0,5.4239001,1.5159257,3.9079745,-0.24200526,1.0109437,1.176066,0.78233814,-0.61728395,0.5,2.9899349,4.1724008,4.1091729,0.68823116,0.019338352,-0.17944682,0.10998835,2.8331348,2.662485,0.64352284,0.15,1.7201431,0.5,0.035751269,13.985518,2.4840455,32.30635,0.017294703,-0.12631869,0.0097244103,0.22726676,8.4722435,-0.7703841
3418,4418000.0,5.4587303,1.5603658,3.8983645,-0.25078805,1.04058,1.205793,0.81187139,-0.61728395,0.5,2.7602468,3.9191003,3.9682793,0.3933607,-0.026896461,-0.10213039,-0.081961503,2.5975275,2.42452,0.63947016,0.15,1.7227722,0.5,0.03552612,14.074152,2.4754261,32.30635,0.010568705,-0.17751529,-0.01437746,0.15812856,0.13523612,-2.215205
3419,4419000.0,5.4483739,1.5174603,3.9309136,-0.26128419,1.0119671,1.1700022,0.7932079,-0.61728395,0.5,2.5062045,3.7750453,3.8167598,-0.073191533,0.039065609,0.035429796,-0.0099617342,2.3472258,2.1804429,0.63721219,0.15,1.6521128,0.5,0.035400677,14.124024,2.482832,32.30635,-0.038469765,-0.15137888,-0.012459898,0.14969763,-1.6304278,-3.7062514
3420,4420000.0,5.4512968,1.5245219,3.9267749,-0.25983696,1.0166763,1.1783792,0.79282551,-0.61728395,0.5,2.9336493,4.1618628,4.0237947,0.61529047,0.019157959,-0.084040126,-0.035293512,2.7747473,2.6055553,0.63720069,0.15,1.6102845,0.5,0.035400038,14.124278,2.4792814,32.30635,-0.00053432294,-0.16541799,0.0093981573,0.20794877,0.079452965,3.0211984
3421,4421000.0,5.4308843,1.5187649,3.9121194,-0.26248687,1.012837,1.1746207,0.78887103,-0.61728395,0.5,2.8524025,4.003374,4.0262821,0.52755138,0.0064436455,0.21290477,-0.049314544,2.694293,2.5253549,0.63722134,0.15,1.5732874,0.5,0.035401186,14.123821,2.4793633,32.30635,-0.015966626,-0.17380455,0.036554318,0.17489594,-1.2698181,2.9020374
3422,4422000.0,5.4360943,1.5230979,3.9129965,-0.26720364,1.0157267,1.1639841,0.8105534,-0.61728395,0.5,2.87444,4.0884636,4.0529977,0.48185863,-0.025052763,-0.18642321,-0.042183249,2.7119848,2.5503539,0.64414867,0.15,1.5704436,0.5,0.035786037,13.97193,2.4809956,32.30635,0.00089263003,-0.13610025,-0.0018411902,0.23014539,-0.99718346,-1.8966154
3423,4423000.0,5.4666947,1.5484119,3.9182828,-0.24677644,1.0326081,1.1872253,0.81861309,-0.61728395,0.5,2.4959533,3.853354,3.7457571,-0.11125136,0.018451193,0.11165185,-0.13138878,2.3318827,2.1653962,0.65135896,0.15,1.5326954,0.5,0.036186609,13.817266,2.4851292,32.30635,-0.0034809105,-0.15308501,0.0027846851,0.15625291,-0.98962338,1.3646706
3424,4424000.0,5.4647088,1.5286118,3.936097,-0.24389858,1.0194038,1.1624599,0.82145903,-0.61728395,0.5,2.6587363,3.9659925,3.8867727,0.1234438,-0.017266872,-0.13627239,-0.084684397,2.4940954,2.3350747,0.65476539,0.15,1.4995568,0.5,0.036375855,13.745381,2.4692361,32.30635,0.0039783875,-0.234068,0.00016080697,0.11397553,5.2773616,1.6716652
3425,4425000.0,5.4536155,1.531749,3.9218665,-0.2430059,1.0214959,1.1786795,0.80392702,-0.61728395,0.5,2.9657019,4.1489635,4.1765491,0.57159296,0.001391199,-0.085553747,0.023452486,2.8045748,2.6375242,0.6566205,0.15,1.5440347,0.5,0.036478917,13.706547,2.47582,32.30635,0.0045317564,-0.15365539,0.014906509,0.2327552,-0.21268179,0.48600454
3426,4426000.0,5.439974,1.4777846,3.9621894,-0.2454402,0.98550802,1.1267202,0.79009863,-0.61728395,0.5,3.1085867,4.2165924,4.2417681,0.86739973,-0.053827116,-0.025503222,-0.13299511,2.9502312,2.794876,0.65377259,0.15,1.5856319,0.5,0.036320699,13.766255,2.4800272,32.30635,-0.0077291472,-0.17931755,0.019265052,0.26822349,0.58298347,1.4091789
3427,4427000.0,5.4645917,1.5351876,3.9294041,-0.25795925,1.0237891,1.1877774,0.79676885,-0.61728395,0.5,2.7380875,3.9417965,3.9884398,0.28402632,0.028347216,0.089673074,0.031805974,2.5783952,2.4073768,0.65091065,0.15,1.6524417,0.5,0.036161703,13.826783,2.4737291,32.30635,-0.0091273849,-0.26500794,7.7895639e-05,0.17265126,-2.5269727,0.28736361
3428,4428000.0,5.4205781,1.5047733,3.9158048,-0.25505027,1.0035063,1.1642634,0.78095922,-0.61728395,0.5,2.5984528,3.8426265,3.8693771,0.083354889,0.015873759,0.0072743534,-0.010757655,2.4419291,2.274289,0.64829706,0.15,1.668946,0.5,0.036016503,13.882525,2.5112129,32.30635,0.0090385219,-0.14737726,0.030180832,0.20250303,-1.1029565,-4.0723265
3429,4429000.0,5.4366429,1.5206808,3.9159621,-0.2598748,1.0141148,1.1664534,0.80327072,-0.61728395,0.5,2.4863035,3.7584716,3.7917532,-0.091314313,-0.0051426103,-0.099742805,0.0021217421,2.325308,2.1615299,0.64446443,0.15,1.6814507,0.5,0.035803579,13.965084,2.4932887,32.30635,0.005990384,-0.17729748,-0.002734234,0.20588949,2.3761785,-3.8334185
3430,4430000.0,5.4314548,1.5309007,3.9005542,-0.27098907,1.0209302,1.1710485,0.81317585,-0.61728395,0.5,2.8618061,4.0406999,4.0142256,0.53049287,0.036362206,0.041892776,0.087876746,2.6988254,2.5357532,0.6458239,0.15,1.6627781,0.5,0.035879106,13.935687,2.4767007,32.30635,0.015957603,-0.17255644,-0.0086093778,0.21009283,2.4127052,10.213589
3431,4431000.0,5.4589184,1.5311966,3.9277218,-0.25797267,1.0211275,1.1630493,0.82475987,-0.61728395,0.5,2.5651975,3.8266315,3.7871514,0.081809689,-0.002677737,-0.098591975,-0.17666142,2.399895,2.2413718,0.64874257,0.15,1.7048512,0.5,0.036041254,13.872991,2.4745517,32.30635,0.018836244,-0.20410644,-0.019016744,0.20712107,0.41168837,-2.0620666
3432,4432000.0,5.4104218,1.5379602,3.8724616,-0.27080776,1.0256381,1.1691392,0.82707983,-0.61728395,0.5,2.5349029,3.8222603,3.7988502,-0.016401713,0.029095992,0.0085833375,0.024735842,2.3691355,2.2093816,0.65515202,0.15,1.6938484,0.5,0.036397335,13.73727,2.4957338,32.30635,-0.0036120142,-0.18417283,0.0031752419,0.19663937,-2.5642172,-7.2757376
3433,4433000.0,5.4604362,1.556036,3.9044003,-0.25133425,1.0376925,1.1873624,0.83057401,-0.61728395,0.5,2.8849113,4.0928452,4.0137801,0.54810854,0.017918548,0.088729761,0.10770456,2.7184435,2.5543161,0.65631024,0.15,1.7021322,0.5,0.03646168,13.713027,2.4903148,32.30635,-0.017865136,-0.15981965,-0.0098480128,0.17389507,2.0378717,0.50910941
3434,4434000.0,5.3944322,1.5067634,3.8876688,-0.27193983,1.0048335,1.145661,0.80997332,-0.61728395,0.5,2.7526448,3.8860833,4.0334425,0.33840854,0.0060682406,-0.0059709191,0.04845959,2.5903059,2.4336604,0.65354932,0.15,1.6625402,0.5,0.036308296,13.770958,2.463563,32.30635,-0.015517512,-0.24916739,-0.015764945,0.18182248,0.41463199,-0.99374815
3435,4435000.0,5.4113371,1.5210225,3.8903147,-0.25697114,1.0143426,1.1809735,0.78364413,-0.61728395,0.5,2.8506581,4.1193693,3.9989456,0.43365933,0.054566712,-0.14984235,0.074838024,2.6935962,2.5218417,0.65773661,0.15,1.6650605,0.5,0.036540923,13.683289,2.4958442,32.30635,0.010407437,-0.15538125,-0.0085080205,0.17865627,2.7269884,4.3126552
3436,4436000.0,5.4409635,1.5369541,3.9040095,-0.2741783,1.0249671,1.1650438,0.83116554,-0.61728395,0.5,2.7631485,3.9791798,3.9572182,0.35304747,-0.0077712467,-0.0065730218,-0.020931039,2.5965621,2.4387674,0.65124207,0.15,1.6115939,0.5,0.036180115,13.819746,2.4689552,32.30635,-0.028575824,-0.19464753,0.00055209349,0.20461272,-2.4040258,3.5416519
3437,4437000.0,5.4373835,1.5174336,3.9199499,-0.25893165,1.0119493,1.1507392,0.81992526,-0.61728395,0.5,2.5582457,3.8322184,3.8083798,0.03413873,-0.0033801766,-0.23619921,-0.0089859877,2.3939121,2.2378474,0.64499175,0.15,1.6000107,0.5,0.035832875,13.953667,2.4777502,32.30635,0.020387246,-0.23363007,0.029434023,0.20050562,-1.7182211,-2.3453404
3438,4438000.0,5.4126567,1.5309413,3.8817154,-0.25485278,1.0209573,1.1809122,0.79953811,-0.61728395,0.5,2.9520216,4.1239702,4.1534935,0.57860107,0.012221993,-0.044438997,-0.1022565,2.7917742,2.6232223,0.64888536,0.15,1.6661953,0.5,0.036049187,13.869938,2.5051027,32.30635,0.018705718,-0.19837648,-0.013021474,0.19498931,-1.839393,3.2005504
3439,4439000.0,5.474122,1.5550129,3.9191091,-0.23632416,1.0370102,1.1819707,0.83643355,-0.61728395,0.5,2.9903562,4.1216461,4.1743399,0.67508275,0.031181136,-0.36894787,-0.037742141,2.822714,2.6612622,0.64882307,0.15,1.6688762,0.5,0.036045726,13.87127,2.4947841,32.30635,0.023977782,-0.17621215,0.01450024,0.21112902,4.819564,1.1117768
3440,4440000.0,5.4274011,1.5132222,3.9141789,-0.25928288,1.0091407,1.1649719,0.79344098,-0.61728395,0.5,2.8459942,4.0935698,4.031394,0.4130188,-0.066369497,-0.021067004,-0.0023956693,2.6869688,2.5216331,0.64949033,0.15,1.6965699,0.5,0.036082796,13.857019,2.4761634,32.30635,0.0073048642,-0.17256931,0.043471139,0.17783033,2.5504771,-1.201075
3441,4441000.0,5.437646,1.5071431,3.9305029,-0.25361111,1.0050867,1.149044,0.80587886,-0.61728395,0.5,2.5635443,3.8309298,3.7962982,0.06340496,-0.065150808,-0.17877226,-0.069006303,2.4020261,2.243618,0.64957953,0.15,1.6423546,0.5,0.036087752,13.855116,2.4901553,32.30635,0.018732038,-0.17407573,0.021485042,0.20360235,-4.0340009,-1.7740276
3442,4442000.0,5.3806593,1.5229478,3.8577114,-0.252885,1.0156266,1.1655933,0.80807873,-0.61728395,0.5,2.7994251,4.0543568,4.0184739,0.32544466,0.036640541,-0.055722829,0.023289473,2.6374659,2.474891,0.65153177,0.15,1.6386255,0.5,0.036196209,13.813601,2.4734425,32.30635,-0.019988035,-0.19522696,0.0165129,0.15436338,0.32555477,2.7554066
3443,4443000.0,5.4194973,1.5107272,3.9087701,-0.25878241,1.0074769,1.1661032,0.78789288,-0.61728395,0.5,2.8076065,3.9495122,3.9910192,0.48228795,0.018704142,-0.062272485,0.04529249,2.649693,2.4829304,0.64988836,0.15,1.6409072,0.5,0.036104909,13.848532,2.4812987,32.30635,-0.0067530558,-0.18899486,-0.017952318,0.18472392,-0.66538249,-1.406313
3444,4444000.0,5.435139,1.5464317,3.8887074,-0.27217217,1.0312876,1.183111,0.82117239,-0.61728395,0.5,3.0227301,4.2110732,4.1546506,0.70246662,-0.021952253,-0.24976706,0.024387634,2.8581467,2.6933186,0.65019399,0.15,1.6587555,0.5,0.036121888,13.842023,2.4840845,32.30635,0.018728653,-0.17799948,-0.029315134,0.18177715,1.441483,3.792443
3445,4445000.0,5.4302959,1.5386713,3.8916245,-0.2509218,1.0261123,1.1910339,0.79779744,-0.61728395,0.5,2.6845831,3.9204541,3.9150702,0.21822498,-0.027998126,-0.10327227,-0.065672809,2.5246845,2.3529656,0.64735234,0.15,1.6737622,0.5,0.035964019,13.902784,2.4742437,32.30635,-0.0094028951,-0.23189584,0.02151412,0.17887535,1.7006141,4.1939766
3446,4446000.0,5.4031745,1.5208104,3.8823642,-0.26976268,1.0142012,1.1677955,0.80161281,-0.61728395,0.5,2.4857663,3.7497144,3.8303681,-0.12278355,0.028761439,-0.23134122,0.050707532,2.3251031,2.1606191,0.64640395,0.15,1.6522965,0.5,0.035911331,13.923182,2.4794327,32.30635,-0.027736154,-0.2107096,-0.0050895096,0.14016062,0.61793106,-1.0691201
3447,4447000.0,5.3973821,1.5271477,3.8702344,-0.26616432,1.0184274,1.1781553,0.79732169,-0.61728395,0.5,2.9307462,4.1038213,4.1516051,0.53681229,-0.053925203,-0.36820491,0.0045395206,2.770943,2.6027145,0.64993702,0.15,1.6903292,0.5,0.036107612,13.847495,2.4858037,32.30635,0.035199424,-0.21388828,-0.0051781702,0.18779215,4.1726279,-4.6066479
3448,4448000.0,5.4061476,1.5041404,3.9020071,-0.25932027,1.0030843,1.1618247,0.78333842,-0.61728395,0.5,2.3922704,3.6972468,3.7099362,-0.23037176,-0.052538818,-0.021049029,0.0550315,2.2352698,2.0687856,0.65121372,0.15,1.7160005,0.5,0.03617854,13.820348,2.4939551,32.30635,0.0016277948,-0.15272925,0.0109617,0.17640017,-2.7588567,-6.6009414
3449,4449000.0,5.4019472,1.518099,3.8838481,-0.26570993,1.012393,1.1823071,0.77713201,-0.61728395,0.5,2.8530833,4.0704133,4.1237434,0.36509331,-0.0018267711,0.20151105,0.058736685,2.6973267,2.5238957,0.6518541,0.15,1.7151284,0.5,0.036214117,13.806771,2.4732336,32.30635,-0.01010909,-0.12762878,0.012801914,0.14836085,-4.3981807,5.788141
3450,4450000.0,5.3889455,1.5028424,3.8861031,-0.27007042,1.0022186,1.1577165,0.7869766,-0.61728395,0.5,2.8888151,4.0483191,4.0739147,0.54421152,-0.019354925,-0.088034204,0.081272594,2.7310853,2.5664741,0.64861558,0.15,1.664635,0.5,0.036034199,13.875707,2.4792791,32.30635,-0.015807336,-0.18886121,0.0070923429,0.1818541,-3.9861051,6.3615346
3451,4451000.0,5.4326773,1.5046275,3.9280498,-0.24910807,1.0034091,1.148299,0.80290438,-0.61728395,0.5,2.7648406,3.9850112,4.02851,0.28100065,0.025949339,-0.16316875,0.10579679,2.6039185,2.4451218,0.64807119,0.15,1.6916475,0.5,0.036003955,13.887363,2.4651452,32.30635,-0.0060616816,-0.13603568,-0.0071847948,0.13329398,-0.26063819,3.7923535
3452,4452000.0,5.3788077,1.4946337,3.884174,-0.25974978,0.99674441,1.1299417,0.81247781,-0.61728395,0.5,2.7933628,4.0572087,4.085856,0.23702388,-0.0012178682,0.060585798,-0.010718896,2.630522,2.4787552,0.64668377,0.15,1.7036865,0.5,0.035926876,13.917158,2.478058,32.30635,0.0014588959,-0.17768188,-0.0044649891,0.14105641,-2.6783403,0.96267687
3453,4453000.0,5.4066225,1.4991692,3.9074533,-0.25841919,0.99976903,1.1491284,0.79305267,-0.61728395,0.5,2.8082361,4.0143565,4.0040723,0.40627942,0.026595472,-0.12069386,-0.0080595263,2.6492885,2.4882863,0.65292618,0.15,1.7339737,0.5,0.036273677,13.7841,2.474693,32.30635,-0.0014016725,-0.16756959,-0.033575541,0.19465405,-0.26993103,-4.8005202
3454,4454000.0,5.4124457,1.5217204,3.8907254,-0.24627617,1.014808,1.1522558,0.82465074,-0.61728395,0.5,3.0123129,4.2158094,4.1352486,0.6858808,0.05239553,0.12255696,0.0017743153,2.8470323,2.6914924,0.65196222,0.15,1.712604,0.5,0.036220124,13.804481,2.4868592,32.30635,-0.023623088,-0.18415249,0.025457902,0.19063569,-0.22786196,3.190319
3455,4455000.0,5.4189487,1.5134448,3.9055039,-0.2504013,1.0092892,1.1576323,0.80399203,-0.61728395,0.5,2.5947827,3.760345,3.8815191,0.14248417,0.048508615,-0.19997451,0.20714101,2.4336426,2.2724652,0.65784919,0.15,1.7437024,0.5,0.036547177,13.680947,2.4747924,32.30635,-0.02681724,-0.14796698,-0.029718306,0.22046839,7.1614047,0.45238095
3456,4456000.0,5.4111475,1.5010363,3.9101112,-0.24427096,1.0010142,1.1479088,0.79772284,-0.61728395,0.5,2.5226354,3.7887874,3.7688668,0.010251817,-0.015990512,0.0006293114,-0.00073835791,2.3627518,2.2030252,0.66021026,0.15,1.712423,0.5,0.036678348,13.632021,2.4976441,32.30635,0.0070733694,-0.17687312,0.036480016,0.22728318,4.1943696,-2.0209216
3457,4457000.0,5.3743598,1.5396753,3.8346845,-0.27152013,1.0267819,1.195305,0.79346424,-0.61728395,0.5,2.7353916,3.9727857,3.9480668,0.28532217,0.054363157,0.10038773,-0.037815607,2.5763615,2.4025849,0.65747126,0.15,1.7014767,0.5,0.036526181,13.688811,2.4818126,32.30635,0.0082328881,-0.20663686,-0.017522131,0.23631066,-1.7020632,-6.7333438
3458,4458000.0,5.4309413,1.5395643,3.8913769,-0.24922562,1.0267079,1.1912968,0.79885552,-0.61728395,0.5,2.810376,3.9626735,4.0221185,0.44633603,-0.04040731,-0.17105836,0.015690008,2.6502654,2.4786854,0.65329895,0.15,1.708654,0.5,0.036294386,13.776235,2.4819899,32.30635,-0.02921308,-0.19506513,0.010958522,0.19851542,-1.5964636,-2.7490808
3459,4459000.0,5.4191717,1.5404614,3.8787103,-0.25363889,1.0273061,1.1772207,0.8198396,-0.61728395,0.5,2.9980221,4.1345439,4.1962051,0.66331724,-0.0058454942,-0.10314361,0.050486898,2.8337057,2.6702506,0.6473856,0.15,1.7121804,0.5,0.035965866,13.90207,2.4775408,32.30635,0.035721644,-0.14365027,0.010294344,0.15845959,-2.6670025,5.7005801
3460,4460000.0,5.4003543,1.5238995,3.8764548,-0.25868406,1.0162612,1.187979,0.77849754,-0.61728395,0.5,2.6680779,3.8971003,3.9304563,0.17667722,0.040363678,0.03790957,0.044377768,2.5120476,2.3373111,0.64915827,0.15,1.7131021,0.5,0.036064348,13.864107,2.4660719,32.30635,0.0030936825,-0.16021277,0.022950172,0.16506417,-2.4557277,1.6778207
3461,4461000.0,5.4082141,1.5337312,3.8744829,-0.28488801,1.0228178,1.1772566,0.80906286,-0.61728395,0.5,2.7737651,4.0438888,4.0027702,0.27463613,-0.0029459599,0.16916904,-0.048680327,2.6116086,2.4459836,0.65452317,0.15,1.7203807,0.5,0.036362398,13.750468,2.4868583,32.30635,-0.0089647626,-0.16160231,0.0048124756,0.19697579,0.68057941,-6.0693158
3462,4462000.0,5.4275101,1.5669511,3.860559,-0.23861399,1.0449716,1.2160238,0.80815461,-0.61728395,0.5,2.9490752,4.1060083,4.1606105,0.58060673,-0.013627182,0.13908309,0.004863332,2.7871008,2.6104998,0.65218665,0.15,1.7067344,0.5,0.036232592,13.79973,2.4633419,32.30635,0.040815128,-0.22618674,0.0001794772,0.14590078,1.3504597,6.7077709
3463,4463000.0,5.4302077,1.556257,3.8739508,-0.25741846,1.0378399,1.2101022,0.79933633,-0.61728395,0.5,2.8018968,3.9685576,4.013063,0.4240698,-0.0033613644,0.10667168,0.064240182,2.6416898,2.4649702,0.64841236,0.15,1.7308366,0.5,0.036022909,13.880056,2.4909128,32.30635,0.008025128,-0.17320791,-0.0087888589,0.17477026,5.7590485,1.5440214
3464,4464000.0,5.4443168,1.5160277,3.9282891,-0.25801592,1.0110117,1.1617144,0.80243781,-0.61728395,0.5,2.5539228,3.8252787,3.8218211,0.014668741,0.015011685,-0.16984307,-0.075495641,2.3930942,2.2304687,0.65132289,0.15,1.7374094,0.5,0.036184605,13.818031,2.4795204,32.30635,0.02628028,-0.096488281,0.0311328,0.23632328,3.1661613,-1.0916046
3465,4465000.0,5.4233997,1.5391978,3.8842018,-0.27711905,1.0264634,1.1836272,0.80892587,-0.61728395,0.5,2.6482773,3.9998793,3.9510171,-0.0060643757,0.072894,-0.22735264,-0.12082303,2.4861484,2.3187221,0.65135612,0.15,1.7516316,0.5,0.036186451,13.817326,2.4820567,32.30635,0.004809359,-0.14882521,0.022155177,0.22165172,-2.7807779,3.3645318
3466,4466000.0,5.4072938,1.4955363,3.9117575,-0.27206088,0.99734636,1.1722007,0.75521073,-0.61728395,0.5,2.6410938,3.8540683,3.922402,0.14681103,0.022398375,-0.28001258,0.15289214,2.4897307,2.31472,0.6609573,0.15,1.7346642,0.5,0.03671985,13.616613,2.47935,32.30635,0.0015936071,-0.19879601,0.00039279876,0.17114579,-4.244489,1.7323231
3467,4467000.0,5.412555,1.5186417,3.8939133,-0.26668161,1.0127549,1.1701027,0.7949511,-0.61728395,0.5,2.6240015,3.8741259,3.8719658,0.12591281,-0.016831653,-0.14899823,-0.024452725,2.4646734,2.2982119,0.65958985,0.15,1.7273167,0.5,0.036643881,13.644843,2.495323,32.30635,-0.0026199473,-0.18106087,0.0076375793,0.15147546,1.6207235,-0.3888612
3468,4468000.0,5.4437727,1.537194,3.9065787,-0.24928676,1.0251271,1.1826799,0.80704814,-0.61728395,0.5,2.9852538,4.127335,4.1548936,0.67353289,0.020724465,0.057217346,-0.10754622,2.8235012,2.6559623,0.65295859,0.15,1.7153874,0.5,0.036275477,13.783416,2.478194,32.30635,0.0045745375,-0.177357,0.006693018,0.16202552,1.5851565,-0.098668521
3469,4469000.0,5.4215392,1.5255207,3.8960185,-0.26753563,1.0173424,1.1714742,0.80400972,-0.61728395,0.5,2.5100551,3.8504808,3.7624029,-0.082718441,-0.037358752,0.11720835,-0.021289242,2.3489115,2.1838836,0.65164183,0.15,1.7371503,0.5,0.036202324,13.811268,2.4825972,32.30635,0.020545174,-0.20921917,-0.0076635722,0.15058064,2.7938664,-7.3680283
3470,4470000.0,5.4202174,1.5465758,3.8736416,-0.2677476,1.0313837,1.1984817,0.80004925,-0.61728395,0.5,2.7095001,3.9513039,3.9632152,0.21398107,-0.037177251,-0.022286986,-0.11140776,2.5491502,2.3758089,0.64498192,0.15,1.712853,0.5,0.035832329,13.953879,2.4905815,32.30635,0.013910596,-0.20565273,0.0035942287,0.15227892,1.0109605,6.6455043
3471,4471000.0,5.4498841,1.5394117,3.9104724,-0.25223827,1.0266061,1.1820471,0.81146179,-0.61728395,0.5,2.4470542,3.7722137,3.7559291,-0.18698018,0.0060023349,-0.12552102,-0.15192849,2.284417,2.1179389,0.64450424,0.15,1.6445924,0.5,0.035805791,13.964222,2.477373,32.30635,-0.0034347251,-0.19175689,-0.017912681,0.1584464,-4.468404,-5.7108591
3472,4472000.0,5.4361849,1.5439892,3.8921957,-0.26388322,1.0296587,1.2006293,0.79294334,-0.61728395,0.5,2.6768513,3.9450003,3.9374427,0.14811086,0.0083191683,-0.30249423,-0.064365819,2.5179256,2.3425622,0.65130508,0.15,1.6297201,0.5,0.036183616,13.818409,2.528637,32.30635,-0.015626701,-0.17084197,0.001997443,0.13607949,-3.2516006,0.90683263
3473,4473000.0,5.4542869,1.5507917,3.9034952,-0.25540243,1.0341952,1.1867597,0.82305279,-0.61728395,0.5,2.8166414,4.0337116,3.9887169,0.4274957,0.032767035,-0.21031811,-0.033744924,2.651681,2.486214,0.64886775,0.15,1.5841193,0.5,0.036048208,13.870315,2.479771,32.30635,0.020282542,-0.20098098,-0.0066367386,0.12413913,1.2880548,0.10370096
3474,4474000.0,5.3949912,1.4955672,3.899424,-0.26493272,0.99736697,1.1626897,0.76847263,-0.61728395,0.5,2.5845956,3.9147037,3.8713969,-0.032313929,-0.022220539,0.021292432,0.072505519,2.4305744,2.2608699,0.65116108,0.15,1.6096081,0.5,0.036175615,13.821465,2.4725687,32.30635,0.0091859712,-0.17599154,0.021216291,0.17899272,6.1504309,-5.2380301
3475,4475000.0,5.399999,1.5009897,3.8990094,-0.26000584,1.0009831,1.162297,0.77766056,-0.61728395,0.5,2.7454333,3.9663778,3.9409966,0.32892564,0.041301354,0.07032188,0.16395269,2.5895707,2.4218171,0.65547353,0.15,1.6469446,0.5,0.036415196,13.730532,2.5119773,32.30635,0.023460255,-0.19093526,-0.025703974,0.17597496,3.6912213,4.9795392
3476,4476000.0,5.3929726,1.4783582,3.9146144,-0.27295937,0.98589061,1.1336272,0.78141778,-0.61728395,0.5,2.7467267,3.9939884,3.9355396,0.31065207,0.0091355042,-0.16519034,-0.021513379,2.590111,2.4310929,0.65138982,0.15,1.6531537,0.5,0.036188324,13.816611,2.4967354,32.30635,-0.0071952033,-0.16981196,0.009763653,0.12968729,0.41800172,0.63316357
3477,4477000.0,5.3638525,1.4841194,3.8797331,-0.25929363,0.98973262,1.1519917,0.76508834,-0.61728395,0.5,2.9842164,4.14643,4.1244954,0.681724,-0.035338772,-0.10857956,0.0284916,2.8308736,2.6634694,0.65189576,0.15,1.7014741,0.5,0.036216431,13.805888,2.4711219,32.30635,0.016289241,-0.24421993,0.010823931,0.17341118,-1.0760724,0.11613535
3478,4478000.0,5.4165037,1.5305647,3.885939,-0.25661818,1.0207061,1.2021806,0.76939194,-0.61728395,0.5,2.7899411,3.9584888,4.0015545,0.40977989,0.054687411,0.10837299,-0.023460366,2.6357357,2.45522,0.65365898,0.15,1.7458172,0.5,0.036314388,13.768647,2.4903727,32.30635,-0.012378375,-0.15804302,0.01026887,0.28673734,-1.4659975,5.2055523
3479,4479000.0,5.4363431,1.5339223,3.9024207,-0.2585417,1.0229453,1.1735219,0.81455581,-0.61728395,0.5,2.7332435,3.9821906,3.9183455,0.2991944,0.0031830925,-0.24920151,-0.043060462,2.5699861,2.4065019,0.65070797,0.15,1.7133561,0.5,0.036150443,13.831089,2.4836148,32.30635,-0.011408264,-0.18967125,-0.0035567611,0.15125163,1.6261342,-0.62455805
3480,4480000.0,5.3772881,1.519264,3.8580241,-0.26994013,1.0131699,1.1689778,0.79750573,-0.61728395,0.5,3.0459618,4.1726264,4.2333797,0.7318792,0.010064751,-0.2323067,-0.056999385,2.8861217,2.7204853,0.65350612,0.15,1.6844775,0.5,0.036305895,13.771868,2.4722207,32.30635,-0.0060896861,-0.19182157,-0.017183725,0.1651704,5.2449514,1.6211262
3481,4481000.0,5.4029429,1.5101969,3.892746,-0.25532863,1.0071232,1.1716674,0.77931798,-0.61728395,0.5,2.8994574,4.0570047,4.0722049,0.56916272,-0.0027064543,-0.27707827,0.16272095,2.7432626,2.5732322,0.65220424,0.15,1.6813812,0.5,0.036233569,13.799358,2.4797566,32.30635,0.012587564,-0.20452684,-0.021951667,0.13151168,5.0334991,0.64062145
3482,4482000.0,5.3936377,1.5075743,3.8860634,-0.27501273,1.0053743,1.1646781,0.78484743,-0.61728395,0.5,2.7562521,4.0015152,4.0321885,0.23505261,0.013129875,-0.26014867,-0.0030358733,2.5989491,2.4319728,0.65354328,0.15,1.6960235,0.5,0.03630796,13.771085,2.4734352,32.30635,0.01574686,-0.15613072,-0.0029715775,0.16327611,2.0270609,1.1773208
3483,4483000.0,5.4368206,1.5285021,3.9083185,-0.25022051,1.0193306,1.1713649,0.80891336,-0.61728395,0.5,2.6643897,3.8027047,4.0440395,0.14642484,-0.030800042,0.19191877,0.044506205,2.5022632,2.3382486,0.65192552,0.15,1.7170094,0.5,0.036218084,13.805258,2.4808881,32.30635,0.018051167,-0.17504342,-0.0068435463,0.16276471,-0.90926339,4.8367905
3484,4484000.0,5.4306538,1.5045147,3.9261391,-0.24866774,1.0033339,1.1587835,0.78815973,-0.61728395,0.5,2.8299259,4.0357332,4.033396,0.42064863,0.030865916,0.020334204,-0.0037268368,2.671959,2.5072879,0.64482449,0.15,1.72694,0.5,0.035823583,13.957286,2.4983698,32.30635,0.0066320153,-0.18485893,-0.015071307,0.16683439,-2.6978914,0.83421656
3485,4485000.0,5.4778252,1.5432255,3.9345997,-0.25475158,1.0291494,1.1556784,0.85417128,-0.61728395,0.5,3.0177511,4.1916662,4.1337451,0.72784201,-0.00049272344,0.10417279,0.051942053,2.8465538,2.6959776,0.64452597,0.15,1.7071021,0.5,0.035806998,13.963751,2.5020739,32.30635,-0.041825148,-0.19927341,-0.0081106155,0.19191313,-3.9133715,2.9346995
3486,4486000.0,5.4157114,1.5344614,3.88125,-0.25755163,1.0233048,1.1787165,0.80819868,-0.61728395,0.5,3.0012012,4.1118397,4.2012117,0.6905521,0.028310947,-0.0076144201,-0.068754977,2.839218,2.6730132,0.64152479,0.15,1.6799291,0.5,0.035640266,14.029076,2.5042901,32.30635,-0.0033425966,-0.22007919,0.0010438549,0.19998239,3.7700578,5.5148947
3487,4487000.0,5.4233124,1.502438,3.9208744,-0.26248799,1.0019489,1.1534928,0.79219949,-0.61728395,0.5,2.821741,4.0246824,4.0318913,0.40864921,-0.0070485285,-0.20450593,0.084795437,2.6629644,2.500576,0.64670266,0.15,1.6894876,0.5,0.035927926,13.916751,2.4740289,32.30635,-0.009498426,-0.15550792,0.014342879,0.20747892,4.9509894,2.737939
3488,4488000.0,5.4210929,1.5397414,3.8813515,-0.24581853,1.0268259,1.1873329,0.80464429,-0.61728395,0.5,2.6391472,3.9663933,3.8559667,0.09508148,-0.0052814456,-0.17373741,0.073340344,2.4778763,2.3085602,0.64723619,0.15,1.6871364,0.5,0.035957566,13.905279,2.4627506,32.30635,0.0005587419,-0.21115414,0.0095906833,0.15255781,3.6117405,0.89364594
3489,4489000.0,5.4123964,1.5215715,3.8908249,-0.25507587,1.0147088,1.17824,0.78831648,-0.61728395,0.5,2.5555584,3.8257741,3.7848552,0.056045994,-0.025259256,0.12817718,0.035949318,2.3975601,2.2275031,0.65298377,0.15,1.685749,0.5,0.036276876,13.782885,2.4959573,32.30635,0.0056189351,-0.20303483,-0.012077163,0.17239992,1.3588194,-1.2072692
3490,4490000.0,5.3996186,1.5190663,3.8805523,-0.25937289,1.013038,1.1695646,0.79637534,-0.61728395,0.5,2.7074742,3.9204798,3.9346816,0.26726122,0.053144424,-0.058013009,-0.03067565,2.5478607,2.3818344,0.64987326,0.15,1.6750905,0.5,0.03610407,13.848854,2.4806452,32.30635,-0.01897911,-0.21915849,0.011087996,0.24120677,2.7195541,-0.17550513
3491,4491000.0,5.3857148,1.478165,3.9075498,-0.26884691,0.98576171,1.1368072,0.77669217,-0.61728395,0.5,2.5464561,3.7890368,3.7485167,0.10181495,-0.025771845,-0.030928397,0.0034401464,2.3907876,2.2299369,0.6502853,0.15,1.6866681,0.5,0.036126961,13.840079,2.4957343,32.30635,-0.029405808,-0.20553141,-0.0084452379,0.12720315,-0.7680509,-6.0644029
3492,4492000.0,5.3849214,1.5054931,3.8794282,-0.2580486,1.0039864,1.1380112,0.81857585,-0.61728395,0.5,2.7207469,3.9960659,3.9388081,0.22736662,-0.0055975697,0.086028407,-0.12831403,2.5566838,2.4038924,0.64263807,0.15,1.7133772,0.5,0.035702115,14.004772,2.4748829,32.30635,-0.020995448,-0.20035385,0.012582086,0.18172362,-0.90166968,0.79031994
3493,4493000.0,5.4114347,1.49449,3.9169447,-0.25925784,0.99664858,1.1361023,0.8036906,-0.61728395,0.5,2.698364,3.8796116,3.9502561,0.26522415,0.020544968,0.012637946,0.073231576,2.5372843,2.382041,0.63914591,0.15,1.7160228,0.5,0.035508106,14.081292,2.4838844,32.30635,-0.023775769,-0.13918678,0.049499595,0.1874144,-0.8466166,1.0590181
3494,4494000.0,5.4270548,1.5132513,3.9138035,-0.25799242,1.0091602,1.150758,0.81323321,-0.61728395,0.5,2.7548498,4.0511097,4.0038589,0.20958091,0.012990491,-0.38997198,-0.042078027,2.5918576,2.4344463,0.64001256,0.15,1.7318561,0.5,0.035556253,14.062224,2.4867744,32.30635,-0.0038558941,-0.13715033,-0.0051993056,0.20618087,0.095446411,4.5874887
3495,4495000.0,5.3637672,1.5045621,3.8592052,-0.2820865,1.0033655,1.1670755,0.77671605,-0.61728395,0.5,2.543488,3.821304,3.8395721,-0.030411924,-0.031882657,-0.14447748,0.032231147,2.3878147,2.2185413,0.64291999,0.15,1.736888,0.5,0.035717777,13.998632,2.4747604,32.30635,0.041517307,-0.15794803,-0.0032372779,0.1423767,-0.2222621,-8.453542
3496,4496000.0,5.3669849,1.5028069,3.864178,-0.27001173,1.002195,1.1278371,0.82842814,-0.61728395,0.5,2.8130296,4.0551151,4.0114428,0.37253103,0.010184377,0.16344754,-0.089914165,2.6469919,2.4990079,0.65155088,0.15,1.7502252,0.5,0.036197271,13.813196,2.4719664,32.30635,0.026607949,-0.20403811,-0.012944077,0.16224548,-1.0989414,1.5505295
3497,4497000.0,5.3259758,1.4773688,3.848607,-0.27871385,0.98523079,1.1230389,0.79454998,-0.61728395,0.5,2.8350566,3.9334457,4.1126395,0.45908458,0.0013365995,-0.16440575,0.067674664,2.6758089,2.5223709,0.66112683,0.15,1.7881919,0.5,0.036729268,13.613122,2.4871842,32.30635,0.0069996853,-0.19081118,0.003990052,0.21083422,3.8394771,0.35133396
3498,4498000.0,5.3899338,1.5126964,3.8772374,-0.25910104,1.0087901,1.1758761,0.77745505,-0.61728395,0.5,2.8013939,3.9505445,4.0510488,0.4025885,-0.025010534,-0.31297906,0.13538749,2.6455725,2.4739968,0.65902558,0.15,1.7539608,0.5,0.036612532,13.656526,2.4779262,32.30635,0.01415682,-0.20571713,0.027221685,0.25758255,4.4631616,-6.2873149
3499,4499000.0,5.3813979,1.5272847,3.8541132,-0.2772376,1.0185188,1.1988204,0.7688322,-0.61728395,0.5,2.7160833,3.9723051,3.8975677,0.27837705,0.070334544,-0.15752271,0.080931351,2.5619901,2.3822979,0.66763516,0.15,1.7409958,0.5,0.037090842,13.480417,2.485296,32.30635,0.015568511,-0.16158429,-0.0039981042,0.22078045,-0.52618918,-3.4654364
3500,4500000.0,5.3911095,1.5013047,3.8898048,-0.25549266,1.0011932,1.1529218,0.79118667,-0.61728395,0.5,2.6848015,3.9719658,3.907511,0.17492772,0.015208666,0.27718998,-0.03143917,2.5262279,2.3637955,0.65921872,0.15,1.7365618,0.5,0.036623262,13.652525,2.4842976,32.30635,0.01846354,-0.17321477,0.029355622,0.14947152,-5.0613026,0.4104262
3501,4501000.0,5.3756573,1.5241895,3.8514678,-0.27283935,1.0164547,1.1796398,0.79054456,-0.61728395,0.5,2.8187598,3.9651572,4.0533899,0.43773246,0.040367601,-0.020593359,0.12223647,2.6603149,2.4903148,0.65173718,0.15,1.7070371,0.5,0.036207621,13.809248,2.4756518,32.30635,-0.0050894977,-0.21610174,-0.0052537569,0.15860669,-0.087954325,-3.4960353
3502,4502000.0,5.4101443,1.5199582,3.890186,-0.24688277,1.0136329,1.1545504,0.81865461,-0.61728395,0.5,3.0386614,4.2299972,4.1554833,0.73050364,0.06212349,-0.40219171,-0.00023197776,2.8745825,2.7172019,0.64228337,0.15,1.7489154,0.5,0.03568241,14.012507,2.472246,32.30635,-0.033774027,-0.17069491,0.038774355,0.22079359,2.5391173,7.5803888
3503,4503000.0,5.4457192,1.5617057,3.8840134,-0.24810117,1.0414735,1.1957564,0.82794967,-0.61728395,0.5,2.424141,3.75784,3.7592216,-0.2446387,-0.010797802,-0.19226002,-0.081212141,2.2581992,2.0912086,0.64196636,0.15,1.7668968,0.5,0.035664798,14.019426,2.5084847,32.30635,0.01444602,-0.16239251,-0.0031419576,0.24060985,1.3771507,-6.3995093
3504,4504000.0,5.448513,1.5491452,3.8993678,-0.23363217,1.0330972,1.1832386,0.82532009,-0.61728395,0.5,2.5777725,3.8589151,3.8817402,-0.0073379756,0.006036706,-0.19384145,-0.033573375,2.4123577,2.2483254,0.6379234,0.15,1.723148,0.5,0.035440189,14.108277,2.4843104,32.30635,0.007892886,-0.15430871,-0.0026453186,0.22721358,1.5297329,-6.3842839
3505,4505000.0,5.4092003,1.5251463,3.884054,-0.2674822,1.0170927,1.1825482,0.78802906,-0.61728395,0.5,2.610927,3.8829795,3.8554796,0.094321871,0.040265978,-0.020035037,0.053892513,2.4529863,2.2816722,0.64455124,0.15,1.670612,0.5,0.035808402,13.963203,2.4760067,32.30635,0.02189817,-0.16464503,-0.017663115,0.1692821,-0.65364999,-0.89777888
3506,4506000.0,5.4324309,1.5153693,3.9170616,-0.25663986,1.0105726,1.1765626,0.78076145,-0.61728395,0.5,2.9063754,4.1316491,4.0198394,0.56763785,-0.0063131575,-0.037981028,-0.048328543,2.7498913,2.5787872,0.64897552,0.15,1.6660861,0.5,0.036054195,13.868012,2.4723328,32.30635,-0.01712699,-0.16528061,0.013825437,0.20452945,1.7873733,2.7256761
3507,4507000.0,5.4264271,1.5471507,3.8792764,-0.25654846,1.031767,1.2000342,0.79880888,-0.61728395,0.5,2.6754192,3.8833006,3.9529397,0.19001749,0.031464372,-0.14936244,-0.013141441,2.515318,2.3412958,0.65618388,0.15,1.6531877,0.5,0.03645466,13.715668,2.4921659,32.30635,-0.0080407366,-0.20182404,-0.011843239,0.20877155,-2.029541,-8.9944829
3508,4508000.0,5.4268988,1.5445219,3.882377,-0.25659019,1.030014,1.1897089,0.80896278,-0.61728395,0.5,3.0792212,4.3033731,4.2098918,0.72439862,0.03752519,0.056519626,0.0016305034,2.9170848,2.7479726,0.65902513,0.15,1.6212535,0.5,0.036612507,13.656535,2.4747389,32.30635,-0.009565358,-0.18771673,-0.0018224205,0.19619419,-4.3465772,5.8197345
3509,4509000.0,5.445081,1.5420021,3.9030789,-0.25636715,1.0283336,1.1998273,0.79089035,-0.61728395,0.5,2.7495292,3.8308544,4.0393094,0.37842387,-0.0066868225,-0.21892085,0.065570013,2.591015,2.4154634,0.65912012,0.15,1.6143226,0.5,0.036617784,13.654567,2.4884937,32.30635,0.0051295782,-0.24503855,-0.013402871,0.16867926,1.3337621,2.6926272
3510,4510000.0,5.4552273,1.5430297,3.9121977,-0.2642842,1.0290188,1.1928905,0.80216463,-0.61728395,0.5,2.6928821,3.9167287,3.9289867,0.23293091,0.0076320853,-0.1204361,0.10906895,2.5321083,2.3607477,0.65181256,0.15,1.6499277,0.5,0.036211809,13.80765,2.4729131,32.30635,-0.016768079,-0.21938036,-0.0030893978,0.19308007,3.9411019,3.8951135
3511,4511000.0,5.4337114,1.5111856,3.9225258,-0.24495159,1.0077826,1.1689156,0.78471648,-0.61728395,0.5,2.9543169,4.1409351,4.103132,0.61888365,-0.012451407,-0.11088907,-0.02791561,2.7970401,2.6288578,0.6466096,0.15,1.6648198,0.5,0.035922755,13.918754,2.4846088,32.30635,0.0026991543,-0.13824015,-0.010904941,0.20510214,2.519357,4.5372142
3512,4512000.0,5.4105865,1.5472757,3.8633108,-0.25117121,1.0318504,1.189175,0.81409359,-0.61728395,0.5,2.6381432,3.9756862,3.8671088,0.071634566,0.052888381,0.30306568,-0.014775392,2.4749785,2.3070433,0.64121028,0.15,1.7114042,0.5,0.035622793,14.035957,2.5040186,32.30635,0.040487133,-0.16017951,-0.013174196,0.14163642,-0.9599316,-4.4067617
3513,4513000.0,5.4391474,1.5279762,3.9111712,-0.25209824,1.0189799,1.1724021,0.80663434,-0.61728395,0.5,2.5637969,3.838606,3.8441023,0.0086824809,0.051377624,0.11434086,0.02018547,2.4021272,2.2373671,0.63860441,0.15,1.7399875,0.5,0.035478023,14.093232,2.4958868,32.30635,0.0099197734,-0.1744602,0.001749705,0.19592606,-1.3500965,-4.1861023
3514,4514000.0,5.4361157,1.5364947,3.899621,-0.2657109,1.0246607,1.1801768,0.80941072,-0.61728395,0.5,2.8120594,4.0381193,4.0171892,0.38086965,0.019937233,0.27087325,0.0065558679,2.6498333,2.4834648,0.64520262,0.15,1.7233482,0.5,0.03584459,13.949106,2.496259,32.30635,0.021282521,-0.17455748,-0.017825551,0.24595472,-3.2688551,2.9383053
3515,4515000.0,5.4320167,1.509088,3.9229287,-0.25090707,1.0063837,1.1746219,0.77344613,-0.61728395,0.5,2.6873937,3.9107262,3.9630069,0.18844806,0.062298239,0.12831814,0.11769247,2.5323758,2.3603458,0.65133583,0.15,1.6490069,0.5,0.036185324,13.817757,2.4874651,32.30635,0.010762202,-0.24562032,-0.020027066,0.19830945,-3.7959672,4.0539628
3516,4516000.0,5.4505176,1.5605238,3.8899938,-0.26578477,1.0406854,1.2052712,0.8128481,-0.61728395,0.5,2.9057518,4.1208714,4.0823363,0.51404759,-0.057185707,0.17079866,-0.047076803,2.7428367,2.5701702,0.65836748,0.15,1.6428177,0.5,0.036575971,13.670177,2.4815321,32.30635,0.0067110561,-0.13516947,-0.013122236,0.21698781,-6.6827033,3.0598226
3517,4517000.0,5.4347107,1.5147008,3.9200098,-0.24658549,1.0101268,1.161742,0.80028462,-0.61728395,0.5,2.6931222,3.9192698,3.9445477,0.21554897,0.032260176,-0.024757093,0.054864499,2.5327251,2.3696604,0.66040256,0.15,1.6694349,0.5,0.036689031,13.628051,2.4618257,32.30635,0.01565882,-0.18217126,0.016804869,0.24048661,0.11454487,-3.6765566
3518,4518000.0,5.4399051,1.5264781,3.913427,-0.23564914,1.0179809,1.1787127,0.79548008,-0.61728395,0.5,2.6429049,3.9578532,3.9019493,0.068912271,0.042232402,0.16022913,-0.037140171,2.4834708,2.314718,0.66088694,0.15,1.6833343,0.5,0.036715941,13.618063,2.4893695,32.30635,-0.0046840137,-0.17703091,0.000802695,0.18630638,-1.6562431,-3.1852274
3519,4519000.0,5.4470659,1.5678762,3.8791897,-0.24706301,1.0455885,1.2117039,0.81563023,-0.61728395,0.5,2.9762208,4.1145256,4.1940332,0.62010351,0.023299721,-0.0088944261,0.10573907,2.8127481,2.6388482,0.65611423,0.15,1.7065704,0.5,0.03645079,13.717124,2.4846169,32.30635,0.0072374424,-0.26730646,0.01723606,0.19959629,-1.3221739,6.6675635
3520,4520000.0,5.4248126,1.5378568,3.8869558,-0.24222281,1.0255691,1.187248,0.80175848,-0.61728395,0.5,2.8235351,3.9810865,4.1170188,0.37249999,0.0041616213,0.012500309,0.077442009,2.6628427,2.4929717,0.65176028,0.15,1.7062259,0.5,0.036208904,13.808758,2.4747445,32.30635,-0.0022970818,-0.19662642,0.021052274,0.25136066,3.6058152,-1.3858518
3521,4521000.0,5.4129646,1.5329172,3.8800474,-0.26760393,1.022275,1.1965415,0.78097521,-0.61728395,0.5,2.8361243,4.0072864,4.0574911,0.44359557,0.0097156639,-0.017218669,0.043209296,2.6795974,2.5029734,0.65146334,0.15,1.7043871,0.5,0.036192408,13.815052,2.491453,32.30635,-0.017225588,-0.2131815,0.041050316,0.20546885,3.3734747,1.8540437
3522,4522000.0,5.4264458,1.5379703,3.8884755,-0.25293035,1.0256448,1.1930285,0.7939092,-0.61728395,0.5,2.7617256,3.9618492,4.0532209,0.27010659,-0.012759664,-0.044340744,-0.07209537,2.6026063,2.4295527,0.6445497,0.15,1.7357828,0.5,0.035808317,13.963237,2.4984999,32.30635,-0.0081331867,-0.22243423,-0.0028246685,0.11806331,-0.65873982,0.62796941
3523,4523000.0,5.4146998,1.5464121,3.8682877,-0.25797854,1.0312745,1.1859521,0.81719431,-0.61728395,0.5,2.6931265,3.9544176,3.9403485,0.18461331,-0.023157067,0.059967132,0.036281251,2.5293403,2.3629239,0.64816248,0.15,1.7563787,0.5,0.036009027,13.885407,2.5037337,32.30635,-0.0046942791,-0.19267281,0.051455664,0.16973822,-0.0029720666,-3.0099992
3524,4524000.0,5.4481495,1.5423544,3.9057951,-0.24037695,1.0285685,1.1944274,0.79895333,-0.61728395,0.5,2.705384,3.9921039,3.923103,0.20094524,-0.02791457,-0.11585651,-0.013949382,2.5452538,2.3728217,0.64737045,0.15,1.7248694,0.5,0.035965025,13.902395,2.4704912,32.30635,-0.011929994,-0.18860226,0.003811106,0.16371553,1.4228058,-0.77709424
3525,4525000.0,5.4438907,1.5369863,3.9069043,-0.24459126,1.0249886,1.2256007,0.74709201,-0.61728395,0.5,2.7889563,4.0051038,3.9872976,0.37446743,-0.0004792944,0.038194699,0.19213107,2.6392204,2.4477145,0.64931716,0.15,1.7264347,0.5,0.036073175,13.860715,2.4850974,32.30635,-0.0066507432,-0.18521925,-0.019842373,0.1570349,-1.1938982,-0.52452538
3526,4526000.0,5.4542054,1.5457939,3.9084115,-0.26095096,1.0308622,1.1920736,0.80770511,-0.61728395,0.5,2.7728776,4.0135212,4.024287,0.28082461,0.012051423,-0.07638443,-0.16038394,2.6109933,2.4409707,0.65123493,0.15,1.7216036,0.5,0.036179718,13.819898,2.4861311,32.30635,0.0076770521,-0.12907231,0.014199279,0.15162454,0.24319662,6.9640423
3527,4527000.0,5.4535841,1.5525284,3.9010557,-0.2558765,1.0353533,1.1900767,0.8212128,-0.61728395,0.5,2.5117797,3.7301265,3.7703788,0.034833746,0.0016114886,-0.18875925,-0.0077140129,2.3471881,2.1804287,0.65280546,0.15,1.7265788,0.5,0.03626697,13.786649,2.4756525,32.30635,0.0036365827,-0.14709645,0.017405052,0.24198119,4.8317683,0.70843923
3528,4528000.0,5.4758412,1.5625655,3.9132757,-0.26137249,1.0420469,1.1895105,0.83799681,-0.61728395,0.5,3.0908463,4.2327373,4.2222565,0.81754498,-0.00080706772,-0.20768448,0.024444796,2.9228908,2.759653,0.65069316,0.15,1.6874921,0.5,0.03614962,13.831404,2.476543,32.30635,-0.012399174,-0.17580132,-0.017893,0.20508308,1.1280211,2.9670707
3529,4529000.0,5.4352132,1.557761,3.8774522,-0.27783436,1.0388429,1.2037094,0.8106143,-0.61728395,0.5,2.7265225,3.905891,3.9793834,0.29429302,0.0081443627,0.067966771,0.074642415,2.5640551,2.3913758,0.65463761,0.15,1.6984815,0.5,0.036368756,13.748064,2.5006078,32.30635,0.011983635,-0.17836273,0.0090376621,0.17955998,-1.7166019,-0.85285554
3530,4530000.0,5.455451,1.5623847,3.8930663,-0.25941751,1.0419263,1.2025734,0.81956172,-0.61728395,0.5,2.5939566,3.8710517,3.8315294,0.079288549,-0.031537795,0.15182401,0.015754862,2.4296959,2.2591262,0.65188317,0.15,1.6796407,0.5,0.036215732,13.806155,2.4978092,32.30635,-0.0096375291,-0.17938086,-0.0051007381,0.19394221,-0.81971746,3.3265013
3531,4531000.0,5.4811881,1.5431967,3.9379914,-0.2554396,1.0291302,1.1741474,0.82846859,-0.61728395,0.5,2.8594186,4.0546777,4.0791339,0.44444434,-0.078736406,0.092331047,-0.09677039,2.6933728,2.5325029,0.64866176,0.15,1.664599,0.5,0.036036765,13.874719,2.4720652,32.30635,0.028013838,-0.15838241,0.059406445,0.27534996,-1.5345142,2.7454191
3532,4532000.0,5.475903,1.5144386,3.9614644,-0.23643554,1.0099519,1.1783204,0.77683615,-0.61728395,0.5,2.8017319,3.9783066,4.0296576,0.39723139,0.016311379,-0.041596091,0.035327368,2.6460345,2.4736542,0.65012353,0.15,1.6750867,0.5,0.036117974,13.843523,2.4775219,32.30635,-0.0041572742,-0.14666196,0.0086688933,0.16879251,1.9275949,-2.6617416
3533,4533000.0,5.4133563,1.5615818,3.8517745,-0.28170906,1.0413909,1.2342443,0.77428524,-0.61728395,0.5,2.4775766,3.7406553,3.7597454,-0.067670898,0.0094704757,0.10292506,0.0356491,2.3223905,2.1339281,0.6537585,0.15,1.7081285,0.5,0.036319916,13.766551,2.4859447,32.30635,0.0017444077,-0.17020428,-0.0060627785,0.19614586,0.43611175,-0.79153883
3534,4534000.0,5.5007454,1.5497968,3.9509486,-0.2507,1.0335317,1.1995852,0.8036501,-0.61728395,0.5,2.6638573,3.9185629,3.9182637,0.15474522,-0.0059896258,-0.021031697,-0.00974781,2.5027857,2.3298589,0.65261166,0.15,1.7383611,0.5,0.036256203,13.790744,2.4915288,32.30635,-0.022013984,-0.16126468,0.029038566,0.19713115,0.078372221,4.3095892
3535,4535000.0,5.4821029,1.5566857,3.9254173,-0.26724577,1.0381258,1.2158969,0.79196958,-0.61728395,0.5,2.7793558,3.9388429,3.9988564,0.40036824,0.010893257,-0.19632722,0.03434478,2.6206253,2.4408158,0.64860915,0.15,1.7501877,0.5,0.036033841,13.875845,2.4861943,32.30635,-0.030754326,-0.25800629,-0.011300199,0.1738387,-4.1455652,-2.0993392
3536,4536000.0,5.458473,1.5303155,3.9281576,-0.23935243,1.0205399,1.1864283,0.79087766,-0.61728395,0.5,2.945512,4.1149909,4.1295413,0.59200396,-0.016712311,-0.0056237924,-0.0067343792,2.7870004,2.6151769,0.64622244,0.15,1.6856301,0.5,0.035901247,13.927093,2.491215,32.30635,-0.013377423,-0.21435502,0.00044350215,0.19226149,-2.6204248,0.52379527
3537,4537000.0,5.4833003,1.5658878,3.9174125,-0.24242666,1.0442625,1.1910189,0.84119649,-0.61728395,0.5,2.6379436,3.8589777,3.8468243,0.20802873,-0.044477339,-0.14100137,-0.10556935,2.4693468,2.3063303,0.64171867,0.15,1.6813807,0.5,0.035651037,14.024837,2.4809275,32.30635,0.025181482,-0.23723438,-0.035480328,0.21907504,1.1191736,2.7656022
3538,4538000.0,5.4192421,1.5353054,3.8839367,-0.26236446,1.0238677,1.1768339,0.8121592,-0.61728395,0.5,2.874215,4.1193081,4.1421785,0.36115849,0.052746958,0.27465243,-0.015031394,2.711438,2.5465512,0.6418145,0.15,1.6449663,0.5,0.035656361,14.022743,2.4823806,32.30635,0.007745093,-0.15288488,-0.016864435,0.15038929,-0.13958106,6.736759
3539,4539000.0,5.4156097,1.4961155,3.9194942,-0.25190169,0.9977326,1.1656176,0.76527904,-0.61728395,0.5,2.6206856,3.8281738,3.8623364,0.17154652,-0.058863572,0.36442344,0.011587245,2.4673045,2.2961447,0.64189963,0.15,1.6762829,0.5,0.035661091,14.020884,2.4848834,32.30635,0.01093397,-0.18414451,0.0045774476,0.16653475,-1.618613,2.9047078
3540,4540000.0,5.4209447,1.5103629,3.9105819,-0.27941631,1.0072339,1.1654619,0.78820311,-0.61728395,0.5,2.7016528,3.9124552,3.9148622,0.27764089,-0.10155584,-0.20204406,-0.074166302,2.5436772,2.3771553,0.64225673,0.15,1.6509166,0.5,0.03568093,14.013088,2.4788566,32.30635,-0.0044254135,-0.18715056,0.020667139,0.15886957,1.2974836,-4.1734258
3541,4541000.0,5.4453393,1.5198016,3.9255377,-0.24296677,1.0135284,1.1741359,0.79119693,-0.61728395,0.5,2.8761434,4.0398177,4.1490621,0.43955052,-0.075634049,-0.14820889,-0.037056145,2.7175678,2.5492308,0.64678145,0.15,1.6968259,0.5,0.035932303,13.915056,2.4988969,32.30635,-0.011791573,-0.18157446,-0.00071376378,0.19429774,4.5564771,-1.575951
3542,4542000.0,5.3955361,1.5245616,3.8709744,-0.24966368,1.0167028,1.1720658,0.8016593,-0.61728395,0.5,2.7405386,4.0102274,3.9576546,0.25373393,-0.065998622,-0.0083121698,0.032988219,2.5798661,2.4142024,0.65744568,0.15,1.747488,0.5,0.03652476,13.689344,2.4834127,32.30635,-0.012687371,-0.20660159,-2.4768123e-06,0.1653459,-4.2293098,-1.0623498
3543,4543000.0,5.4423702,1.5501379,3.8922323,-0.26986305,1.0337591,1.1884993,0.81959411,-0.61728395,0.5,2.2022336,3.5236981,3.621398,-0.53839529,0.043783127,0.032047404,0.024721025,2.0379665,1.8713219,0.6627026,0.15,1.7635043,0.5,0.036816811,13.580752,2.4726715,32.30635,0.022915002,-0.17431973,0.0078073087,0.15683196,-3.2253814,-1.6607698
3544,4544000.0,5.4742515,1.5455205,3.9287309,-0.23262026,1.0306799,1.1729669,0.83381233,-0.61728395,0.5,2.5343695,3.8896088,3.778554,-0.065054161,0.0019264392,-0.039887958,0.090492792,2.3672527,2.2077824,0.66947097,0.15,1.707558,0.5,0.037192831,13.443451,2.5179943,32.30635,0.015588367,-0.2105137,0.0017287177,0.19496991,-1.1123475,4.8170515
3545,4545000.0,5.4110099,1.5138214,3.8971885,-0.24984272,1.0095403,1.1865786,0.7643802,-0.61728395,0.5,2.6693446,3.9407672,3.9287492,0.13851737,-0.021937365,-0.17312703,-0.010283993,2.5161437,2.3389676,0.66415165,0.15,1.7160465,0.5,0.036897314,13.551122,2.479762,32.30635,0.0061840099,-0.16535573,0.019613553,0.19869204,0.71089346,-3.315188
3546,4546000.0,5.4635195,1.5567782,3.9067414,-0.2671154,1.0381874,1.1898718,0.82827086,-0.61728395,0.5,2.9125712,4.1245628,4.0488513,0.56429966,-0.039241315,-0.15022311,0.054389611,2.7465651,2.5812773,0.65615009,0.15,1.6654303,0.5,0.036452783,13.716374,2.4904635,32.30635,-0.015934825,-0.16475312,0.0022494892,0.17013905,0.74477478,-0.86829264
3547,4547000.0,5.45405,1.5165691,3.9374809,-0.24277201,1.0113727,1.1733345,0.78715808,-0.61728395,0.5,2.8098883,3.964236,4.0859364,0.37949252,0.0045216171,0.02208729,0.085163516,2.6521221,2.4831988,0.65231439,0.15,1.6455791,0.5,0.036239688,13.797028,2.4744322,32.30635,0.016695194,-0.14952289,0.0055524267,0.22862925,-0.091090898,1.9755247
3548,4548000.0,5.4205807,1.5224345,3.8981462,-0.27391586,1.0152843,1.1865404,0.77816111,-0.61728395,0.5,2.7350158,3.9548343,4.0143592,0.23585409,0.0025558853,-0.025660438,0.095869691,2.5790529,2.4046495,0.64879647,0.15,1.6495042,0.5,0.036044248,13.871839,2.4929553,32.30635,0.001367832,-0.14477094,0.017177513,0.22533981,2.9637411,6.6462733
3549,4549000.0,5.4532361,1.5197824,3.9334537,-0.24613473,1.0135157,1.1744481,0.79073264,-0.61728395,0.5,2.5040878,3.7836972,3.82298,-0.094413912,-0.074219243,-0.0031469886,-0.097746659,2.3456052,2.1770882,0.64801693,0.15,1.7059437,0.5,0.036000941,13.888526,2.4721754,32.30635,-0.012349666,-0.14586556,0.0063695508,0.21686534,1.6853331,-2.8594421
3550,4550000.0,5.4741964,1.5479768,3.9262195,-0.23570582,1.032318,1.2060869,0.79171725,-0.61728395,0.5,2.6945801,3.8983648,3.963835,0.22154056,0.010634372,-0.23484737,-0.075854917,2.5359002,2.3587714,0.65040699,0.15,1.7055449,0.5,0.036133721,13.83749,2.4777603,32.30635,0.0026692763,-0.16349613,0.0084247825,0.22657999,-0.18367573,-0.49016462
3551,4551000.0,5.4483904,1.5458841,3.9025064,-0.26824678,1.0309224,1.1874907,0.81421531,-0.61728395,0.5,2.8256316,3.9730255,4.0936316,0.41023761,-0.014813357,-0.066268573,-0.033980219,2.6624425,2.4950006,0.65603276,0.15,1.6682922,0.5,0.036446264,13.718827,2.4681846,32.30635,0.005446141,-0.12483297,-0.014588323,0.15799393,1.0006283,4.2508793
3552,4552000.0,5.4577262,1.5472887,3.9104374,-0.26296315,1.0318591,1.1798908,0.82701195,-0.61728395,0.5,2.9399647,4.0889473,4.1766913,0.55425539,0.049400166,-0.10678225,-0.021848164,2.7742108,2.6114498,0.6537213,0.15,1.6908301,0.5,0.03631785,13.767335,2.4950583,32.30635,0.0131167,-0.20010675,0.0023302205,0.22606749,1.6280559,7.2381914
3553,4553000.0,5.4233086,1.5299795,3.8933291,-0.26266117,1.0203159,1.1885911,0.78733771,-0.61728395,0.5,2.7568669,3.9164709,3.9858453,0.36828465,-0.04296454,-0.12253728,-0.053353369,2.5990648,2.4259296,0.65090032,0.15,1.7179544,0.5,0.036161129,13.827002,2.5029227,32.30635,0.0078802892,-0.22025984,-0.0047115559,0.19998134,2.0943709,3.283127
3554,4554000.0,5.4635133,1.5653061,3.8982071,-0.27748598,1.0438746,1.2070101,0.81805455,-0.61728395,0.5,2.6059061,3.829208,3.9007438,0.08776669,-0.031370153,-0.16931532,-0.099179529,2.4419476,2.2698404,0.64462468,0.15,1.7180377,0.5,0.035812482,13.961613,2.465417,32.30635,-0.02999769,-0.19768851,0.012164754,0.17162362,-0.077335455,-0.89500993
3555,4555000.0,5.4842652,1.5553047,3.9289606,-0.25261991,1.0372048,1.2054222,0.80431988,-0.61728395,0.5,2.8880063,4.0546385,4.1178099,0.49157052,0.063291775,-0.10298685,-0.058098457,2.7268005,2.5523827,0.64158972,0.15,1.6532304,0.5,0.035643874,14.027656,2.4811913,32.30635,0.012917673,-0.2054874,-0.010251916,0.13026293,0.35043914,1.5744018
3556,4556000.0,5.5159454,1.5515536,3.9643918,-0.25162712,1.0347033,1.1793079,0.83461915,-0.61728395,0.5,2.6354969,3.8334104,3.9109811,0.16209921,0.014402813,0.093122197,0.037109142,2.4682184,2.3071443,0.64295984,0.15,1.6863237,0.5,0.035719991,13.997764,2.4872357,32.30635,-0.014116564,-0.13237409,0.0048305737,0.16974157,-1.6074345,3.8144599
3557,4557000.0,5.4854069,1.5593139,3.926093,-0.26125539,1.0398785,1.2099664,0.80439717,-0.61728395,0.5,2.7146087,3.9423599,3.966727,0.23473931,0.044961918,-0.040532252,0.013932136,2.5533874,2.3777199,0.64105401,0.15,1.6949856,0.5,0.035614112,14.039379,2.4876924,32.30635,-0.019068135,-0.17706159,-0.01337602,0.21080379,-0.52065826,4.6610659
3558,4558000.0,5.4740775,1.514352,3.9597255,-0.26405397,1.0098942,1.1791827,0.77550031,-0.61728395,0.5,2.8033363,3.9704407,4.0552832,0.38428498,-0.028045365,-0.048086945,-0.024545166,2.6479066,2.4750185,0.63964228,0.15,1.7297945,0.5,0.035535682,14.070364,2.4843596,32.30635,0.0034543619,-0.13905921,-0.012686716,0.20581303,4.6895565,-2.8244702
3559,4559000.0,5.4678113,1.5436071,3.9242042,-0.255242,1.0294039,1.2030366,0.78899007,-0.61728395,0.5,2.9645561,4.1172087,4.1710049,0.60545463,0.056151462,0.048523047,0.048031076,2.8064227,2.6295967,0.64077387,0.15,1.7807849,0.5,0.035598548,14.045517,2.4885764,32.30635,0.0033695563,-0.15608712,0.0024910834,0.1644292,3.2169683,3.9960757
3560,4560000.0,5.507282,1.5761928,3.9310892,-0.25861487,1.0511347,1.2034623,0.84033458,-0.61728395,0.5,2.8333129,3.9821125,4.0107563,0.50707007,0.014789445,0.15595467,-0.028133451,2.6648889,2.4982351,0.63559465,0.15,1.7329605,0.5,0.035310814,14.159968,2.4842862,32.30635,0.0087330051,-0.2223105,-0.0046932773,0.1814702,-1.5046186,7.2372668
3561,4561000.0,5.5047978,1.5611865,3.9436113,-0.26031461,1.0411273,1.209779,0.80764209,-0.61728395,0.5,2.6273201,3.811524,3.9127295,0.15770683,0.047644018,-0.070744145,-0.059393741,2.4654484,2.2904835,0.64184718,0.15,1.751123,0.5,0.035658177,14.022029,2.4846072,32.30635,0.00071074936,-0.14169167,0.0024267979,0.23925139,-1.9998957,0.23428583
3562,4562000.0,5.5181847,1.5718685,3.9463163,-0.25924067,1.0482509,1.2161422,0.81582756,-0.61728395,0.5,2.7308296,3.9172699,3.9616692,0.3135497,-0.029701463,-0.32721078,-0.015224119,2.5673174,2.3922213,0.64561821,0.15,1.6954091,0.5,0.035867678,13.940127,2.478521,32.30635,-0.027673079,-0.26219366,0.0091227926,0.18698615,-4.2973039,1.310788
3563,4563000.0,5.5601044,1.5852964,3.974808,-0.23870245,1.0572057,1.2438809,0.79869506,-0.61728395,0.5,2.5524372,3.8273421,3.8555304,-0.025561026,-0.028896067,-0.40699898,0.16885627,2.3923587,2.2061056,0.65100385,0.15,1.6687752,0.5,0.036166881,13.824803,2.5047763,32.30635,-0.011337562,-0.16821178,0.0083496584,0.17267778,-1.8895519,-6.349705
3564,4564000.0,5.5256142,1.5737629,3.9518512,-0.25051015,1.0495143,1.2323313,0.79635729,-0.61728395,0.5,2.7720122,3.9684849,3.9455231,0.4020285,-0.010469421,0.027369555,-0.087341023,2.6124023,2.4288963,0.6520824,0.15,1.6719823,0.5,0.0362268,13.801937,2.4742061,32.30635,-0.026005098,-0.21162058,-0.016684525,0.2109569,-1.3928179,0.6190497
3565,4565000.0,5.5328972,1.5934781,3.9394191,-0.26168511,1.0626619,1.243432,0.81235875,-0.61728395,0.5,2.7669786,4.0063203,4.0208741,0.27374149,-0.018971777,-0.10080831,0.020391097,2.6041616,2.4207721,0.64832817,0.15,1.676782,0.5,0.036018232,13.881859,2.4782429,32.30635,0.000843837,-0.19260432,-0.0042611632,0.14390487,4.8602408,0.84528679
3566,4566000.0,5.5215662,1.5794758,3.9420904,-0.25444096,1.0533241,1.2176628,0.82583997,-0.61728395,0.5,2.8427382,4.0983266,4.0797043,0.35018369,0.0028479448,-0.009910269,-0.023942318,2.6772192,2.5037065,0.64164044,0.15,1.7250499,0.5,0.035646691,14.026547,2.4808696,32.30635,0.019743936,-0.15301619,0.028739533,0.12884067,5.3102094,-0.82616426
3567,4567000.0,5.5262532,1.5698002,3.956453,-0.23797628,1.0468716,1.2313355,0.79142478,-0.61728395,0.5,2.9086839,4.1105072,4.1029557,0.51258891,0.019499066,0.13514975,0.072764431,2.7500626,2.5658454,0.63294381,0.15,1.6859092,0.5,0.035163545,14.219272,2.4790999,32.30635,0.022793151,-0.1331657,-0.02809667,0.16441803,1.4115702,2.4057725
3568,4568000.0,5.4909795,1.5559544,3.9350251,-0.24431393,1.0376381,1.2035056,0.80801797,-0.61728395,0.5,2.3626117,3.6649325,3.7494503,-0.32654765,-0.052420535,-0.075334771,-0.033502524,2.2006647,2.0275218,0.63624727,0.15,1.6288721,0.5,0.03534707,14.145444,2.4885962,32.30635,0.023580415,-0.18795111,0.0080811111,0.19068733,1.0357366,-5.339765
3569,4569000.0,5.5000092,1.5793129,3.9206963,-0.25136629,1.0532154,1.2337197,0.80327409,-0.61728395,0.5,2.9697662,4.1136216,4.1902008,0.60547618,-0.029224068,-0.11428733,-0.0039511385,2.80877,2.6262638,0.63292799,0.15,1.6400242,0.5,0.035162666,14.219627,2.4715974,32.30635,-0.026838158,-0.1606612,0.03323435,0.14936099,0.86591546,5.9272545
3570,4570000.0,5.5043145,1.5680003,3.9363142,-0.25607589,1.0456713,1.2055977,0.82431077,-0.61728395,0.5,2.7994272,4.0238556,3.9920268,0.38239931,0.0082197527,0.054545973,-0.034322843,2.6342148,2.4637548,0.63750798,0.15,1.6278365,0.5,0.03541711,14.11747,2.4845526,32.30635,0.0094916785,-0.22216327,0.0022940158,0.19782166,-1.2995299,-5.3163748
3571,4571000.0,5.5095029,1.5742061,3.9352968,-0.26086393,1.0498098,1.2150083,0.82112856,-0.61728395,0.5,2.9010333,4.1493672,4.0684039,0.48532882,0.0051747863,0.0167263,-0.16746638,2.7364586,2.5627407,0.64797729,0.15,1.6347707,0.5,0.035998738,13.889376,2.4989831,32.30635,-0.0006563249,-0.1513216,-0.018207233,0.19796858,-0.078545522,6.7239222
3572,4572000.0,5.519567,1.5733346,3.9462324,-0.2555754,1.0492286,1.2326799,0.79519031,-0.61728395,0.5,2.5618099,3.7982287,3.8272647,0.05993619,0.011665176,0.13145214,0.17585067,2.4024338,2.218597,0.64751386,0.15,1.6023354,0.5,0.035972992,13.899316,2.5037676,32.30635,-0.017009188,-0.14841841,-0.016984222,0.21300382,1.335097,2.2288901
3573,4573000.0,5.5068692,1.5557293,3.95114,-0.26988482,1.0374879,1.2125608,0.79507973,-0.61728395,0.5,2.5025075,3.7545241,3.7573476,-0.0043490869,0.023293765,-0.18082681,-0.072325977,2.3431537,2.1648964,0.64554957,0.15,1.6706196,0.5,0.035863865,13.94161,2.4917835,32.30635,0.0036211443,-0.18835486,0.016471149,0.16698793,-0.82310211,5.3190581
3574,4574000.0,5.49883,1.5728505,3.9259795,-0.23467457,1.0489058,1.2327678,0.7942966,-0.61728395,0.5,3.0047557,4.1258373,4.2038392,0.68459057,0.026579015,0.25148081,0.063105812,2.8455588,2.6615183,0.64104511,0.15,1.7260953,0.5,0.035613617,14.039574,2.4696235,32.30635,-0.010159469,-0.17976304,-0.017724889,0.21467151,-6.5207515,-1.6726385
3575,4575000.0,5.4905275,1.5486357,3.9418918,-0.24071874,1.0327574,1.2176815,0.77666038,-0.61728395,0.5,3.0225882,4.2350387,4.1413693,0.69135661,-0.019770925,-0.33150374,-0.028323642,2.866926,2.6835513,0.6409142,0.15,1.7198411,0.5,0.035606345,14.042441,2.4829532,32.30635,-0.023198735,-0.20233653,0.011305652,0.21784852,0.96287217,-0.86280982
3576,4576000.0,5.4848002,1.5339891,3.9508111,-0.23506642,1.0229898,1.1991409,0.77907255,-0.61728395,0.5,2.6416214,3.9628061,3.8532218,0.10883646,-0.054067785,-0.43218187,0.14368817,2.4854758,2.3077468,0.63865,0.15,1.64077,0.5,0.035480556,14.092226,2.4774936,32.30635,0.031323483,-0.22167264,0.0088565273,0.17125883,4.6133875,4.2719795
3577,4577000.0,5.4632338,1.5612796,3.9019543,-0.25765072,1.0411893,1.2063541,0.81254829,-0.61728395,0.5,2.6179482,3.8363884,3.9015097,0.11594644,0.013098746,-0.02772641,0.10377622,2.4550932,2.2820652,0.64390851,0.15,1.6583271,0.5,0.035772695,13.977141,2.4743984,32.30635,-0.077042769,-0.21815203,-0.026432279,0.18843049,0.83939355,2.6237734
3578,4578000.0,5.4374215,1.515155,3.9222664,-0.24485532,1.0104297,1.1683594,0.79181572,-0.61728395,0.5,2.7684881,3.9911976,4.0106596,0.30360718,-0.0093149175,-0.39788805,0.09325995,2.6097885,2.4431839,0.64339186,0.15,1.6378685,0.5,0.035743992,13.988365,2.4843975,32.30635,0.0086132443,-0.19830584,0.027125752,0.20334911,2.7362471,-8.9803389
3579,4579000.0,5.4489372,1.5199957,3.9289415,-0.26199423,1.0136578,1.1619727,0.80840322,-0.61728395,0.5,3.0118438,4.1470431,4.1444782,0.74401015,-0.0019828669,-0.22208299,0.03924291,2.8498196,2.6883178,0.64434455,0.15,1.6524829,0.5,0.035796919,13.967682,2.4821739,32.30635,0.034384379,-0.22102512,0.011810877,0.1746856,-0.95727066,2.3184947
3580,4580000.0,5.4632405,1.5498637,3.9133768,-0.24812193,1.0335763,1.197703,0.80637146,-0.61728395,0.5,2.5478744,3.8291736,3.8318723,-0.017422743,-0.00016350536,0.13736332,-0.013250946,2.3862574,2.2144001,0.64747982,0.15,1.686217,0.5,0.035971101,13.900047,2.4825501,32.30635,-0.013898087,-0.14220416,0.027954699,0.20190619,-3.2473097,-1.1526782
3581,4581000.0,5.450172,1.5406291,3.9095429,-0.25191373,1.0274179,1.1814852,0.81418258,-0.61728395,0.5,2.7577936,4.0142472,4.0101712,0.24896255,0.032125355,-0.062842358,0.067299294,2.5946111,2.4288348,0.64522644,0.15,1.6788094,0.5,0.035845914,13.948591,2.4787777,32.30635,-0.0044103383,-0.18823247,-0.01191075,0.18583719,-5.627155,1.7544504
3582,4582000.0,5.4106121,1.5660441,3.844568,-0.27568459,1.0443667,1.2350605,0.78026349,-0.61728395,0.5,2.7029447,3.8979028,3.9766896,0.23424171,-0.015816625,-0.061138653,-0.12788964,2.5465604,2.359069,0.64239349,0.15,1.7359995,0.5,0.035688527,14.010105,2.4603621,32.30635,-0.0033418031,-0.16747894,-0.036937663,0.19714974,-2.0072851,-0.28102102
3583,4583000.0,5.4769118,1.5507569,3.9261549,-0.25476598,1.034172,1.1859137,0.82417255,-0.61728395,0.5,2.7043589,3.9005993,3.9756025,0.236875,0.024947907,-0.22420117,0.033494914,2.5391742,2.3741671,0.64184684,0.15,1.6622098,0.5,0.035658158,14.022037,2.4612621,32.30635,-0.012752297,-0.18155013,-0.024346157,0.14487633,3.9293891,0.70791479
3584,4584000.0,5.4481447,1.5642806,3.8838641,-0.26286857,1.0431907,1.2080446,0.81498305,-0.61728395,0.5,2.7581892,3.9653075,4.0327728,0.27648739,-0.037275048,-0.16341732,0.046207823,2.5948462,2.4218355,0.63617506,0.15,1.6634272,0.5,0.035343059,14.147049,2.4704455,32.30635,-0.027689882,-0.16754654,-0.0084694817,0.12581878,2.7100633,1.5382486
3585,4585000.0,5.4484423,1.5254864,3.9229559,-0.24087678,1.0173195,1.1694717,0.80673704,-0.61728395,0.5,2.6357849,3.8213814,3.9072657,0.17870754,0.046592315,0.12754296,-0.017317179,2.4740946,2.310171,0.64058349,0.15,1.6904866,0.5,0.035587972,14.049691,2.4868064,32.30635,-0.011617375,-0.18331273,-0.0082639814,0.21945959,-1.3628965,-5.1256076
3586,4586000.0,5.4593885,1.5438667,3.9155218,-0.26659656,1.029577,1.1754968,0.82766184,-0.61728395,0.5,2.7929435,4.0687874,3.9389723,0.37107092,0.0049559868,-0.23179579,0.070388071,2.6270594,2.465652,0.64532168,0.15,1.6900797,0.5,0.035851204,13.946533,2.4815604,32.30635,0.010074267,-0.13208993,-0.020033132,0.1678515,-1.4648782,1.6680435
3587,4587000.0,5.4709237,1.5231412,3.9477825,-0.23680847,1.0157556,1.1526573,0.8263575,-0.61728395,0.5,2.9039924,4.035465,4.1274932,0.5490189,0.033956837,-0.16624535,0.14835933,2.7383697,2.58306,0.64499946,0.15,1.7005076,0.5,0.035833304,13.9535,2.4689156,32.30635,-0.0070796756,-0.15172936,-0.0060635756,0.15423106,-1.9967117,3.3117107
3588,4588000.0,5.468361,1.5225162,3.9458448,-0.25205764,1.0153388,1.1672686,0.80506358,-0.61728395,0.5,2.5663478,3.8649285,3.8175809,0.016534088,0.03592943,-0.41589721,-0.0017334321,2.404993,2.2413473,0.65159304,0.15,1.6903419,0.5,0.036199613,13.812302,2.50764,32.30635,0.02087897,-0.15912161,-0.0047920667,0.15020911,5.4375078,2.4467896
3589,4589000.0,5.4342112,1.5279678,3.9062433,-0.26054157,1.0189743,1.170691,0.8089981,-0.61728395,0.5,2.8778205,4.0204979,4.0863589,0.52660453,0.0057497469,-0.24746586,0.044028969,2.715677,2.551867,0.65185111,0.15,1.7170539,0.5,0.03621395,13.806834,2.4653777,32.30635,0.012314734,-0.17610161,-0.012275419,0.17874837,3.0755531,1.7491308
3590,4590000.0,5.4280112,1.526013,3.9019982,-0.24574061,1.0176707,1.191124,0.77749707,-0.61728395,0.5,2.6615437,3.9634802,3.8786073,0.14254349,0.031061727,-0.360675,-0.058722802,2.5057138,2.3299011,0.65784023,0.15,1.7473244,0.5,0.03654668,13.681133,2.4867504,32.30635,0.018647151,-0.1754827,-0.034005713,0.21893374,4.1806477,-4.7846673
3591,4591000.0,5.4083912,1.4888984,3.9194928,-0.24854659,0.99291964,1.1761943,0.73908313,-0.61728395,0.5,2.7275124,3.9277496,3.9590453,0.29574221,-0.060719279,-0.39633051,0.089135919,2.5793816,2.4000267,0.65829431,0.15,1.7233648,0.5,0.036571906,13.671696,2.4957069,32.30635,0.021555122,-0.18732128,-0.0026869114,0.19446942,3.3779623,3.0108503
3592,4592000.0,5.4263367,1.5497327,3.876604,-0.24448715,1.033489,1.2062032,0.79435435,-0.61728395,0.5,2.7204728,4.0450869,3.9230406,0.19329097,0.032186165,-0.42938093,-0.066294071,2.5612644,2.3846318,0.65951955,0.15,1.7313809,0.5,0.036639975,13.646298,2.5131864,32.30635,-0.042340679,-0.23086418,0.017255764,0.2267659,2.8246968,1.7126979
3593,4593000.0,5.4383917,1.5180269,3.9203648,-0.2672487,1.0123449,1.1789923,0.7816219,-0.61728395,0.5,2.7345057,3.9412851,3.982507,0.2797251,0.092547166,-0.40226211,0.099056108,2.5778492,2.406241,0.65115521,0.15,1.7057487,0.5,0.03617529,13.821589,2.4820859,32.30635,0.0078556053,-0.21337059,0.0010873903,0.21252152,3.1412631,-1.1353229
3594,4594000.0,5.4554857,1.5281083,3.9273774,-0.25094701,1.019068,1.1827146,0.79251885,-0.61728395,0.5,3.1532908,4.2538557,4.2637919,0.9422248,-0.025164934,-0.10246005,0.052510974,2.9944502,2.8239897,0.64553144,0.15,1.7637609,0.5,0.035862858,13.942001,2.4857849,32.30635,-0.030350881,-0.23444953,-0.028119094,0.1857569,0.27397594,1.1990304
3595,4595000.0,5.449059,1.5115541,3.9375049,-0.24668277,1.0080283,1.166858,0.78816236,-0.61728395,0.5,2.8706461,4.0604511,4.0540995,0.49738759,-0.044548419,0.045055488,-0.079170369,2.7126786,2.5457599,0.63750483,0.15,1.7764174,0.5,0.035416935,14.11754,2.4973109,32.30635,-0.015564418,-0.18975928,0.01036346,0.17186295,0.98932403,0.30785141
3596,4596000.0,5.4697861,1.5674628,3.9023233,-0.24890383,1.0453128,1.2151233,0.81022115,-0.61728395,0.5,2.2928501,3.6217222,3.6540283,-0.39720009,0.0154798,0.1291908,0.17008615,2.1304615,1.9545255,0.63704666,0.15,1.7584637,0.5,0.035391481,14.127694,2.4897598,32.30635,0.018075054,-0.20743413,-0.0054182944,0.20420584,1.68616,-4.6715717
3597,4597000.0,5.4383957,1.5441325,3.8942632,-0.24188234,1.0297543,1.2136001,0.77515289,-0.61728395,0.5,2.7089779,3.9611117,3.9367563,0.22906571,-0.0022737461,-0.17072702,0.068872579,2.5536179,2.3710774,0.63642647,0.15,1.7352337,0.5,0.035357026,14.141461,2.4849983,32.30635,-0.0067129792,-0.1894521,0.018456094,0.19791402,5.8431773,1.3736639
3598,4598000.0,5.4642563,1.5503645,3.9138918,-0.25341835,1.0339103,1.1863117,0.82299417,-0.61728395,0.5,2.7674307,3.9966706,3.9714487,0.33417272,0.0074556241,0.06286962,-0.054853714,2.6024821,2.437128,0.64016788,0.15,1.7047453,0.5,0.035564882,14.058812,2.4848763,32.30635,0.0057142112,-0.14607685,0.0021516084,0.22960704,-0.93715601,2.5653355
3599,4599000.0,5.4690326,1.5117635,3.9572691,-0.2583107,1.008168,1.1824524,0.76683237,-0.61728395,0.5,2.7819635,3.9955308,4.0138457,0.33651396,0.035863044,-0.32575875,-0.071538264,2.6282711,2.4527353,0.64441468,0.15,1.7495422,0.5,0.035800816,13.966162,2.4898378,32.30635,-0.010742761,-0.14424071,-0.015134447,0.20463876,-0.91076246,0.20154719
3600,4600000.0,5.4665534,1.5442744,3.9222789,-0.2612104,1.0298489,1.2059796,0.78596527,-0.61728395,0.5,2.7668269,4.0092367,4.0073533,0.28389075,0.029841702,0.040678948,-0.042884696,2.6092998,2.4310481,0.65047086,0.15,1.7678152,0.5,0.03613727,13.836131,2.4804756,32.30635,0.018834638,-0.13560561,-0.01869583,0.15997233,-3.4820646,3.9005054
3601,4601000.0,5.4515171,1.5383333,3.9131838,-0.26567946,1.0258869,1.1889745,0.80011945,-0.61728395,0.5,2.7143085,3.8955924,3.9728284,0.27450463,0.0003804768,-0.27717203,-0.042731222,2.5539445,2.3832644,0.65879883,0.15,1.7677478,0.5,0.036599935,13.661226,2.4879655,32.30635,-0.028411278,-0.18790478,0.012782705,0.19084353,3.7208628,0.062851232
3602,4602000.0,5.5020473,1.5426042,3.9594431,-0.24380991,1.0287351,1.1957402,0.79752776,-0.61728395,0.5,2.9587596,4.1668599,4.1425243,0.56689446,0.037492678,-0.16778508,-0.090981568,2.7989151,2.6258317,0.66257183,0.15,1.7587915,0.5,0.036809546,13.583433,2.4790121,32.30635,0.0081363478,-0.21917766,-0.0091337175,0.15303398,-0.9247839,2.7946358
3603,4603000.0,5.4455864,1.5282017,3.9173847,-0.25755029,1.0191303,1.204432,0.76249816,-0.61728395,0.5,2.6945202,3.8573988,3.9620124,0.26414929,-0.0073050422,-0.13186422,-0.0021844223,2.5416965,2.3591723,0.65665137,0.15,1.7405551,0.5,0.036480632,13.705903,2.4816882,32.30635,0.014289062,-0.25724769,-0.017601238,0.17917969,2.1415279,-3.3691879
3604,4604000.0,5.4332114,1.5198332,3.9133782,-0.25875646,1.0135495,1.1798609,0.78329411,-0.61728395,0.5,2.4770074,3.765177,3.7882052,-0.12236009,0.043973086,-0.083404917,0.10198911,2.3200157,2.1485008,0.65220442,0.15,1.7218964,0.5,0.036233579,13.799354,2.4750536,32.30635,-0.014589462,-0.21323164,-0.022462259,0.2271199,-0.8171218,0.76839767
3605,4605000.0,5.4652357,1.5489664,3.9162693,-0.24023069,1.0329779,1.1991614,0.80291525,-0.61728395,0.5,2.696252,3.9167972,3.942219,0.22973989,0.033736771,0.022433154,-0.017661809,2.5353277,2.3623716,0.64224749,0.15,1.7252869,0.5,0.035680416,14.013289,2.4846648,32.30635,0.016089656,-0.21651732,-0.0036150171,0.18851346,-2.5362256,-0.037030234
3606,4606000.0,5.4459966,1.5111511,3.9348455,-0.25175926,1.0077596,1.1765677,0.77403128,-0.61728395,0.5,2.6525979,3.9084724,3.9251413,0.12417996,0.0036482068,-0.1936681,0.048257195,2.4974627,2.3250082,0.64029839,0.15,1.7131413,0.5,0.035572133,14.055947,2.4942592,32.30635,0.033935635,-0.20317925,-0.0022579151,0.21057295,1.1165445,-7.8995357
3607,4607000.0,5.5118976,1.5584745,3.953423,-0.260087,1.0393187,1.207172,0.80694132,-0.61728395,0.5,2.7306972,3.9274096,3.9387804,0.3259015,-0.056616609,-0.35416706,-0.028099184,2.568966,2.3945864,0.63776415,0.15,1.6657714,0.5,0.035431341,14.1118,2.5103345,32.30635,-0.0012278117,-0.21072564,0.025011061,0.16912248,-0.40536532,2.3288092
3608,4608000.0,5.4740512,1.5566158,3.9174355,-0.25506728,1.0380791,1.209014,0.80141983,-0.61728395,0.5,2.905141,3.9809221,4.1370961,0.59740482,0.0018812985,-0.62730978,-0.072626966,2.7445164,2.5685174,0.63745461,0.15,1.6978822,0.5,0.035414145,14.118652,2.4798182,32.30635,-0.0032497439,-0.17524137,0.018040826,0.21233784,1.5574844,1.2546787
3609,4609000.0,5.4566029,1.5402141,3.9163888,-0.24136496,1.0271411,1.1987912,0.78947987,-0.61728395,0.5,2.8367756,4.0758282,4.0088705,0.42562814,-0.01198755,-0.21120756,0.049675549,2.6785441,2.5029983,0.64229624,0.15,1.7499191,0.5,0.035683125,14.012226,2.4875351,32.30635,0.033318867,-0.23030124,-0.00013740471,0.17376728,0.16070101,2.7179675
3610,4610000.0,5.4484042,1.5275416,3.9208626,-0.27039915,1.0186901,1.1942705,0.77556226,-0.61728395,0.5,2.6626686,3.8572224,3.8950458,0.23573773,0.034112816,0.053883409,-0.008135605,2.5072266,2.33015,0.64612493,0.15,1.7222281,0.5,0.035895829,13.929195,2.4818445,32.30635,0.015604684,-0.19169568,0.0010354507,0.12126053,-1.5985384,-3.6190606
3611,4611000.0,5.4858879,1.5482485,3.9376394,-0.23561275,1.0324991,1.1901528,0.81428563,-0.61728395,0.5,2.7751707,3.9635272,3.9842826,0.37770218,0.00056313719,-0.10522972,0.041952523,2.6119675,2.4437985,0.65070994,0.15,1.7447856,0.5,0.036150552,13.831047,2.482781,32.30635,0.026552813,-0.26027098,0.031918801,0.23322127,0.97233217,3.8181971
3612,4612000.0,5.4217213,1.503859,3.9178624,-0.24344695,1.0028966,1.1793886,0.7584902,-0.61728395,0.5,2.903944,4.1204468,4.0721413,0.51924386,0.010128912,-0.25611735,-0.035264699,2.7519236,2.5755689,0.6472437,0.15,1.7517286,0.5,0.035957983,13.905118,2.4652943,32.30635,-0.0083294606,-0.1436041,-0.0048748258,0.17389473,3.2680066,3.9098872
3613,4613000.0,5.4232824,1.5332308,3.8900516,-0.25988787,1.0224841,1.2184143,0.75108959,-0.61728395,0.5,2.7616011,3.9380571,3.987864,0.35888238,-0.043328626,-0.093383757,0.04568913,2.611064,2.4223602,0.64922845,0.15,1.8063337,0.5,0.036068247,13.862609,2.4969114,32.30635,-0.00105874,-0.15985224,-0.013849976,0.22162395,1.895176,-1.0828347
3614,4614000.0,5.4920207,1.546736,3.9452848,-0.24957302,1.0314905,1.1839462,0.82049711,-0.61728395,0.5,2.7580497,3.9328621,4.032697,0.30859011,0.018746909,-0.16853951,-0.081274502,2.5936016,2.4284057,0.64245997,0.15,1.7415737,0.5,0.035692221,14.008655,2.4785201,32.30635,-0.012375027,-0.13435177,-0.0058633321,0.17955253,2.9179147,2.7691683
3615,4615000.0,5.4703161,1.5691093,3.9012067,-0.25306495,1.0464109,1.2280884,0.79483445,-0.61728395,0.5,2.64199,3.9209901,3.8999187,0.10506137,0.0059755226,-0.016736495,0.11829094,2.4826854,2.3000556,0.64588633,0.15,1.709529,0.5,0.035882574,13.93434,2.4910593,32.30635,0.0050444455,-0.18914393,-0.013586133,0.19670452,2.4773719,-1.9318333
3616,4616000.0,5.4954415,1.5603568,3.9350847,-0.2428444,1.040574,1.1964034,0.82490088,-0.61728395,0.5,2.8226002,4.0637375,4.0182741,0.38578887,0.022433375,-0.084765258,0.037244979,2.6572694,2.4894877,0.64304458,0.15,1.7061903,0.5,0.035724699,13.995919,2.4841162,32.30635,-0.020952017,-0.19622395,-0.011373726,0.17950104,3.0884951,-4.381175
3617,4617000.0,5.4238539,1.55402,3.8698339,-0.26379145,1.036348,1.234521,0.76184863,-0.61728395,0.5,2.8472208,4.0518686,4.0968703,0.39292354,0.032812693,0.018355424,0.0096118351,2.6945273,2.5034953,0.64523253,0.15,1.7338291,0.5,0.035846252,13.94846,2.5071315,32.30635,0.010050733,-0.11634026,-0.016268915,0.18292825,-3.8060716,2.7868763
3618,4618000.0,5.4691285,1.5494906,3.9196379,-0.24634429,1.0333275,1.2170582,0.77888862,-0.61728395,0.5,2.7515526,3.9876845,3.9509096,0.3160637,-0.080827074,-0.24736299,-0.077083958,2.5954438,2.4126892,0.64583054,0.15,1.7129511,0.5,0.035879474,13.935544,2.4956587,32.30635,0.0041375671,-0.19165615,0.030370077,0.1994901,-0.16094027,-0.33296507
3619,4619000.0,5.427307,1.5421908,3.8851162,-0.26203075,1.0284594,1.1992331,0.79201649,-0.61728395,0.5,2.5980471,3.8882103,3.8687139,0.037217087,0.0085328338,-0.37106598,0.02200906,2.4393072,2.2641467,0.64596652,0.15,1.7438674,0.5,0.035887029,13.932611,2.4691393,32.30635,0.0029026999,-0.20275184,0.021657636,0.22968488,6.5735414,-2.0361466
3620,4620000.0,5.498201,1.5918869,3.9063141,-0.27215928,1.0616008,1.2297032,0.82889459,-0.61728395,0.5,2.445279,3.7166159,3.7353931,-0.11617205,-0.015925996,0.095393513,0.061697135,2.2791478,2.1028949,0.65235546,0.15,1.7873484,0.5,0.03624197,13.79616,2.502962,32.30635,-0.012098901,-0.13784077,0.0053404057,0.22313011,-0.94801127,-0.60003534
3621,4621000.0,5.5040874,1.5741163,3.9299711,-0.26027077,1.0497499,1.2380112,0.78903,-0.61728395,0.5,2.5033146,3.7769278,3.7882517,-0.055235858,0.021212049,0.02573176,-0.10018625,2.3451732,2.1586173,0.65383609,0.15,1.7714386,0.5,0.036324227,13.764918,2.4872551,32.30635,0.0069059751,-0.22960812,-0.0034307898,0.17421516,-0.5495266,-2.4524943
3622,4622000.0,5.5139308,1.5603006,3.9536302,-0.2562748,1.0405365,1.224339,0.78600341,-0.61728395,0.5,2.9328385,4.0651753,4.1445509,0.58878918,0.0093827955,0.041398116,-0.017050973,2.7753037,2.5919479,0.65888487,0.15,1.7614019,0.5,0.036604715,13.659443,2.4985555,32.30635,0.019410638,-0.18256369,0.0096811127,0.19477054,-5.0099218,3.1135885
3623,4623000.0,5.4996702,1.5786079,3.9210623,-0.25116539,1.0527453,1.227655,0.81057558,-0.61728395,0.5,2.8273613,4.0478592,4.0267699,0.40745492,-0.020564883,0.14481001,-0.16243382,2.6649017,2.4855475,0.65263168,0.15,1.7703975,0.5,0.036257316,13.79032,2.4907393,32.30635,-0.0053054654,-0.13932937,0.029352598,0.163718,-0.31262208,0.43704814
3624,4624000.0,5.462052,1.5687288,3.8933232,-0.25310072,1.0461571,1.2162805,0.81063137,-0.61728395,0.5,2.9244205,4.0991615,4.112418,0.56168196,0.10719184,-0.074585195,0.039973723,2.7619497,2.5857736,0.64344323,0.15,1.7996944,0.5,0.035746846,13.987248,2.4770124,32.30635,0.00054535943,-0.17326028,-0.028206937,0.16139999,-1.3522793,5.1939839
3625,4625000.0,5.4966915,1.5348558,3.9618358,-0.24126483,1.0235678,1.1858766,0.79888056,-0.61728395,0.5,2.8003308,3.99569,4.047474,0.35782848,0.01145572,-0.20623862,0.13345868,2.6402152,2.4701493,0.6341511,0.15,1.7802874,0.5,0.035230616,14.192201,2.480521,32.30635,0.022951558,-0.21204466,0.012693769,0.2190556,2.1461919,1.3186495
3626,4626000.0,5.5147108,1.5543897,3.9603211,-0.24669645,1.0365946,1.2033034,0.80580506,-0.61728395,0.5,2.4854217,3.7209478,3.7744047,-0.039087352,0.020243116,0.017845249,0.069858431,2.3239182,2.1503881,0.62716244,0.15,1.6998735,0.5,0.034842358,14.350349,2.4947505,32.30635,0.045511736,-0.21403628,0.0006328337,0.15754621,-0.14429966,-4.8188658
3627,4627000.0,5.4876035,1.5914383,3.8961651,-0.25681646,1.0613017,1.2433198,0.80926364,-0.61728395,0.5,2.9076864,4.0645692,4.1269933,0.53149677,-0.01801937,-0.12314445,0.13005733,2.7454898,2.5615111,0.63224248,0.15,1.6793879,0.5,0.035124582,14.235045,2.4745379,32.30635,0.00059677565,-0.16183813,0.0079548124,0.16139307,4.0701914,3.5380196
3628,4628000.0,5.4915225,1.5438228,3.9476997,-0.23945513,1.0295478,1.2237154,0.76060719,-0.61728395,0.5,2.7088925,3.9603873,3.8833019,0.2829884,0.052234183,-0.19338876,0.059291505,2.5564478,2.3681756,0.63574525,0.15,1.6566384,0.5,0.03531918,14.156614,2.4971865,32.30635,-0.0062414627,-0.19842588,0.0085251409,0.19682275,1.8484749,2.8506472
3629,4629000.0,5.5042345,1.588544,3.9156905,-0.25402755,1.0593715,1.2281442,0.82573235,-0.61728395,0.5,2.9819006,4.1724819,4.0912228,0.68199709,-0.043753702,-0.19168647,0.037224579,2.8164032,2.6399506,0.64288997,0.15,1.6815814,0.5,0.03571611,13.999285,2.4855969,32.30635,0.040408835,-0.19059285,0.0018077538,0.24227195,0.20391247,3.8391836
3630,4630000.0,5.4753982,1.5503111,3.9250871,-0.2567168,1.0338747,1.226579,0.76697033,-0.61728395,0.5,2.848631,3.997132,4.0553329,0.4934281,-0.079695105,-0.17481882,-0.071175743,2.694911,2.5071168,0.64836518,0.15,1.7342951,0.5,0.036020288,13.881066,2.4920097,32.30635,0.0057855355,-0.2029844,0.0019693411,0.20446483,-1.4532016,3.2770522
3631,4631000.0,5.5333147,1.5712195,3.9620952,-0.23790551,1.0478181,1.2195575,0.8100487,-0.61728395,0.5,2.7311766,3.945653,3.9944064,0.25347053,0.012518312,0.11072095,-0.13412911,2.5688226,2.3916174,0.6553865,0.15,1.7226571,0.5,0.036410361,13.732355,2.5050266,32.30635,-0.022018123,-0.21159972,-0.003024729,0.20092616,1.7954395,-2.9211309
3632,4632000.0,5.4859277,1.5675094,3.9184182,-0.26461001,1.0453439,1.2513254,0.76000387,-0.61728395,0.5,2.8225977,3.9945503,4.0183508,0.45489194,-0.014109123,-0.14241448,0.0061984061,2.6702739,2.4741934,0.65572844,0.15,1.705279,0.5,0.036429358,13.725194,2.4868238,32.30635,0.00060221892,-0.23013124,0.0045393569,0.14433422,-0.028984765,0.7018487
3633,4633000.0,5.5093261,1.5729019,3.9364242,-0.23585917,1.0489401,1.238634,0.78622936,-0.61728395,0.5,2.8774709,4.0698349,4.1073543,0.45522347,-0.074940237,-0.16305462,0.028310443,2.7198909,2.5326002,0.65461868,0.15,1.6654531,0.5,0.036367704,13.748462,2.4678124,32.30635,-0.024334341,-0.18831206,-0.0011751442,0.13481553,5.4548195,3.0737215
3634,4634000.0,5.4951679,1.5805757,3.9145922,-0.26642909,1.0540576,1.2411934,0.79490445,-0.61728395,0.5,2.6337284,3.9331671,3.8759832,0.092035072,-0.045336254,0.1502561,-0.14326367,2.4744097,2.2881452,0.6529822,0.15,1.6227971,0.5,0.036276789,13.782918,2.4879508,32.30635,-0.00024148109,-0.18666667,0.01298575,0.17482857,-2.3247005,-1.0021414
3635,4635000.0,5.4877189,1.5531646,3.9345544,-0.25574491,1.0357776,1.2117132,0.7921696,-0.61728395,0.5,2.7824755,3.9627679,3.9847096,0.39994916,0.0046271171,0.035592086,-0.0096433584,2.623705,2.4451004,0.64237813,0.15,1.6291292,0.5,0.035687674,14.01044,2.4641181,32.30635,0.024445185,-0.15490944,-0.0089734886,0.17278065,-1.4239908,12.23771
3636,4636000.0,5.4826521,1.5270458,3.9556063,-0.23538246,1.0183595,1.1831861,0.79017051,-0.61728395,0.5,2.5425125,3.848524,3.8424882,-0.063474648,-0.0047868793,-0.30767738,-0.029659425,2.3841426,2.2130801,0.63963178,0.15,1.6175664,0.5,0.035535099,14.070596,2.4744496,32.30635,-0.044309418,-0.25977381,0.021991908,0.21377296,4.9822346,-1.7742911
3637,4637000.0,5.4386716,1.535488,3.9031837,-0.25698854,1.0239894,1.2059594,0.77198938,-0.61728395,0.5,2.8306783,3.990912,4.0875705,0.41355248,0.0011267346,-0.38275858,-0.013198617,2.6759524,2.4949052,0.63602993,0.15,1.6260566,0.5,0.035334996,14.150277,2.4701735,32.30635,-0.027820342,-0.16709082,0.0025298145,0.23215156,5.6450818,2.4051776
3638,4638000.0,5.4831256,1.5592764,3.9238492,-0.24857127,1.0398535,1.220826,0.78925148,-0.61728395,0.5,2.4710825,3.7265458,3.7544961,-0.06779445,-0.01531686,0.18377322,-0.038126123,2.3128968,2.1311701,0.63538419,0.15,1.6778715,0.5,0.035299122,14.164658,2.4718605,32.30635,-0.019401647,-0.18491278,0.0309927,0.19971561,-2.0482533,-2.5286243
3639,4639000.0,5.480582,1.554124,3.926458,-0.25856099,1.0364174,1.2129135,0.79203133,-0.61728395,0.5,2.7584888,3.9667913,4.0125428,0.29613238,0.022880933,-0.030297806,-0.02217566,2.599746,2.4207795,0.63738046,0.15,1.6728765,0.5,0.035410025,14.120295,2.4687011,32.30635,0.00016023319,-0.15852693,-0.015500473,0.19973844,-0.9551582,5.0982419
3640,4640000.0,5.4883937,1.5389866,3.9494071,-0.23500898,1.0263226,1.2067366,0.77648579,-0.61728395,0.5,2.6769449,3.9821925,3.8905485,0.15809365,0.0031460533,-0.057371808,-0.03107896,2.5213177,2.3409553,0.64708149,0.15,1.6540937,0.5,0.035948972,13.908604,2.4794701,32.30635,0.015933682,-0.11303372,-0.0034340249,0.16302223,-0.34237984,3.1859655
3641,4641000.0,5.4932775,1.510087,3.9831905,-0.24448045,1.0070499,1.1835847,0.76258733,-0.61728395,0.5,2.8128307,3.9705966,4.0228816,0.44501391,0.032981592,-0.20209691,0.099853368,2.6599891,2.4832873,0.65237478,0.15,1.6404621,0.5,0.036243043,13.795751,2.4908157,32.30635,-0.022989685,-0.1769201,-0.022476794,0.13563152,3.9174054,-3.8895007
3642,4642000.0,5.4772719,1.5869166,3.8903553,-0.26454007,1.0582862,1.2358963,0.81236932,-0.61728395,0.5,2.7152974,3.9008824,3.9606484,0.28436125,-0.021896923,0.038062638,0.086604259,2.5524782,2.3711889,0.65114117,0.15,1.6489341,0.5,0.036174509,13.821888,2.4691586,32.30635,0.018250178,-0.19149008,-0.016686451,0.15845366,-0.48893966,-0.94953286
3643,4643000.0,5.4984397,1.5964338,3.9020059,-0.25863259,1.0646331,1.228594,0.83768236,-0.61728395,0.5,2.780942,3.9496794,3.9866127,0.40653398,0.020082745,-0.080234075,-0.015791292,2.6130495,2.4388668,0.64621908,0.15,1.6897343,0.5,0.03590106,13.927165,2.4684884,32.30635,0.0028091444,-0.23642433,-0.01445074,0.17856432,2.9489493,1.9511407
3644,4644000.0,5.4551771,1.5451564,3.9100207,-0.25247779,1.0304371,1.192708,0.80580788,-0.61728395,0.5,2.6706374,3.9061301,3.9169917,0.18879053,-0.035070292,0.25426658,-0.071885101,2.5091334,2.3385539,0.64505914,0.15,1.6860188,0.5,0.035836619,13.952209,2.4977539,32.30635,0.0048945769,-0.1658336,0.015601984,0.15081979,-1.1264027,3.7202797
3645,4645000.0,5.4815036,1.5625788,3.9189248,-0.24145433,1.0420558,1.2127857,0.80568433,-0.61728395,0.5,2.5611341,3.8155412,3.8178748,0.049986359,0.0038970287,0.22841228,0.016507925,2.3996549,2.2234604,0.63995488,0.15,1.6964921,0.5,0.035553049,14.063492,2.4970169,32.30635,0.013532839,-0.2091107,0.014713179,0.22504101,-2.4150498,-5.5670794
3646,4646000.0,5.4897116,1.5675685,3.9221431,-0.26667652,1.0453833,1.1911561,0.84368461,-0.61728395,0.5,2.4629943,3.7475682,3.7718798,-0.13046513,-0.0061831932,-0.055344763,-0.05210261,2.2938988,2.1313428,0.63905743,0.15,1.7100077,0.5,0.03550319,14.083241,2.4810737,32.30635,0.0028957734,-0.16732002,0.021056799,0.17111933,-4.3467104,-4.6719687
3647,4647000.0,5.5137317,1.5622341,3.9514975,-0.24537062,1.0418259,1.197319,0.82662119,-0.61728395,0.5,2.7690689,3.9811657,3.9866734,0.33936769,-0.00052299769,-0.18528577,-0.10435004,2.6033934,2.4357015,0.64085565,0.15,1.714416,0.5,0.035603091,14.043724,2.5027569,32.30635,-0.024193048,-0.22075407,-0.006124146,0.17830103,-0.43203731,-0.50842265
3648,4648000.0,5.4927296,1.5728882,3.9198413,-0.23209194,1.048931,1.2060406,0.83148599,-0.61728395,0.5,2.9356739,4.1649931,4.1188418,0.52318686,-0.01545413,-0.24846882,-0.049371031,2.7690233,2.5998782,0.64669469,0.15,1.6841012,0.5,0.035927483,13.916923,2.4945444,32.30635,0.026417597,-0.1840993,0.0086606434,0.19003621,0.43190503,-0.17720845
3649,4649000.0,5.4951232,1.5430224,3.9521007,-0.2554312,1.029014,1.1788268,0.82169022,-0.61728395,0.5,2.5806158,3.7944125,3.875347,0.072087955,0.03348222,0.14290291,0.052337903,2.4159286,2.2523972,0.64719525,0.15,1.7041932,0.5,0.035955292,13.906159,2.4871288,32.30635,-0.0052634273,-0.18350846,-0.015245381,0.13669967,-1.8802713,2.0134639
3650,4650000.0,5.3811143,1.5048288,3.8762855,-0.2622003,1.0035434,1.1965705,0.73616707,-0.61728395,0.5,2.9202351,4.0735964,4.1285264,0.55858262,0.025462523,0.16581428,-0.012359481,2.7726889,2.5870761,0.65110959,0.15,1.7017473,0.5,0.036172755,13.822558,2.4918596,32.30635,-0.01465885,-0.23632302,-0.014263072,0.17029057,0.66423156,-0.93059484
3651,4651000.0,5.4471,1.5518031,3.8952969,-0.24308192,1.0348697,1.2002617,0.80590801,-0.61728395,0.5,3.0283408,4.1909148,4.140431,0.75367653,-0.0015679867,0.19175236,-0.0131921,2.8668167,2.6941541,0.64946494,0.15,1.6583083,0.5,0.036081385,13.857561,2.4779945,32.30635,-0.026361906,-0.24111206,0.007056634,0.15628815,-4.231522,4.2882765
3652,4652000.0,5.442264,1.510344,3.93192,-0.24641343,1.0072213,1.1814087,0.76601987,-0.61728395,0.5,2.6198901,3.8223,3.9625367,0.074833412,0.028804461,-0.12800719,0.102318,2.4663605,2.2909525,0.64525091,0.15,1.6923119,0.5,0.035847273,13.948062,2.4699158,32.30635,-0.0056355119,-0.16913986,-0.022424006,0.19792346,2.3227932,-4.0265073
3653,4653000.0,5.4764458,1.5334197,3.9430261,-0.2550008,1.0226101,1.1843266,0.7987449,-0.61728395,0.5,2.6449522,3.8908579,3.9277516,0.11624698,-0.00067655513,0.054635171,-0.062722372,2.4848637,2.3152022,0.64346384,0.15,1.7021727,0.5,0.035747991,13.9868,2.4936115,32.30635,0.011564821,-0.15801409,-0.0085616967,0.17299255,-2.7414712,-6.3818853
3654,4654000.0,5.4517987,1.5474614,3.9043373,-0.26962898,1.0319743,1.2206496,0.77066537,-0.61728395,0.5,2.7697464,3.9765871,3.9860785,0.34657359,-0.038460789,-0.058417843,0.051876367,2.6152858,2.4298831,0.64790175,0.15,1.6960973,0.5,0.035994542,13.890995,2.4960207,32.30635,0.015699974,-0.13974145,0.0054321792,0.19447781,0.43173577,2.2718403
3655,4655000.0,5.4447325,1.5297191,3.9150133,-0.2504283,1.0201423,1.1941423,0.77921108,-0.61728395,0.5,2.8806478,4.0796471,4.0650002,0.49729594,0.054454166,-0.19644864,-0.073543126,2.7244744,2.5481648,0.64685484,0.15,1.6560273,0.5,0.03593638,13.913477,2.4646878,32.30635,-0.03417947,-0.14195485,0.0031203095,0.14835354,0.14695569,3.74196
3656,4656000.0,5.4874939,1.5641777,3.9233162,-0.27285106,1.0431221,1.199287,0.82698496,-0.61728395,0.5,2.486892,3.6885869,3.8108512,-0.038762003,-0.013892129,0.064996849,-0.047353519,2.3211436,2.1529767,0.65332751,0.15,1.615483,0.5,0.036295973,13.775633,2.4739791,32.30635,0.035227699,-0.16188549,-0.029036979,0.29043416,-7.3525479,-8.0655896
3657,4657000.0,5.4388973,1.5388928,3.9000045,-0.24574477,1.02626,1.1992129,0.78678817,-0.61728395,0.5,2.9796186,4.2398482,4.1341852,0.56482256,-0.091736548,0.22404401,-0.11790534,2.8219266,2.6457239,0.65781443,0.15,1.6262625,0.5,0.036545246,13.68167,2.4667049,32.30635,-0.025571605,-0.14142169,0.020324537,0.19481313,-4.2048468,4.0400053
3658,4658000.0,5.490363,1.5465195,3.9438435,-0.26707782,1.0313461,1.1936049,0.80673438,-0.61728395,0.5,2.7172914,3.8865713,3.9696339,0.29566916,0.018912477,0.23815281,0.040220296,2.5556017,2.3849581,0.65879954,0.15,1.6321825,0.5,0.036599975,13.661212,2.4791257,32.30635,-0.0082690487,-0.20674265,-0.012113425,0.17435525,-2.9979494,-0.21137203
3659,4659000.0,5.4468692,1.5630839,3.8837853,-0.2562581,1.0423926,1.2329748,0.77844288,-0.61728395,0.5,2.7540346,3.9445624,4.0002574,0.31728382,-0.0070759425,0.024684739,-0.075955051,2.5980152,2.4107396,0.65757564,0.15,1.6337345,0.5,0.03653198,13.686638,2.470041,32.30635,-0.0069927068,-0.17223062,-0.057437738,0.17925932,-1.5589435,-2.0713208
3660,4660000.0,5.499131,1.5780698,3.9210612,-0.25235086,1.0523865,1.2181184,0.82296613,-0.61728395,0.5,3.2067207,4.2963594,4.263921,1.0598817,-0.023584677,-0.097796094,0.010015644,3.0417777,2.8675621,0.65456555,0.15,1.63513,0.5,0.036364753,13.749578,2.4871604,32.30635,-0.038389607,-0.19805225,0.013115651,0.21981693,4.941481,2.7557349
3661,4661000.0,5.4898335,1.5553024,3.9345311,-0.25754346,1.0372033,1.2110625,0.7964809,-0.61728395,0.5,2.6465862,3.8947525,3.8446364,0.20036976,0.0046892469,-0.24563827,0.08181427,2.4869516,2.3093923,0.64628535,0.15,1.602167,0.5,0.035904742,13.925737,2.4712548,32.30635,0.023415166,-0.19022069,0.014664894,0.15906833,7.3506471,-4.9654852
3662,4662000.0,5.4787279,1.5629354,3.9157925,-0.24126956,1.0422936,1.2200125,0.79621321,-0.61728395,0.5,2.9144724,4.0503438,4.123112,0.56996147,-0.0067762395,-0.14887092,-0.03557122,2.7548914,2.5747865,0.64592164,0.15,1.6158776,0.5,0.035884535,13.933579,2.47399,32.30635,-0.0062937836,-0.14728752,0.0058939978,0.19832494,0.91439094,-1.7143189
3663,4663000.0,5.4486389,1.5339802,3.9146586,-0.25911883,1.0229839,1.2054514,0.77029204,-0.61728395,0.5,2.7513095,3.9542232,3.9512152,0.34849006,-0.02177031,-0.006846438,-0.10795651,2.5969237,2.4156778,0.63908192,0.15,1.6363354,0.5,0.035504551,14.082702,2.4714432,32.30635,-0.0222821,-0.2028384,0.0045872327,0.16962573,-2.570924,2.7632111
3664,4664000.0,5.444026,1.5354752,3.9085508,-0.24862988,1.0239809,1.1836733,0.80292861,-0.61728395,0.5,2.7185343,3.913976,3.9917391,0.24988785,-0.047855251,-0.14934661,0.10091946,2.5576073,2.3889662,0.63802067,0.15,1.6679428,0.5,0.035445593,14.106126,2.4921513,32.30635,0.0013429833,-0.14447045,-0.0076885337,0.15603364,-1.6303146,0.8545859
3665,4665000.0,5.5024132,1.5388712,3.963542,-0.25031232,1.0262456,1.1772442,0.8172724,-0.61728395,0.5,2.7203122,3.9542663,3.9381298,0.26854037,0.028642355,-0.41265944,0.080473487,2.5565104,2.3925341,0.63303206,0.15,1.6782094,0.5,0.035168448,14.217289,2.4787439,32.30635,0.018937849,-0.19551997,-0.013459838,0.16184113,2.1706489,0.70670664
3666,4666000.0,5.4754823,1.550897,3.9245854,-0.24989128,1.0342654,1.1863114,0.82384335,-0.61728395,0.5,2.7871872,4.0018854,3.9947483,0.36492797,0.0071071842,-0.15550526,-0.15698043,2.6220684,2.4568846,0.64101149,0.15,1.6980799,0.5,0.035611749,14.04031,2.5180909,32.30635,-0.011321055,-0.1767301,-0.010314345,0.19537293,2.1838188,3.0972436
3667,4667000.0,5.4059149,1.4823119,3.923603,-0.26029779,0.98852721,1.1489444,0.76644075,-0.61728395,0.5,2.5459498,3.8479778,3.8277651,-0.037893524,0.0020209731,-0.14168119,0.066855665,2.3923359,2.2260513,0.64520291,0.15,1.6871947,0.5,0.035844606,13.9491,2.478492,32.30635,0.0095836987,-0.17695084,0.023206853,0.20663849,4.1403968,-2.949988
3668,4668000.0,5.4458888,1.5311411,3.9147477,-0.27389943,1.0210905,1.181108,0.7995845,-0.61728395,0.5,2.6360035,3.8952459,3.9005546,0.11221011,-0.017185037,0.075680801,-0.0077515193,2.4757468,2.3071497,0.6546402,0.15,1.7064219,0.5,0.0363689,13.74801,2.4748687,32.30635,-0.0056169018,-0.13534807,0.0132502,0.16840005,3.037404,2.8500411
3669,4669000.0,5.4711212,1.5616361,3.9094851,-0.26175522,1.0414271,1.1715741,0.86143246,-0.61728395,0.5,2.7427457,3.9259054,3.9706431,0.3316885,0.023169053,-0.058217079,0.049342886,2.5700931,2.4165464,0.66060609,0.15,1.6561326,0.5,0.036700338,13.623853,2.5210617,32.30635,0.014878374,-0.17338124,0.028452006,0.205293,-0.14148261,-3.6933311
3670,4670000.0,5.4635986,1.525284,3.9383146,-0.25219195,1.0171845,1.1618133,0.81705327,-0.61728395,0.5,2.742463,3.9043365,3.9714995,0.3515531,0.032922274,-0.084044751,-0.041863294,2.5787051,2.4189814,0.6613756,0.15,1.7010472,0.5,0.036743089,13.608001,2.469837,32.30635,-0.0085556403,-0.13802457,-0.02996688,0.15194304,-0.97487267,-2.7863392
3671,4671000.0,5.4210072,1.5392027,3.8818045,-0.27458308,1.0264667,1.1995107,0.78686833,-0.61728395,0.5,3.0611218,4.1437441,4.2606933,0.77892788,0.028686365,-0.2530409,-0.068984377,2.9034137,2.7271441,0.66112682,0.15,1.6934282,0.5,0.036729268,13.613122,2.4958594,32.30635,-0.0028619009,-0.16687279,-0.0088036966,0.15876385,0.83879746,7.967704
3672,4672000.0,5.4730227,1.534417,3.9386058,-0.24515557,1.0232752,1.1709917,0.81885919,-0.61728395,0.5,2.770347,3.9342653,3.9825163,0.39425924,-0.039691588,0.0028224319,-0.067150489,2.6062271,2.4443098,0.65632897,0.15,1.6417875,0.5,0.036462721,13.712636,2.4988858,32.30635,-0.0068076701,-0.15510657,-0.00025852571,0.18442331,1.5947533,-2.2929449
3673,4673000.0,5.4322658,1.5349024,3.8973634,-0.24350363,1.0235989,1.1881889,0.79574275,-0.61728395,0.5,2.6985723,3.8879894,3.9853831,0.22234445,0.0063530188,0.12644332,0.067804488,2.5390856,2.367747,0.65437859,0.15,1.6524575,0.5,0.036354366,13.753506,2.4745253,32.30635,0.0037557515,-0.17359195,-0.0080441699,0.16796972,0.36512921,-3.117448
3674,4674000.0,5.4309008,1.5165016,3.9143992,-0.23349848,1.0113277,1.1812767,0.7760174,-0.61728395,0.5,2.8490854,4.1145195,4.1198434,0.31289327,-0.053323182,-0.058258794,-0.044126238,2.6935521,2.5201846,0.65082025,0.15,1.6697467,0.5,0.036156681,13.828703,2.4806481,32.30635,-0.027188612,-0.17849751,0.036532722,0.20477489,5.6029656,0.83213655
3675,4675000.0,5.4540891,1.5354072,3.9186819,-0.27373997,1.0239355,1.1914652,0.79199573,-0.61728395,0.5,2.6685969,3.8974485,3.8917027,0.21663954,-0.041174029,0.15025909,-0.065172031,2.5098612,2.3368594,0.64781482,0.15,1.6354531,0.5,0.035989712,13.892859,2.4862878,32.30635,-0.0022996076,-0.13156846,0.014575333,0.13551365,0.86262836,7.2317843
3676,4676000.0,5.4294317,1.5442321,3.8851997,-0.26791642,1.0298207,1.2020078,0.79141537,-0.61728395,0.5,2.6280801,3.827472,3.8938124,0.16295595,0.037069856,-0.098588175,0.11132559,2.4694607,2.2934072,0.64815921,0.15,1.6439619,0.5,0.036008845,13.885477,2.488711,32.30635,-0.0090033158,-0.19889102,0.0090811264,0.19172285,1.0938663,-4.6822883
3677,4677000.0,5.4020015,1.5178651,3.8841364,-0.25885243,1.012237,1.1971141,0.75618943,-0.61728395,0.5,2.9214013,4.1739133,4.0940195,0.49627119,-0.031706529,0.036607298,0.034285185,2.7698421,2.588091,0.65184562,0.15,1.637382,0.5,0.036213646,13.80695,2.4899803,32.30635,-0.0070709601,-0.17931562,-0.015360832,0.22170511,-3.9268762,-0.98930096
3678,4678000.0,5.3909158,1.4819562,3.9089597,-0.24515369,0.98828999,1.1598026,0.75078962,-0.61728395,0.5,2.7964987,4.0324359,3.990428,0.36663225,-0.0090523195,-0.0011345613,-0.024922336,2.6460217,2.4735769,0.65003591,0.15,1.681068,0.5,0.036113106,13.845389,2.481679,32.30635,-0.036853099,-0.15968673,-0.0054615159,0.2607254,0.40026486,4.5148822
3679,4679000.0,5.4382405,1.534573,3.9036675,-0.25892747,1.0233792,1.1874071,0.79630366,-0.61728395,0.5,3.0530915,4.2254381,4.1885331,0.74530344,0.0061307714,-0.27807924,-0.061841176,2.8934924,2.7224839,0.64813962,0.15,1.6928082,0.5,0.036007756,13.885897,2.4701579,32.30635,-0.012911641,-0.17339306,-0.0020708253,0.16660925,6.7804366,2.1268013
3680,4680000.0,5.4185968,1.5219078,3.896689,-0.26811636,1.014933,1.169173,0.8014483,-0.61728395,0.5,2.8425421,4.0117455,4.0757144,0.44016656,0.02955391,-0.15633061,0.072481881,2.6819119,2.5170114,0.65014561,0.15,1.6905724,0.5,0.0361192,13.843053,2.4888584,32.30635,-0.0079954045,-0.17537684,0.013676683,0.24124726,1.1434886,0.6873356
3681,4681000.0,5.4009706,1.550112,3.8508586,-0.26746184,1.0337419,1.204412,0.79744717,-0.61728395,0.5,2.8564698,4.1027577,4.0464388,0.42021287,0.016181263,0.0042509957,0.10047644,2.6966414,2.5211275,0.64716459,0.15,1.6834288,0.5,0.035953588,13.906818,2.4901006,32.30635,-0.019015353,-0.23168699,0.01592351,0.204467,-1.4607843,4.3499767
3682,4682000.0,5.4162346,1.485479,3.9307556,-0.27293785,0.9906393,1.1681191,0.74485123,-0.61728395,0.5,2.5955687,3.8019775,3.8616687,0.12305981,0.0052487892,-0.13655719,0.020640535,2.4462819,2.2703314,0.64090063,0.15,1.6902648,0.5,0.035605591,14.042739,2.4811201,32.30635,-0.0034000898,-0.200709,-0.011975969,0.17035432,2.5665758,0.90148155
3683,4683000.0,5.4398791,1.5363159,3.9035632,-0.25884312,1.0245415,1.1839614,0.80386834,-0.61728395,0.5,2.7744919,3.9823812,4.0032472,0.33784728,-0.021142441,-0.26412754,-0.0060952916,2.6133766,2.4448436,0.63736468,0.15,1.7178021,0.5,0.035409149,14.120644,2.4879511,32.30635,-0.00042121423,-0.18294231,-0.002496333,0.19475224,-0.93835425,-1.0675326
3684,4684000.0,5.4345318,1.498852,3.9356798,-0.26022064,0.9995575,1.1521907,0.788293,-0.61728395,0.5,2.6360786,3.9356393,3.8855413,0.087055182,0.055363234,-0.50678526,0.021966728,2.478085,2.3152762,0.63585298,0.15,1.7113236,0.5,0.035325166,14.154215,2.4842946,32.30635,0.008199654,-0.17444832,0.0112685,0.15408527,4.3532967,-8.8688859
3685,4685000.0,5.4383665,1.522586,3.9157805,-0.2591976,1.0153853,1.1658175,0.80719052,-0.61728395,0.5,2.7216633,3.9317126,3.9464136,0.28686369,-0.0076501295,-0.16330749,0.097937775,2.5598821,2.3970668,0.64204071,0.15,1.6970814,0.5,0.035668928,14.017803,2.4970017,32.30635,-0.00039090463,-0.24922143,-0.015446412,0.16885005,1.8358443,2.3653718
3686,4686000.0,5.4362446,1.4931193,3.9431253,-0.24535542,0.99573451,1.14524,0.78881201,-0.61728395,0.5,2.5124992,3.7961978,3.874229,-0.13292916,0.064100127,-0.080672142,0.048485139,2.3544016,2.1936321,0.6527425,0.15,1.6957248,0.5,0.036263472,13.787979,2.4836766,32.30635,-0.0015788187,-0.13614728,0.0078607894,0.20454544,-0.94941346,-2.5344121
3687,4687000.0,5.4334051,1.5229308,3.9104744,-0.26322907,1.0156152,1.1772506,0.79185731,-0.61728395,0.5,2.9781303,4.0866747,4.1877353,0.65998087,-0.051116836,-0.20315749,0.02947579,2.8194223,2.6503505,0.65981195,0.15,1.6997021,0.5,0.036656219,13.64025,2.4779359,32.30635,-0.0037957082,-0.21304908,0.027634756,0.20657021,-1.6487888,5.6555637
3688,4688000.0,5.4320993,1.5003652,3.9317341,-0.2612368,1.0005666,1.1623494,0.77659244,-0.61728395,0.5,2.5915094,3.7739053,3.8950794,0.10554368,0.020994904,-0.22742287,-0.038087149,2.4358609,2.2678786,0.66528512,0.15,1.7121021,0.5,0.036960285,13.528034,2.4652129,32.30635,-0.01665881,-0.24451538,-0.0088552768,0.17469036,-0.3854208,-2.7220448
3689,4689000.0,5.4073705,1.5410722,3.8662984,-0.27548859,1.0277134,1.1961781,0.79447767,-0.61728395,0.5,2.9630244,4.1021393,4.1365252,0.65040878,-0.031466883,-0.036722904,0.02308623,2.8037913,2.6299747,0.65984843,0.15,1.6829429,0.5,0.036658246,13.639496,2.4681189,32.30635,-0.031683968,-0.17664678,0.0090839361,0.16087859,1.5684677,-2.623225
3690,4690000.0,5.452256,1.5583208,3.8939352,-0.25651502,1.0392162,1.1829881,0.84029226,-0.61728395,0.5,2.922407,4.0247528,4.0789951,0.66347296,0.058249678,-0.059915522,-0.073815879,2.7539914,2.5930297,0.65214063,0.15,1.7569202,0.5,0.036230035,13.800704,2.4632648,32.30635,-0.0036426357,-0.23756588,0.035844081,0.20030356,0.88390024,-2.8276409
3691,4691000.0,5.4698855,1.5492027,3.9206828,-0.26027156,1.0331355,1.1819527,0.82719801,-0.61728395,0.5,2.4670793,3.6900926,3.8214796,-0.11033436,0.02921648,-0.0096065504,-0.038148538,2.3012881,2.1379903,0.64556494,0.15,1.7458269,0.5,0.035864719,13.941277,2.4807077,32.30635,-0.01685153,-0.14757735,0.012620286,0.1952608,-1.6219342,-0.25207138
3692,4692000.0,5.4150003,1.5204096,3.8945906,-0.26808198,1.0139339,1.1851478,0.77686837,-0.61728395,0.5,2.6506523,3.8815127,3.8753309,0.19511342,-0.059463242,-0.11799576,0.051840742,2.4949485,2.3206737,0.64088037,0.15,1.7083254,0.5,0.035604465,14.043183,2.4838904,32.30635,0.0012599525,-0.14987776,-0.018553962,0.16267557,-0.24756302,3.6990599
3693,4693000.0,5.4232791,1.5104327,3.9128465,-0.26527661,1.0072805,1.1705649,0.78122533,-0.61728395,0.5,2.5977075,3.7977687,3.8496768,0.14567698,0.0029076761,-0.1240281,0.22438981,2.4411304,2.2717892,0.63955979,0.15,1.6944963,0.5,0.035531099,14.072179,2.4907214,32.30635,0.010758815,-0.20342504,-0.018640957,0.12516634,-0.74070768,5.7480419
3694,4694000.0,5.4146309,1.5091354,3.9054955,-0.25861585,1.0064153,1.1660579,0.78541879,-0.61728395,0.5,2.8505357,3.9848025,4.0351013,0.53170324,0.062405638,0.069841974,0.030721138,2.6931181,2.5258722,0.64407064,0.15,1.7126613,0.5,0.035781702,13.973623,2.5187162,32.30635,0.02079185,-0.19422751,-0.0071075393,0.14681261,-1.620147,1.253636
3695,4695000.0,5.4587303,1.5302459,3.9284843,-0.2519041,1.0204936,1.1839359,0.79422926,-0.61728395,0.5,3.0798137,4.3059649,4.2596929,0.67378322,0.060042562,-0.08641722,-0.053622343,2.9206303,2.7501725,0.64802937,0.15,1.7217086,0.5,0.036001632,13.888259,2.4823068,32.30635,-0.01261218,-0.13924408,-0.0091441174,0.15415303,3.3617293,1.0794331
3696,4696000.0,5.4336732,1.5570584,3.8766148,-0.26999216,1.0383743,1.2014171,0.81267897,-0.61728395,0.5,2.7959871,3.9350689,4.0324268,0.42046547,-0.017050437,-0.048714594,-0.068470013,2.6331059,2.4614786,0.65426557,0.15,1.7038359,0.5,0.036348087,13.755882,2.4915753,32.30635,-0.018425623,-0.21982049,0.019225839,0.21013351,0.96277686,6.9312321
3697,4697000.0,5.4237327,1.5557619,3.8679709,-0.28298922,1.0375097,1.2140147,0.79311205,-0.61728395,0.5,2.6125816,3.8240433,3.9086846,0.10501681,0.056967849,-0.29291065,0.050350588,2.4536221,2.2745656,0.65871129,0.15,1.7102864,0.5,0.036595072,13.663042,2.4907336,32.30635,0.0056392009,-0.13833036,-0.044428932,0.21057857,-0.20923589,-0.98792654
3698,4698000.0,5.4782468,1.5538576,3.9243892,-0.25283224,1.0362398,1.1872796,0.82721709,-0.61728395,0.5,2.7157965,3.8837321,3.9833372,0.2803203,0.005133329,0.095839842,-0.03263292,2.5500016,2.3852244,0.65701336,0.15,1.7142392,0.5,0.036500742,13.698352,2.4895497,32.30635,-0.0061993546,-0.20449637,0.017509509,0.22933903,-6.1873139,-4.7366707
3699,4699000.0,5.4581915,1.5392099,3.9189816,-0.25794723,1.0264715,1.1831805,0.80956564,-0.61728395,0.5,2.7941206,4.0714415,3.9626565,0.34826383,0.0043432543,-0.30474015,-0.10447872,2.6318634,2.4646897,0.65851379,0.15,1.7026694,0.5,0.036584099,13.66714,2.4897923,32.30635,-0.012222499,-0.16668762,-0.0018345891,0.20598572,3.4094121,-5.3869312
3700,4700000.0,5.4472633,1.5320203,3.9152431,-0.26216284,1.0216768,1.1799627,0.80257672,-0.61728395,0.5,2.728543,3.9756261,3.9414415,0.26856155,0.048376635,0.23236432,-0.028012521,2.5676866,2.4000081,0.65028396,0.15,1.7163135,0.5,0.036126887,13.840108,2.491838,32.30635,-0.0040563539,-0.18001842,0.0082704532,0.13393897,0.00045145618,-0.17882739
3701,4701000.0,5.4181114,1.5326827,3.8854287,-0.26399713,1.0221186,1.1813136,0.80175598,-0.61728395,0.5,2.663076,3.8969471,3.9254913,0.1667896,-0.029690882,0.051385201,-0.0043105741,2.5023841,2.3341649,0.64155209,0.15,1.713029,0.5,0.035641783,14.028479,2.4544689,32.30635,-0.015095907,-0.17749422,0.0016881526,0.14988791,0.47093345,5.8247108
3702,4702000.0,5.4388158,1.5219589,3.9168569,-0.25318975,1.0149671,1.165551,0.80656136,-0.61728395,0.5,2.7959776,3.9966812,4.0081376,0.38311401,0.05329759,0.3162945,-0.057974862,2.6343226,2.4714553,0.63985914,0.15,1.7577248,0.5,0.03554773,14.065596,2.4858508,32.30635,-0.0036420921,-0.18158819,-0.012354795,0.208311,-1.8992163,0.23514098
3703,4703000.0,5.4466057,1.5292591,3.9173466,-0.25210994,1.0198355,1.1699494,0.81208629,-0.61728395,0.5,2.9361283,4.1391009,4.0800491,0.58923483,-0.013770138,-0.21529399,0.00089072178,2.7733659,2.6103813,0.63920927,0.15,1.7361656,0.5,0.035511626,14.079896,2.4859706,32.30635,0.0054521464,-0.20388873,0.011247606,0.17387247,5.0652954,-2.9111517
3704,4704000.0,5.4540436,1.5280065,3.9260371,-0.22575749,1.0190001,1.1757893,0.80197726,-0.61728395,0.5,3.1003501,4.2671067,4.190114,0.84382967,-0.031350433,-0.082706375,0.015562683,2.9396138,2.7729772,0.64490356,0.15,1.7433474,0.5,0.035827976,13.955575,2.4627774,32.30635,0.0051378946,-0.19328962,-0.014362281,0.21625756,-0.2000311,3.7008919
3705,4705000.0,5.4139214,1.511186,3.9027354,-0.26365259,1.0077828,1.1607092,0.79611739,-0.61728395,0.5,2.5829109,3.8831305,3.8381337,0.027468586,0.0069989202,0.087650715,0.077260159,2.4233491,2.2597367,0.65145341,0.15,1.6770624,0.5,0.036191856,13.815263,2.4949144,32.30635,-0.010744647,-0.19104029,0.0044962629,0.16670154,-2.8446709,-5.8546753
3706,4706000.0,5.4584624,1.508344,3.9501184,-0.24270508,1.0058876,1.1765061,0.7696429,-0.61728395,0.5,2.5390562,3.8351628,3.8070406,-0.025034764,-0.0034057025,-0.075624702,0.083061372,2.3848005,2.2114837,0.65284626,0.15,1.6440159,0.5,0.036269237,13.785788,2.4937186,32.30635,0.0045105221,-0.17343374,0.0049119466,0.20209685,-0.35048189,-9.9563567
3707,4707000.0,5.4791707,1.5427969,3.9363738,-0.25866418,1.0288636,1.1849229,0.81286221,-0.61728395,0.5,2.6664632,3.8377913,3.9394933,0.22210493,0.041288519,-0.22952472,0.10482898,2.5035453,2.3365472,0.650132,0.15,1.6462242,0.5,0.036118445,13.843343,2.5056881,32.30635,-0.011341078,-0.16255126,0.033208718,0.15018022,2.9929573,0.43402578
3708,4708000.0,5.4479291,1.5427866,3.9051425,-0.27111455,1.0288567,1.1980565,0.79460069,-0.61728395,0.5,3.0243586,4.160311,4.206276,0.70648863,-0.04378726,-0.042179311,-0.00067536159,2.8651007,2.6907858,0.64668505,0.15,1.6960095,0.5,0.035926947,13.91713,2.4714208,32.30635,0.044216904,-0.16866777,-0.024934486,0.15266101,-1.3255116,3.8822893
3709,4709000.0,5.4488652,1.5678633,3.8810019,-0.26046286,1.0455799,1.2235735,0.79912055,-0.61728395,0.5,2.5887687,3.8541698,3.8638457,0.048290717,-0.0057487645,-0.1467269,-0.063459369,2.428605,2.2480913,0.63831468,0.15,1.6846839,0.5,0.035461926,14.099629,2.482149,32.30635,-0.021616739,-0.20960981,-0.0049796124,0.15647403,-3.4526008,-1.5958645
3710,4710000.0,5.4679121,1.5672616,3.9006505,-0.2579275,1.0451786,1.1921946,0.84175265,-0.61728395,0.5,2.6226541,3.7985101,3.9226181,0.14683396,-0.028311292,-0.18115367,-0.10034867,2.4539458,2.2907134,0.63785835,0.15,1.7199883,0.5,0.035436575,14.109716,2.4763166,32.30635,0.0012736385,-0.17698727,0.012631922,0.2424005,0.99860884,-2.7036183
3711,4711000.0,5.4190297,1.5150535,3.9039762,-0.25851809,1.010362,1.1699454,0.78945066,-0.61728395,0.5,3.044833,4.1816788,4.1729031,0.77991709,-0.016761255,-0.0053464457,0.11275591,2.8866074,2.7190872,0.63745302,0.15,1.7059681,0.5,0.035414057,14.118687,2.4809149,32.30635,0.014179498,-0.14874724,0.00099996779,0.16225175,-0.047927474,8.2971835
3712,4712000.0,5.4599216,1.4940761,3.9658455,-0.24360219,0.99637257,1.1546783,0.77722532,-0.61728395,0.5,2.7127751,3.9432681,3.9361872,0.25887002,-0.020402593,-0.23199375,-0.023496461,2.5569998,2.3912801,0.63935629,0.15,1.729639,0.5,0.035519794,14.076658,2.5017543,32.30635,0.0087663654,-0.17715507,-0.0019580517,0.20840845,0.66103002,-6.9364078
3713,4713000.0,5.4656671,1.5291266,3.9365405,-0.24458142,1.0197471,1.1802501,0.79756541,-0.61728395,0.5,2.5162302,3.8057673,3.7729667,-0.030043546,0.009355585,-0.38225155,-0.12397249,2.3563781,2.1876152,0.64127237,0.15,1.7193305,0.5,0.035626243,14.034598,2.4772106,32.30635,0.00150497,-0.19364847,0.015773157,0.23434636,0.16140024,-2.9541624
3714,4714000.0,5.4432087,1.5550202,3.8881885,-0.25183382,1.0370151,1.1892947,0.82627064,-0.61728395,0.5,2.8726963,4.0680891,4.0570503,0.49294938,0.027075881,-0.1551616,-0.048328569,2.707091,2.5415631,0.65203486,0.15,1.7241706,0.5,0.036224159,13.802943,2.4912077,32.30635,-0.032161658,-0.22742975,0.018208603,0.17740286,-0.15658873,5.7307788
3715,4715000.0,5.4435419,1.5705321,3.8730098,-0.26217852,1.0473597,1.1901559,0.84979747,-0.61728395,0.5,2.7235217,3.980576,4.0358777,0.15411141,0.029168002,-0.10679423,-0.02746088,2.553201,2.3921487,0.65698804,0.15,1.7022148,0.5,0.036499335,13.69888,2.4735822,32.30635,-0.026826995,-0.19491644,-0.02712897,0.18638601,-2.5467735,-0.21156348
3716,4716000.0,5.4744118,1.5382447,3.9361671,-0.26698733,1.0258278,1.1794829,0.81316389,-0.61728395,0.5,2.7455589,3.8759864,3.9805288,0.38016135,0.014871917,-0.24247444,-0.010879822,2.5825805,2.4171575,0.66324588,0.15,1.7246393,0.5,0.036846993,13.569628,2.4848734,32.30635,-0.0079397507,-0.19533809,0.0037109613,0.22453097,-2.9430346,0.0061664867
3717,4717000.0,5.4464668,1.5257201,3.9207467,-0.23657945,1.0174754,1.1678607,0.80934736,-0.61728395,0.5,2.8474522,4.0591248,3.9887889,0.49444294,0.012798556,-0.077293751,-0.0029032669,2.6852388,2.5222868,0.65547662,0.15,1.6825561,0.5,0.036415368,13.730467,2.4853141,32.30635,0.013081196,-0.15229002,-0.01245588,0.14274571,-1.7157724,1.2545521
3718,4718000.0,5.436665,1.5463672,3.8902978,-0.2502516,1.0312445,1.1909489,0.81018137,-0.61728395,0.5,2.863675,4.129331,4.0464845,0.41520963,-0.024577573,-0.18950692,-0.018362985,2.7012944,2.5320813,0.65323409,0.15,1.6986452,0.5,0.036290783,13.777603,2.5274867,32.30635,-0.0062680253,-0.1725222,0.0074967072,0.17998885,3.8013272,3.740003
3719,4719000.0,5.453595,1.5607759,3.8928191,-0.27528175,1.0408534,1.1903737,0.83394531,-0.61728395,0.5,2.7369614,4.056596,3.9350843,0.21920388,-0.02844909,-0.040547098,-0.016942537,2.5698179,2.4055278,0.64478284,0.15,1.7163609,0.5,0.035821269,13.958188,2.4879377,32.30635,0.012367904,-0.19805182,8.6049374e-05,0.17960197,2.4937613,-0.42532094
3720,4720000.0,5.4915506,1.5396554,3.9518952,-0.24929006,1.0267686,1.1991022,0.78815751,-0.61728395,0.5,2.7383851,3.9109456,4.0116647,0.29254506,0.075539597,-0.048910047,0.076237006,2.5804187,2.4045212,0.63602805,0.15,1.7083966,0.5,0.035334892,14.150319,2.5010113,32.30635,-0.014653127,-0.17784719,-0.0018519271,0.14706265,2.2505123,-0.17857206
3721,4721000.0,5.4704769,1.5540999,3.916377,-0.24681585,1.0364013,1.1907536,0.82277715,-0.61728395,0.5,2.514998,3.8704316,3.787489,-0.1129266,0.01574953,0.15637686,0.1537924,2.3500929,2.1834586,0.63687095,0.15,1.7328653,0.5,0.03538172,14.131591,2.4692082,32.30635,0.0011860611,-0.18630782,0.024234757,0.19377645,-3.1011758,4.424844
3722,4722000.0,5.4861095,1.5393525,3.946757,-0.24861486,1.0265666,1.1807621,0.81315256,-0.61728395,0.5,2.7182597,3.9652445,3.9396367,0.24989783,0.080430806,-0.14092201,0.038987329,2.5552836,2.3895022,0.63388106,0.15,1.6909276,0.5,0.035215615,14.198247,2.4687521,32.30635,0.014059812,-0.15489473,0.010359479,0.14146505,0.81914441,0.89960355
3723,4723000.0,5.4782701,1.5567675,3.9215025,-0.24855397,1.0381804,1.2127428,0.79648174,-0.61728395,0.5,2.8475115,4.0972249,4.0376113,0.4076984,0.0051082549,-0.16414522,0.077236949,2.6878767,2.5098497,0.64017986,0.15,1.6796618,0.5,0.035565548,14.058549,2.4709027,32.30635,-0.032705187,-0.17658176,-0.0044684252,0.1526937,0.67857418,-3.6934031
3724,4724000.0,5.4673554,1.557787,3.9095684,-0.25803734,1.0388602,1.1795134,0.84426856,-0.61728395,0.5,2.8301791,3.9822857,4.0881369,0.42011479,-0.0080400609,0.25288545,-0.079685515,2.6609666,2.5017693,0.65210426,0.15,1.627772,0.5,0.036228014,13.801474,2.4975593,32.30635,0.0041961668,-0.18121257,-0.00769897,0.17455312,-1.2456805,0.63189586
3725,4725000.0,5.4161621,1.5513581,3.864804,-0.26936659,1.0345729,1.2015469,0.80341336,-0.61728395,0.5,2.7849739,4.076678,3.968145,0.31009869,0.015832347,0.064557816,0.038841567,2.6239498,2.4504293,0.65851981,0.15,1.6394483,0.5,0.036584434,13.667015,2.4797924,32.30635,-0.016784407,-0.2349175,0.017229578,0.23917775,-0.30556276,1.6393118
3726,4726000.0,5.4405982,1.5301725,3.9104257,-0.25164186,1.0204446,1.1842377,0.79369289,-0.61728395,0.5,2.646515,3.9389963,3.838389,0.16215964,0.045631147,0.10892767,0.099955258,2.4874391,2.3167897,0.65913711,0.15,1.6826728,0.5,0.036618728,13.654215,2.4755186,32.30635,0.0015768024,-0.1234735,0.014941741,0.23282047,0.9287252,-0.37683172
3727,4727000.0,5.4429584,1.5493773,3.8935811,-0.2672004,1.0332519,1.1937618,0.81107127,-0.61728395,0.5,2.7124021,3.9188217,3.9724043,0.24598021,-0.0043131465,-0.14083396,0.046670325,2.5498431,2.3800251,0.65640031,0.15,1.7080917,0.5,0.036466684,13.711145,2.4913222,32.30635,-0.00082492729,-0.19101534,0.0054365524,0.10857078,0.53231559,2.694361
3728,4728000.0,5.4389083,1.557571,3.8813373,-0.26939347,1.0387162,1.2100948,0.80144086,-0.61728395,0.5,2.8303035,4.0150585,4.0533939,0.4224582,-0.022995599,-0.1051775,0.017214809,2.6696748,2.493379,0.65503073,0.15,1.6989978,0.5,0.036390596,13.739813,2.5035267,32.30635,-0.0083358143,-0.16969185,0.043839339,0.24376015,-1.0071024,-6.4445464
3729,4729000.0,5.4046756,1.5274403,3.8772352,-0.28832831,1.0186226,1.1752265,0.80185662,-0.61728395,0.5,2.9162191,4.0791558,4.0987024,0.57079892,0.0043557047,-0.164321,-0.023137654,2.755507,2.5890028,0.64688238,0.15,1.7000225,0.5,0.03593791,13.912885,2.4785579,32.30635,-0.0046664645,-0.1695921,0.027900377,0.1845294,-1.4406669,4.5559437
3730,4730000.0,5.3822864,1.5147312,3.8675552,-0.26817837,1.0101471,1.1520472,0.81380095,-0.61728395,0.5,2.7822883,4.0360698,3.9775868,0.33320836,0.04482902,0.10768352,0.1548951,2.6191823,2.4615259,0.65012504,0.15,1.7429542,0.5,0.036118058,13.843491,2.4884217,32.30635,-0.037720929,-0.18073482,0.0072748148,0.20056901,-4.8652882,5.0794087
3731,4731000.0,5.36935,1.5090594,3.8602906,-0.25255783,1.0063647,1.1796344,0.76643736,-0.61728395,0.5,2.7450271,3.9845258,4.0230975,0.2274579,0.019606475,0.017937539,0.081685252,2.5914139,2.4165836,0.64798346,0.15,1.7019409,0.5,0.035999081,13.889243,2.4827067,32.30635,0.014857107,-0.1597706,0.010075712,0.2160103,-0.56778218,0.53925844
3732,4732000.0,5.4037925,1.5223707,3.8814218,-0.27213629,1.0152417,1.1674356,0.80459968,-0.61728395,0.5,2.693245,3.9390846,3.9112359,0.22941462,-0.01241856,0.01700962,0.0040275304,2.5319831,2.368198,0.6492209,0.15,1.7229994,0.5,0.036067828,13.86277,2.4973538,32.30635,0.0034689684,-0.1387735,0.039729829,0.21914169,0.14199061,0.46435934
3733,4733000.0,5.4185155,1.5133179,3.9051977,-0.27020322,1.0092045,1.143454,0.82348595,-0.61728395,0.5,2.6128138,3.8636572,3.9026306,0.072153707,0.0070156293,0.10313838,-0.0090375097,2.4477667,2.294444,0.65207866,0.15,1.7031898,0.5,0.036226592,13.802016,2.4818129,32.30635,-0.0038205672,-0.15600554,0.0038722282,0.18193876,-0.67059189,-0.53336111
3734,4734000.0,5.4262723,1.4995492,3.9267231,-0.2521538,1.0000225,1.1418233,0.80380652,-0.61728395,0.5,2.8091006,3.9314932,4.0364575,0.45935102,0.0075444002,-0.14190332,0.069549396,2.6479976,2.4911847,0.65697133,0.15,1.7410713,0.5,0.036498407,13.699228,2.4770504,32.30635,0.0034908409,-0.18221093,0.0093410721,0.18513681,-1.377596,3.3932364
3735,4735000.0,5.3973213,1.4996507,3.8976705,-0.26423392,1.0000902,1.1612195,0.77702335,-0.61728395,0.5,2.9232311,4.0828856,4.1232355,0.5635723,0.0067901836,-0.11224346,-0.089661576,2.7674962,2.5999148,0.65819515,0.15,1.73718,0.5,0.036566397,13.673756,2.4826495,32.30635,-0.011939697,-0.17100029,-0.029569714,0.20791042,-0.47144755,0.9955438
3736,4736000.0,5.4035444,1.5211759,3.8823685,-0.2628783,1.0144449,1.1629903,0.80887058,-0.61728395,0.5,2.7539331,3.9973648,3.9538393,0.31059513,0.041838076,-0.13330362,-0.012760602,2.5918152,2.4301237,0.66001961,0.15,1.7258282,0.5,0.036667756,13.635958,2.4833414,32.30635,-0.014863714,-0.21038603,-0.019731623,0.21528884,-2.8082177,-2.6879388
3737,4737000.0,5.3862008,1.5302856,3.8559151,-0.27397085,1.0205201,1.1745039,0.80739534,-0.61728395,0.5,2.641376,3.866666,3.9539661,0.10349594,0.0061520126,-0.28799069,0.0024890977,2.4795538,2.314361,0.65848097,0.15,1.6785465,0.5,0.036582276,13.667821,2.4852116,32.30635,0.012592275,-0.18413719,0.014483649,0.18907,-1.3436947,0.86966499
3738,4738000.0,5.4341779,1.5391939,3.894984,-0.26667947,1.0264608,1.1778801,0.81690329,-0.61728395,0.5,2.6416941,3.8436297,3.9122313,0.16922124,0.021513223,-0.18539875,-0.012040093,2.4779662,2.313739,0.65716927,0.15,1.7158718,0.5,0.036509404,13.695102,2.4933405,32.30635,-0.031730194,-0.15012203,-0.015042216,0.21153471,0.099162465,0.2898343
3739,4739000.0,5.4081083,1.5192747,3.8888336,-0.26114258,1.013177,1.1642381,0.80410703,-0.61728395,0.5,2.9875502,4.1124496,4.1735298,0.67667103,-0.017786599,-0.31448866,0.038344219,2.826387,2.6633934,0.65102158,0.15,1.7434014,0.5,0.036167866,13.824426,2.5005812,32.30635,0.019000443,-0.16720616,-0.021262815,0.18857812,0.20062113,2.1757114
3740,4740000.0,5.3771658,1.5102638,3.8669019,-0.26691109,1.0071679,1.1590156,0.79700044,-0.61728395,0.5,2.9532449,4.1030346,4.1600737,0.59662639,-0.0046278733,0.066594791,-0.094786051,2.7935061,2.6305422,0.64955748,0.15,1.7294139,0.5,0.036086527,13.855587,2.5056574,32.30635,-0.011445541,-0.19419717,0.031235093,0.21106473,1.8006025,7.3250771
3741,4741000.0,5.4167428,1.5111492,3.9055935,-0.26315667,1.0077583,1.1685836,0.78511978,-0.61728395,0.5,2.7734295,3.9544919,3.9627063,0.40309023,-0.0038300621,-0.09568101,-0.022521395,2.6160718,2.4480628,0.65002101,0.15,1.6846757,0.5,0.036112278,13.845706,2.4613282,32.30635,0.011081861,-0.20592813,-0.0051781985,0.1863763,-0.31345823,1.5949866
3742,4742000.0,5.4109666,1.51342,3.8975466,-0.26948566,1.0092726,1.1739544,0.78127791,-0.61728395,0.5,2.8551099,3.986798,4.0574421,0.52108949,0.017177802,0.10959151,-0.059717185,2.6985222,2.5282478,0.64831773,0.15,1.6946991,0.5,0.036017652,13.882082,2.4753012,32.30635,0.0098365713,-0.17919669,0.018072793,0.23403515,-5.2658096,0.15617595
3743,4743000.0,5.4258791,1.5233133,3.9025659,-0.25889094,1.0158703,1.1615093,0.81433458,-0.61728395,0.5,2.6481797,3.8570573,3.9463559,0.14112574,0.0089370022,-0.20399641,0.044693623,2.4849667,2.3247827,0.64773421,0.15,1.7110913,0.5,0.035985234,13.894588,2.503896,32.30635,0.011593453,-0.13716097,-0.017370023,0.18820245,-0.93583217,1.3836809
3744,4744000.0,5.4146075,1.5307657,3.8838418,-0.26064678,1.0208402,1.1726226,0.81077404,-0.61728395,0.5,2.7243773,4.0012915,3.9192164,0.25262415,0.011370927,-0.1149643,-0.017166416,2.5618779,2.3978861,0.64648913,0.15,1.7011669,0.5,0.035916063,13.921348,2.4766046,32.30635,-0.010021925,-0.18905426,0.0095481164,0.23361424,0.11348882,3.3610769
3745,4745000.0,5.3967612,1.5144436,3.8823176,-0.23489238,1.0099553,1.1647223,0.79573451,-0.61728395,0.5,2.7226613,3.972046,3.996419,0.19951885,0.06093373,-0.17746929,0.097717616,2.5631762,2.3983697,0.65182095,0.15,1.7187647,0.5,0.036212275,13.807473,2.4617835,32.30635,-0.004667055,-0.16120551,0.0073405531,0.20961124,3.0332171,-2.852927
3746,4746000.0,5.3954535,1.5231025,3.872351,-0.26337285,1.0157298,1.1788344,0.78993094,-0.61728395,0.5,2.9028126,4.0852037,4.0758919,0.54734235,-0.019593149,0.090554925,-0.03376599,2.7444907,2.5745919,0.65841211,0.15,1.6559044,0.5,0.036578451,13.66925,2.5065988,32.30635,-0.0011761496,-0.13780321,0.015907193,0.23879846,0.86563131,-1.6642819
3747,4747000.0,5.4103012,1.5352461,3.8750551,-0.27615448,1.0238281,1.1747038,0.81502378,-0.61728395,0.5,2.7885049,3.998804,4.0115486,0.355162,0.00030465179,-0.089728357,0.069952296,2.6251537,2.4614342,0.66562766,0.15,1.6732692,0.5,0.036979314,13.521073,2.4970618,32.30635,0.020617266,-0.1647486,0.0028558024,0.23171792,2.9667462,1.5682689
3748,4748000.0,5.4158813,1.4909632,3.9249181,-0.26164052,0.99429664,1.1499901,0.77877681,-0.61728395,0.5,2.4045282,3.633306,3.7734909,-0.19321224,0.0070733428,-0.19778352,0.075898224,2.2484419,2.0843385,0.6593078,0.15,1.6951099,0.5,0.036628211,13.65068,2.4864411,32.30635,0.0066439337,-0.23378168,-0.0066388359,0.19469146,-0.91072976,-3.1791196
3749,4749000.0,5.386419,1.5182578,3.8681612,-0.26252759,1.0124989,1.1636112,0.80335711,-0.61728395,0.5,2.8662457,4.0964783,4.0648891,0.43736971,-0.0030098149,-0.25594079,0.091818308,2.7052328,2.5422635,0.65403483,0.15,1.6878161,0.5,0.036335269,13.760735,2.5109056,32.30635,-0.017986931,-0.22506686,-0.0044499262,0.21895971,-1.0634702,-0.70547313
3750,4750000.0,5.386481,1.5156239,3.870857,-0.25264201,1.0107424,1.1607056,0.80319567,-0.61728395,0.5,2.9947555,4.1602112,4.1574449,0.66661042,0.0056937751,-0.10886868,-0.013035691,2.833775,2.6715823,0.6487758,0.15,1.7179389,0.5,0.0360431,13.872281,2.5032319,32.30635,-0.030335446,-0.18166466,0.018087154,0.21624698,-0.23357283,1.745086
3751,4751000.0,5.3957739,1.498207,3.897567,-0.26423404,0.99912737,1.1517158,0.7879247,-0.61728395,0.5,2.9258208,4.177154,4.1212203,0.47908817,0.0027671742,0.10409385,-0.15700196,2.767901,2.6051506,0.64518565,0.15,1.697014,0.5,0.035843647,13.949473,2.4891404,32.30635,-0.012541123,-0.18306854,-0.0031086002,0.13919026,-3.271334,4.8060625
3752,4752000.0,5.3810542,1.4776818,3.9033724,-0.24947396,0.98543949,1.1412236,0.76978685,-0.61728395,0.5,2.8357968,4.1029437,4.0354691,0.36897746,-0.0096862762,-0.23642595,-0.036377385,2.6815122,2.5180479,0.64657402,0.15,1.7218546,0.5,0.035920779,13.91952,2.4701042,32.30635,-0.0021423836,-0.20229242,-0.011843204,0.16236891,-0.23138968,3.1682862
3753,4753000.0,5.4201874,1.531448,3.8887394,-0.27313554,1.0212952,1.1459485,0.84891682,-0.61728395,0.5,2.7338271,3.9574654,3.9678322,0.2761837,0.043133887,0.062438656,0.051736065,2.563683,2.4147627,0.65104691,0.15,1.7021682,0.5,0.036169273,13.823889,2.4741513,32.30635,-0.010985462,-0.17600136,0.019397815,0.17270151,0.15477111,-0.29146281
3754,4754000.0,5.4069033,1.5148081,3.8920951,-0.26865727,1.0101984,1.137509,0.83411989,-0.61728395,0.5,2.4458077,3.6981192,3.7943333,-0.1550293,-0.052961912,-0.27269676,0.038476556,2.2786293,2.1290931,0.65436761,0.15,1.660766,0.5,0.036353756,13.753737,2.5017401,32.30635,-0.010117537,-0.15759354,-0.016597191,0.2130103,5.9972591,-1.257089
3755,4755000.0,5.3510467,1.4749296,3.8761171,-0.26482306,0.98360409,1.1371736,0.77102658,-0.61728395,0.5,2.6734494,3.8834945,3.9288002,0.20805333,-0.021417263,-0.24492698,-0.038408207,2.5189164,2.3568281,0.66075782,0.15,1.6831745,0.5,0.036708768,13.620724,2.4824801,32.30635,0.00081290254,-0.22041146,-0.0089703359,0.23238843,0.14490254,-5.5691519
3756,4756000.0,5.3647201,1.5041605,3.8605596,-0.27689055,1.0030977,1.1511651,0.79817857,-0.61728395,0.5,2.8856472,4.0388119,4.1506466,0.46748301,0.0056541428,0.0048484304,0.023025276,2.7256722,2.5651303,0.66044685,0.15,1.6715721,0.5,0.036691492,13.627137,2.4885269,32.30635,-0.0084449419,-0.23016592,0.016304103,0.17745855,-0.7406921,3.9333905
3757,4757000.0,5.3621659,1.5007829,3.861383,-0.29124023,1.0008452,1.1513031,0.79260358,-0.61728395,0.5,2.617433,3.8043287,3.9144685,0.13350159,-0.0096400293,0.26332429,0.084787952,2.4585754,2.2968777,0.66018623,0.15,1.6729593,0.5,0.036677013,13.632517,2.5049572,32.30635,-0.0089012825,-0.16322111,-0.013437203,0.20166537,-4.2728598,-6.0905081
3758,4758000.0,5.4111202,1.4988454,3.9122748,-0.26630831,0.99955314,1.1644336,0.77127481,-0.61728395,0.5,2.8653771,4.0604981,4.0015169,0.53411632,0.0022820735,-0.067872022,0.043109519,2.7107944,2.5411659,0.655062,0.15,1.6577558,0.5,0.036392333,13.739158,2.4662421,32.30635,-0.028915332,-0.22842212,-0.014986228,0.16581659,0.17097219,-4.2084784
3759,4759000.0,5.3965325,1.512379,3.8841535,-0.24912032,1.0085784,1.1429674,0.82266556,-0.61728395,0.5,2.9599055,4.2107893,4.1913226,0.4776045,-0.061124678,0.18947233,0.012876385,2.7950227,2.641671,0.64897995,0.15,1.6259389,0.5,0.036054442,13.867917,2.4743861,32.30635,0.013788082,-0.13757255,-0.0037462593,0.20056448,-0.24539315,5.554169
3760,4760000.0,5.3789573,1.5257981,3.8531592,-0.24937889,1.0175274,1.1489177,0.83578709,-0.61728395,0.5,2.6596378,3.8514218,3.92232,0.20517155,0.020480668,0.22309029,-0.0057128385,2.4921252,2.3397467,0.64428691,0.15,1.6369474,0.5,0.035793717,13.968932,2.4931697,32.30635,-0.020340899,-0.2332416,-0.0015214093,0.16433685,-3.2395404,1.7797226
3761,4761000.0,5.369723,1.4855345,3.8841885,-0.26122707,0.9906763,1.1426784,0.78028157,-0.61728395,0.5,2.3760209,3.6844092,3.6424218,-0.19876828,0.032206669,-0.084742403,-0.062225089,2.219633,2.057867,0.64063369,0.15,1.667922,0.5,0.03559076,14.04859,2.4898646,32.30635,-0.015152086,-0.15561021,0.010518776,0.23606623,-3.1241465,-6.2207737
3762,4762000.0,5.3340213,1.4798955,3.8541258,-0.26262625,0.98691576,1.1455592,0.76729215,-0.61728395,0.5,2.6507728,3.8932445,3.8821695,0.17690462,-0.012795801,-0.23229371,-0.092385822,2.4969883,2.3318168,0.63545287,0.15,1.6780883,0.5,0.035302937,14.163127,2.5057634,32.30635,0.023678483,-0.18209419,-0.0018710257,0.19006309,-2.0528347,-1.2514851
3763,4763000.0,5.4163343,1.5116017,3.9047326,-0.23919111,1.0080601,1.1514947,0.80958068,-0.61728395,0.5,2.6016868,3.9050666,3.8700128,0.029980817,0.032326009,-0.21031823,0.025510807,2.4394266,2.2810781,0.63762348,0.15,1.6839104,0.5,0.035423527,14.114913,2.4997825,32.30635,-0.037779978,-0.2052108,-0.0071440978,0.18461047,1.1416648,-1.6373981
3764,4764000.0,5.3695344,1.5251711,3.8443633,-0.27221502,1.0171093,1.2032562,0.75930138,-0.61728395,0.5,2.6586694,4.0152415,3.9209309,0.039835725,0.0034768731,-0.083734944,-0.0026967868,2.5064864,2.3236489,0.64442992,0.15,1.6988219,0.5,0.035801662,13.965832,2.5050445,32.30635,-0.016490758,-0.21066328,0.004888621,0.17601576,-0.3691764,-1.0425384
3765,4765000.0,5.3729836,1.5224731,3.8505104,-0.24912603,1.01531,1.1685955,0.80315149,-0.61728395,0.5,2.9000978,4.160539,4.0334729,0.5062814,-0.012557471,0.083262283,-0.034720141,2.7391261,2.5747278,0.65750518,0.15,1.7182585,0.5,0.036528066,13.688105,2.4944178,32.30635,0.0053177586,-0.16186175,0.0088213808,0.21089553,3.5912296,-1.7938318
3766,4766000.0,5.3531612,1.519836,3.8333252,-0.2914882,1.0135514,1.1698316,0.79723123,-0.61728395,0.5,2.75298,3.9065849,4.0134281,0.33892707,0.025395038,0.20557793,0.032868248,2.593195,2.4272659,0.66655139,0.15,1.6932387,0.5,0.037030633,13.502335,2.4856355,32.30635,-0.018243366,-0.19751542,0.0016841913,0.15311647,-0.60994223,0.60891214
3767,4767000.0,5.3727766,1.4964547,3.876322,-0.26347349,0.99795878,1.1426384,0.79774207,-0.61728395,0.5,2.5966788,3.8450631,3.9277166,0.017256687,0.074532279,0.06509229,0.099144705,2.4367914,2.278536,0.67158649,0.15,1.7283816,0.5,0.03731036,13.401103,2.4679922,32.30635,-0.031383156,-0.20284986,-0.01228164,0.12242078,-3.543231,1.7945651
3768,4768000.0,5.3653953,1.4874998,3.8778955,-0.24015534,0.99198694,1.1389718,0.78856313,-0.61728395,0.5,2.6147243,3.8903552,3.9257019,0.028115849,-0.00683827,-0.2692567,-0.019024616,2.4566766,2.2976024,0.66663311,0.15,1.7535101,0.5,0.037035173,13.500679,2.4824687,32.30635,-0.011222584,-0.2015373,0.028940231,0.14039196,-0.72466785,-3.8447353
3769,4769000.0,5.3626058,1.4898616,3.8727442,-0.25231774,0.993562,1.1414834,0.78883838,-0.61728395,0.5,2.6798429,3.8753984,3.9614264,0.20270377,-0.0098042082,-0.2148861,-0.1679007,2.5217399,2.3620216,0.66486562,0.15,1.7623637,0.5,0.036936979,13.53657,2.4799153,32.30635,-0.0034870741,-0.1489528,-0.020159966,0.19767004,-1.7671396,1.1918157
3770,4770000.0,5.3731472,1.5053655,3.8677818,-0.27104525,1.0039013,1.1464404,0.80666266,-0.61728395,0.5,2.543056,3.7815735,3.8422028,0.0053916378,0.034703481,-0.19504358,0.0054664957,2.3813806,2.2238546,0.65670043,0.15,1.752245,0.5,0.036483357,13.704879,2.4852711,32.30635,-0.0013288768,-0.177506,-0.012151814,0.12174427,2.2302264,1.6685125
3771,4771000.0,5.364004,1.5164002,3.8476039,-0.2723492,1.0112601,1.1539453,0.81382418,-0.61728395,0.5,2.6390538,3.8497105,3.8976868,0.16976411,0.013507083,-0.22444569,-0.13816246,2.4759431,2.3177629,0.64698448,0.15,1.766653,0.5,0.035943582,13.910689,2.4752217,32.30635,-0.018728591,-0.17657383,-0.0088976175,0.20490192,4.7976934,-0.88387389
3772,4772000.0,5.3685334,1.5076466,3.8608868,-0.25874995,1.0054224,1.1720237,0.77475816,-0.61728395,0.5,2.664879,3.8440691,3.9897282,0.16083988,0.030841878,0.10258183,-0.044720767,2.5095981,2.3385545,0.63972822,0.15,1.7656222,0.5,0.035540457,14.068474,2.4916149,32.30635,-0.0094701457,-0.17880117,0.0017564342,0.12484661,3.1695589,-2.2281317
3773,4773000.0,5.4242418,1.5207578,3.9034839,-0.23658944,1.0141661,1.1671711,0.80239648,-0.61728395,0.5,2.7062158,3.9475229,3.9546585,0.21646598,0.019215827,-0.043445747,0.015122165,2.5453955,2.3812424,0.63795345,0.15,1.7230034,0.5,0.035441858,14.107612,2.4759067,32.30635,0.011781966,-0.19126335,-0.03882873,0.13750561,-1.6798504,-3.5876855
3774,4774000.0,5.3763672,1.5009656,3.8754016,-0.2616631,1.000967,1.1584311,0.7829926,-0.61728395,0.5,2.7428718,3.9445518,3.9568491,0.32721453,0.03859994,0.11808252,-0.0093081188,2.5859405,2.4203319,0.63959287,0.15,1.7098023,0.5,0.035532937,14.071451,2.4876827,32.30635,-0.040307165,-0.19817181,0.029174719,0.19296628,-4.6609691,-1.6817452
3775,4775000.0,5.3570277,1.5278232,3.8292045,-0.25913758,1.0188779,1.1877381,0.78508594,-0.61728395,0.5,2.6832384,3.9317557,3.930088,0.18787162,0.021560112,0.031176407,-0.15473626,2.5258876,2.3525386,0.64869449,0.15,1.7933175,0.5,0.036038583,13.874019,2.4785968,32.30635,-0.0075558445,-0.18972144,0.036557792,0.19722429,-4.4719288,3.9489015
3776,4776000.0,5.405195,1.5222837,3.8829114,-0.26228618,1.0151837,1.1751258,0.7937777,-0.61728395,0.5,2.7917634,3.9643556,3.9886971,0.42223759,0.04741927,0.0094870942,0.016158145,2.6326705,2.4645752,0.65401551,0.15,1.7826109,0.5,0.036334195,13.761142,2.4759206,32.30635,0.0032008755,-0.1293102,0.026272104,0.1899345,0.18079972,-0.23986215
3777,4777000.0,5.4415496,1.5364994,3.9050502,-0.26750319,1.0246639,1.1670645,0.8276338,-0.61728395,0.5,2.8461045,4.1138552,3.9755471,0.44891114,-0.014326057,0.010707378,-0.1605543,2.680226,2.5211608,0.6628987,0.15,1.7911928,0.5,0.036827706,13.576735,2.4812499,32.30635,-0.041626196,-0.20414481,-0.0020443054,0.16930272,1.9703576,-1.5664942
3778,4778000.0,5.4261104,1.5436841,3.8824262,-0.2741792,1.0294553,1.179055,0.8224279,-0.61728395,0.5,2.7518422,3.9296798,4.0131264,0.3127203,-0.012594211,-0.074749786,-0.060728994,2.587007,2.42356,0.66709169,0.15,1.7754925,0.5,0.03706065,13.491399,2.4859041,32.30635,0.0021654339,-0.20839572,0.011791283,0.16818099,4.2677794,0.33888956
3779,4779000.0,5.4055443,1.5250444,3.8804999,-0.26934017,1.0170248,1.178977,0.79282782,-0.61728395,0.5,2.719527,3.8962016,3.9633503,0.29902914,-0.0051633278,-0.14013403,0.12672812,2.5606245,2.3912665,0.66631082,0.15,1.8013715,0.5,0.037017268,13.50721,2.4881325,32.30635,-0.0038761259,-0.15124708,-0.0011908702,0.18871857,-0.16918497,5.9795223
3780,4780000.0,5.4010239,1.5098845,3.8911394,-0.26517944,1.0069149,1.1828275,0.76331656,-0.61728395,0.5,2.9808734,4.1079594,4.1225124,0.71214856,0.02352149,-0.18321153,0.0433596,2.8278857,2.6515409,0.66305126,0.15,1.80669,0.5,0.036836181,13.573611,2.4945906,32.30635,-0.022919071,-0.16144512,-0.00016874156,0.20045859,-0.022718514,7.6093687
3781,4781000.0,5.4113463,1.5317821,3.8795642,-0.26269926,1.021518,1.1657869,0.82189008,-0.61728395,0.5,2.9666622,4.0771242,4.1805553,0.64230693,0.033501707,-0.12440835,-0.05464757,2.8019349,2.6420742,0.65739637,0.15,1.7546642,0.5,0.036522021,13.690371,2.4775321,32.30635,0.018475279,-0.1723313,-0.0008900945,0.18658146,2.5241239,8.7618832
3782,4782000.0,5.4009218,1.5092003,3.8917215,-0.2572071,1.0064586,1.1599696,0.79397997,-0.61728395,0.5,2.7439266,3.896179,4.0134925,0.32210845,0.0053101118,-0.15548564,0.031646561,2.5847932,2.4209583,0.65483801,0.15,1.7469544,0.5,0.036379889,13.743857,2.4736175,32.30635,-0.0098075759,-0.2461137,-0.014565841,0.19947317,2.6465203,-2.3140262
3783,4783000.0,5.4066301,1.5246234,3.8820066,-0.2705603,1.016744,1.1659332,0.81027715,-0.61728395,0.5,2.8247913,3.9454166,4.0891284,0.43982899,0.0027760198,0.18014916,-0.15341778,2.6623915,2.5001626,0.65218872,0.15,1.6571236,0.5,0.036232707,13.799687,2.4735281,32.30635,0.017826395,-0.20954924,-0.0056000366,0.20520762,-1.4537055,-4.0875533
3784,4784000.0,5.4297562,1.5420813,3.8876749,-0.25378234,1.0283864,1.1761262,0.82394191,-0.61728395,0.5,2.6930335,3.9839704,3.8776571,0.21747307,-0.028628144,0.033852876,-0.034134853,2.527895,2.3655668,0.64964835,0.15,1.6428882,0.5,0.036091575,13.853649,2.4724588,32.30635,0.0046944307,-0.17721155,0.037871629,0.1689724,0.29987765,6.4352189
3785,4785000.0,5.4297884,1.5321772,3.8976112,-0.25184094,1.0217815,1.1617684,0.82810221,-0.61728395,0.5,2.7768938,4.0217191,4.0585645,0.25039783,-0.056814939,-0.0094281479,0.0042878498,2.6109214,2.4534247,0.65300599,0.15,1.6589173,0.5,0.036278111,13.782416,2.4801119,32.30635,0.013115275,-0.1422141,-0.019654541,0.13702583,-2.3659508,2.2547929
3786,4786000.0,5.4282551,1.5329609,3.8952942,-0.26304519,1.0223041,1.1743948,0.81181085,-0.61728395,0.5,2.9691187,4.0681547,4.1719166,0.66728479,-0.023634643,0.10001112,0.044815997,2.8064115,2.6421341,0.65192893,0.15,1.68332,0.5,0.036218274,13.805186,2.4624206,32.30635,0.013140623,-0.19837186,0.0044243508,0.16876112,-7.4532683,0.21701583
3787,4787000.0,5.4282703,1.5538425,3.8744279,-0.2658096,1.0362297,1.1981729,0.81206011,-0.61728395,0.5,2.6159848,3.9095198,3.8853694,0.053065342,0.0007393496,-0.46746282,-0.014076764,2.4532277,2.2823797,0.65478911,0.15,1.665044,0.5,0.036377173,13.744883,2.4872943,32.30635,0.0002540617,-0.11366346,-0.030329851,0.17716425,2.679199,-3.4839977
3788,4788000.0,5.4597375,1.5211931,3.9385444,-0.23840322,1.0144564,1.1618568,0.81047272,-0.61728395,0.5,2.7225963,4.017741,3.9455765,0.20447147,0.010772908,-0.22243876,0.012489494,2.5601573,2.3991026,0.653777,0.15,1.6718854,0.5,0.036320945,13.766162,2.4662783,32.30635,0.030294462,-0.16986233,0.015584077,0.1980756,0.043940094,6.8484834
3789,4789000.0,5.4288128,1.5374541,3.8913588,-0.24004569,1.0253005,1.1754143,0.81755582,-0.61728395,0.5,3.10902,4.2394932,4.3120746,0.77549234,0.015843675,-0.091541514,-0.060070201,2.9451614,2.7817515,0.64797226,0.15,1.678856,0.5,0.035998459,13.889484,2.4803614,32.30635,0.0049518283,-0.18362928,0.019446973,0.16709886,2.6479131,2.0346164
3790,4790000.0,5.4852377,1.5520429,3.9331948,-0.24241414,1.0350296,1.1757747,0.84030722,-0.61728395,0.5,3.1018803,4.3043268,4.2386655,0.76264849,-0.012066542,-0.26582915,-0.066910907,2.9334617,2.7745114,0.64582599,0.15,1.6802889,0.5,0.035879222,13.935642,2.4814011,32.30635,0.0081244289,-0.19623887,-0.023076736,0.20393529,5.2407322,3.7298589
3791,4791000.0,5.4796388,1.5672574,3.9123814,-0.25197192,1.0451758,1.1824644,0.85526323,-0.61728395,0.5,2.6264718,3.7933182,3.9320436,0.15405352,0.05302248,-0.10489122,0.0010281482,2.4550556,2.2972403,0.64299093,0.15,1.6948173,0.5,0.035721718,13.997087,2.4616202,32.30635,-0.026983888,-0.24057552,-0.03724476,0.17923133,0.4354768,-0.43849427
3792,4792000.0,5.4814092,1.5616122,3.919797,-0.23970763,1.0414112,1.1849906,0.84275627,-0.61728395,0.5,2.6398085,3.8997933,3.9196386,0.099993574,-0.014636748,-0.076548562,-0.12442508,2.4708991,2.3098736,0.64570427,0.15,1.6697356,0.5,0.03587246,13.938269,2.4823918,32.30635,-0.013971087,-0.20172946,-0.034890677,0.17189451,-1.4198698,4.8718674
3793,4793000.0,5.4491637,1.5324949,3.9166688,-0.25202871,1.0219934,1.1822007,0.80022426,-0.61728395,0.5,2.8568335,4.0616959,4.0617152,0.44708947,-0.0028738053,-0.22883163,-0.033552446,2.6964486,2.5276755,0.64656193,0.15,1.6636505,0.5,0.035920107,13.91978,2.4747681,32.30635,0.00052390441,-0.15241586,-0.017066201,0.20824501,-0.1646645,-1.1885038
3794,4794000.0,5.4060811,1.5272081,3.878873,-0.2603499,1.0184677,1.1821144,0.79191796,-0.61728395,0.5,2.69387,3.9536004,3.9690213,0.15898823,-0.0077315929,-0.27725692,0.049526545,2.5351498,2.364736,0.65153052,0.15,1.6998412,0.5,0.03619614,13.813628,2.4898623,32.30635,0.016184841,-0.20164966,-0.0093042838,0.17830833,1.5981245,-1.3303596
3795,4795000.0,5.4471546,1.5367029,3.9104516,-0.25236812,1.0247996,1.1787179,0.8117694,-0.61728395,0.5,2.6106163,3.8797592,3.8357278,0.11636187,0.051165914,-0.14130312,0.11918179,2.4479174,2.2824279,0.65417061,0.15,1.7037275,0.5,0.036342812,13.757879,2.4822943,32.30635,0.020203603,-0.20121488,0.032925584,0.19179946,4.6177003,-5.2594687
3796,4796000.0,5.3791915,1.5239409,3.8552505,-0.26688861,1.0162889,1.1856991,0.78173079,-0.61728395,0.5,2.659241,3.9308281,3.882289,0.16460595,-0.0097372151,-0.084395224,0.12847047,2.5025626,2.3291089,0.65481012,0.15,1.6872531,0.5,0.03637834,13.744442,2.4698843,32.30635,-0.017265776,-0.23083876,-0.010896998,0.14837331,3.5063228,0.8649444
3797,4797000.0,5.451584,1.5279597,3.9236243,-0.27726768,1.0189689,1.1658535,0.81570526,-0.61728395,0.5,2.8023429,3.9649856,4.03251,0.40953316,0.0094196716,0.026635443,0.036654842,2.6388552,2.4777364,0.65312266,0.15,1.6704826,0.5,0.036284592,13.779954,2.4799536,32.30635,-0.013084861,-0.17246621,0.010073856,0.14460268,-2.8070895,9.8018493
3798,4798000.0,5.4024597,1.5455531,3.8569066,-0.26248465,1.0307016,1.2066788,0.78703201,-0.61728395,0.5,2.81753,4.0198136,4.0241065,0.4086701,-0.0065559966,0.12247531,0.013603432,2.6597892,2.4815566,0.65169768,0.15,1.6711402,0.5,0.036205427,13.810084,2.4833245,32.30635,0.00033339703,-0.16307602,0.011485057,0.18630553,-3.2658322,1.452596
3799,4799000.0,5.4267503,1.5571819,3.8695684,-0.26395095,1.0384567,1.2124814,0.79750527,-0.61728395,0.5,2.715907,3.9607867,3.9516637,0.2352705,-0.040671794,-0.2428167,0.003405941,2.556067,2.3783179,0.6478496,0.15,1.6609957,0.5,0.035991645,13.892113,2.4809932,32.30635,-0.045087096,-0.21315564,0.0044918425,0.1808754,2.8494237,-1.4176745
3800,4800000.0,5.4080536,1.5615385,3.8465151,-0.26317888,1.041362,1.1926394,0.8320133,-0.61728395,0.5,2.7679461,4.0408142,3.9759477,0.2870765,0.013266429,-0.22690659,-0.13090784,2.6011899,2.4358816,0.64238699,0.15,1.6562656,0.5,0.035688166,14.010246,2.4873704,32.30635,-0.0027603023,-0.19571182,0.0086061872,0.17033607,3.8979364,3.2700271
3801,4801000.0,5.4233373,1.5249306,3.8984067,-0.26278416,1.0169489,1.1839835,0.78569146,-0.61728395,0.5,2.7499152,3.9790655,3.9828228,0.28785737,-0.02747323,0.033393912,0.0019453942,2.592443,2.4202608,0.63805208,0.15,1.6670895,0.5,0.035447338,14.105432,2.4881336,32.30635,0.038671642,-0.19517147,-0.01154029,0.18503773,2.8403762,2.0126395
3802,4802000.0,5.438006,1.5320323,3.9059737,-0.25526913,1.0216849,1.1766724,0.80716674,-0.61728395,0.5,2.8537832,4.0768521,3.9584884,0.52600908,-0.026027782,-0.081753737,-0.036991252,2.6920068,2.5261644,0.64058711,0.15,1.667953,0.5,0.035588173,14.049612,2.4711463,32.30635,0.0090363458,-0.21037598,-0.018203553,0.17101157,-0.16829611,5.4162899
3803,4803000.0,5.4752342,1.546339,3.9288952,-0.24544078,1.0312258,1.197953,0.80040637,-0.61728395,0.5,2.8689745,3.9931654,4.0807392,0.53301884,-0.022629512,-0.036448393,0.11263301,2.708553,2.5354305,0.64079772,0.15,1.6930835,0.5,0.035599873,14.044994,2.4917424,32.30635,-0.011195953,-0.12363312,0.012882913,0.14692226,-3.3744462,0.0030853646
3804,4804000.0,5.4432289,1.5349137,3.9083152,-0.26827666,1.0236064,1.197683,0.78257147,-0.61728395,0.5,2.800587,4.0582128,3.9786383,0.36490982,-0.043977224,-0.17848727,0.15750592,2.6437401,2.4671182,0.64696753,0.15,1.6957871,0.5,0.035942641,13.911054,2.4912961,32.30635,-0.026069151,-0.22368715,0.0084952798,0.15548624,-6.4931963,6.6196487
3805,4805000.0,5.4660193,1.565356,3.9006633,-0.26329171,1.0439078,1.2176174,0.80339846,-0.61728395,0.5,2.433665,3.7774735,3.7461882,-0.22266671,0.050219311,-0.14895044,0.066132645,2.2726439,2.0946459,0.65149606,0.15,1.6675419,0.5,0.036194225,13.814358,2.484458,32.30635,-0.0067287393,-0.17389575,-0.021257922,0.17499408,-1.4236437,-0.94693432
3806,4806000.0,5.4570648,1.6089751,3.8480897,-0.25491142,1.0729967,1.2433289,0.83720153,-0.61728395,0.5,2.7377314,4.0322205,4.0296557,0.15131784,0.0029599584,0.14913591,0.110361,2.5699352,2.3915535,0.65421258,0.15,1.6650849,0.5,0.036345143,13.756996,2.4840066,32.30635,-0.0060823845,-0.19494672,0.0099974252,0.19257212,1.2162283,-4.9475241
3807,4807000.0,5.4453174,1.5613341,3.8839833,-0.2638834,1.0412257,1.2317559,0.77734732,-0.61728395,0.5,2.954002,4.058246,4.0946864,0.70907355,0.0085455565,0.11568771,0.00758519,2.7982021,2.6110464,0.6610939,0.15,1.6328613,0.5,0.036727439,13.6138,2.4937497,32.30635,0.014265056,-0.16912691,-0.0095540742,0.2113611,1.9813103,4.5356504
3808,4808000.0,5.4482172,1.5218576,3.9263596,-0.24456237,1.0148995,1.1860884,0.77786958,-0.61728395,0.5,2.6253122,3.9120685,3.8971112,0.066756878,3.017775e-05,0.17348399,-0.031247075,2.4694077,2.2950717,0.65842293,0.15,1.6367622,0.5,0.036579052,13.669026,2.4894613,32.30635,0.015730232,-0.27386123,-0.0058761239,0.17926291,0.41876938,2.2613912
3809,4809000.0,5.4460278,1.5530947,3.8929331,-0.25804457,1.035731,1.2044931,0.80208834,-0.61728395,0.5,2.9168621,4.0634882,4.1331684,0.55392956,0.016249176,-0.20767611,-0.081457277,2.7561035,2.5814972,0.65324575,0.15,1.6191678,0.5,0.036291431,13.777357,2.470675,32.30635,0.0097183703,-0.19263597,-0.021521144,0.18957575,-1.7103734,0.66705831
3810,4810000.0,5.4172456,1.5265387,3.8907069,-0.25502099,1.0180213,1.1910259,0.77847127,-0.61728395,0.5,3.0353358,4.1752286,4.2626163,0.66816254,-0.010757253,-0.026332332,-0.11955003,2.8793107,2.7037206,0.65166225,0.15,1.7075415,0.5,0.036203458,13.810835,2.4951555,32.30635,0.0065364338,-0.22350526,0.017925154,0.19032948,-3.6473046,1.6702257
3811,4811000.0,5.4526714,1.5527473,3.8999242,-0.25297038,1.0354993,1.2027733,0.80392367,-0.61728395,0.5,2.7641685,3.9720797,3.9597406,0.36068533,-0.014568428,-0.05313298,-0.023001502,2.6030421,2.4292825,0.63672722,0.15,1.7204173,0.5,0.035373734,14.134781,2.4784838,32.30635,0.0051222903,-0.18582347,-0.0038546166,0.17798064,0.092989488,2.6588648
3812,4812000.0,5.4462555,1.5472879,3.8989676,-0.24979886,1.0318585,1.2014317,0.79708614,-0.61728395,0.5,2.8402178,4.0254351,4.073593,0.42162541,0.031935144,-0.13003982,0.026098079,2.6804618,2.5057053,0.63093134,0.15,1.7823085,0.5,0.035051741,14.264627,2.478153,32.30635,-0.0058957728,-0.15984548,-0.025039895,0.18343182,6.6878212,7.5273761
3813,4813000.0,5.4769788,1.5608521,3.9161266,-0.24453193,1.0409043,1.1992324,0.82176044,-0.61728395,0.5,2.5008626,3.8049039,3.8139971,-0.11631306,0.011446224,0.13157887,-0.052033904,2.3361613,2.1669625,0.62660315,0.15,1.7726084,0.5,0.034811286,14.363158,2.488854,32.30635,-0.0010553972,-0.17253287,0.0043178503,0.17184053,1.050014,-2.3258259
3814,4814000.0,5.4398229,1.5075762,3.9322467,-0.26712587,1.0053756,1.1820053,0.76077977,-0.61728395,0.5,2.6703035,3.9317056,3.9478738,0.1313312,-0.031643144,-0.21995101,-0.027790894,2.5178243,2.3411999,0.62961764,0.15,1.6928048,0.5,0.034978758,14.29439,2.4860703,32.30635,-0.0094375387,-0.18998838,0.027180679,0.16068205,-0.13347722,-2.8205828
3815,4815000.0,5.4520709,1.5466225,3.9054485,-0.23586026,1.0314148,1.198343,0.80031631,-0.61728395,0.5,2.7043096,3.9975677,3.9590923,0.15626883,0.074339901,-0.54788936,-0.0072523132,2.5439062,2.3706571,0.64046109,0.15,1.7656741,0.5,0.035581172,14.052376,2.4881239,32.30635,-0.0095198361,-0.20085815,-0.030633777,0.19402741,1.1166303,-4.0632063
3816,4816000.0,5.4744701,1.5577386,3.9167315,-0.26392767,1.038828,1.1994897,0.81644058,-0.61728395,0.5,2.6400135,3.855078,3.9702007,0.094761848,-0.013144255,-0.045623244,0.049707639,2.4763784,2.3060417,0.64933007,0.15,1.7559358,0.5,0.036073893,13.860439,2.4740783,32.30635,-0.015120465,-0.18569227,0.003023179,0.16932148,-1.3836012,-0.53718335
3817,4817000.0,5.4781726,1.5357936,3.942379,-0.25474791,1.0241932,1.1837017,0.80339668,-0.61728395,0.5,2.9526623,4.1694461,4.0924676,0.59607328,-0.013609421,-0.19316225,0.093520062,2.7916415,2.6230863,0.66141545,0.15,1.7319559,0.5,0.036745303,13.607181,2.4727509,32.30635,0.018580271,-0.22346674,0.0052219438,0.15284746,2.4931103,3.3435922
3818,4818000.0,5.4770049,1.5467917,3.9302132,-0.2596337,1.0315276,1.2091492,0.78557418,-0.61728395,0.5,2.8243925,4.027516,4.0483482,0.3973134,-0.049098626,-0.099722101,-0.13668404,2.6669438,2.4877312,0.66763081,0.15,1.7655347,0.5,0.0370906,13.480504,2.4922403,32.30635,-0.0010502094,-0.1474409,0.013952281,0.15421564,4.1339109,-0.65273192
3819,4819000.0,5.4652889,1.5261607,3.9391282,-0.26958774,1.0177692,1.1848082,0.78650642,-0.61728395,0.5,2.8402904,4.0391906,4.0320888,0.44959182,0.042039726,-0.13025609,-0.0061894448,2.6826549,2.5104064,0.65866155,0.15,1.7396205,0.5,0.036592308,13.664074,2.4927636,32.30635,0.015125322,-0.18520859,0.0026817473,0.1783115,-1.9227515,1.8667841
3820,4820000.0,5.4898527,1.5353114,3.9545413,-0.24905739,1.0238716,1.1914244,0.79189975,-0.61728395,0.5,2.7900023,4.0192211,4.0225986,0.32818723,0.052401322,-0.068911592,-0.0068429565,2.6312858,2.4582761,0.65263875,0.15,1.7251823,0.5,0.036257708,13.790171,2.4964026,32.30635,-0.041202555,-0.20492538,-0.0039516117,0.16595434,0.12176596,3.5962937
3821,4821000.0,5.4660739,1.5223955,3.9436783,-0.25414187,1.0152583,1.1596551,0.81544778,-0.61728395,0.5,2.6472029,3.9098038,3.8647533,0.16705155,0.083912798,0.02301794,0.024664798,2.4837667,2.3243221,0.64138908,0.15,1.6707447,0.5,0.035632726,14.032044,2.4870673,32.30635,-0.0036467289,-0.1972529,0.008107696,0.24584239,1.7661324,3.5584575
3822,4822000.0,5.4642724,1.5184775,3.9457948,-0.23157121,1.0126454,1.1807539,0.77989298,-0.61728395,0.5,2.2975967,3.6802171,3.5814479,-0.36887495,-0.045527892,-0.070716935,-0.015551986,2.1412867,1.9688415,0.63471009,0.15,1.6609359,0.5,0.035261672,14.179702,2.4941652,32.30635,-0.0035630922,-0.21678044,-0.003919467,0.19377667,0.94753814,-4.9501913
3823,4823000.0,5.4565109,1.5458269,3.910684,-0.25883206,1.0308843,1.1792407,0.82558515,-0.61728395,0.5,2.9127978,4.0443305,4.1244065,0.56965652,-0.042330459,0.27188893,0.12511847,2.7473299,2.5844639,0.62869147,0.15,1.6226127,0.5,0.034927304,14.315448,2.4749916,32.30635,-0.0060162371,-0.18085849,0.010953739,0.18867016,-1.6751696,-1.8290843
3824,4824000.0,5.4346695,1.5323128,3.9023567,-0.25261372,1.0218719,1.1811275,0.80142495,-0.61728395,0.5,2.7831644,3.9393192,4.0197491,0.39042489,0.0097869914,0.26597207,0.038101222,2.6225388,2.4543052,0.63286901,0.15,1.6379711,0.5,0.035159389,14.220952,2.4773114,32.30635,-0.0029341069,-0.17949729,0.031444787,0.17346581,-0.48607756,1.4064681
3825,4825000.0,5.4015064,1.5072719,3.8942345,-0.24095429,1.0051726,1.1785458,0.76510058,-0.61728395,0.5,2.7234908,3.8899648,4.0030007,0.27750679,-0.0063493735,0.026362046,-0.10906804,2.5701455,2.3953504,0.64094511,0.15,1.725577,0.5,0.035608062,14.041764,2.4884231,32.30635,-0.020547556,-0.18769226,0.013072517,0.18000237,-2.7598003,6.002152
3826,4826000.0,5.4455359,1.5565096,3.8890263,-0.24943877,1.0380083,1.2207621,0.78493043,-0.61728395,0.5,2.8042342,3.9582714,4.0738596,0.38057161,-0.0022522336,-0.082814141,-0.082878318,2.6469145,2.4643396,0.65189126,0.15,1.7888144,0.5,0.036216181,13.805984,2.4815989,32.30635,-0.018406682,-0.17984573,-0.0025207337,0.23053929,-4.2312164,-5.9251588
3827,4827000.0,5.4157448,1.515803,3.8999418,-0.25229949,1.0108618,1.192047,0.75994193,-0.61728395,0.5,2.8704879,4.0307018,4.172452,0.40830981,-0.0058294357,-0.041805426,0.022916864,2.7181765,2.5385884,0.65974248,0.15,1.7791628,0.5,0.03665236,13.641686,2.4764317,32.30635,0.0071268127,-0.18604181,0.0064206106,0.13907688,1.9106834,4.8371648
3828,4828000.0,5.4301516,1.5387008,3.8914507,-0.26914281,1.026132,1.1940844,0.79360674,-0.61728395,0.5,3.0083361,4.1446749,4.1534675,0.72686606,-0.0038543944,-0.36433397,-0.070405882,2.8492775,2.6758693,0.66416303,0.15,1.7772425,0.5,0.036897946,13.55089,2.4764722,32.30635,0.016866124,-0.17823604,-0.0012634452,0.18598371,4.5073055,8.9276627
3829,4829000.0,5.4750641,1.5334711,3.941593,-0.26763119,1.0226444,1.1897825,0.79124756,-0.61728395,0.5,2.8822918,4.0314027,4.0912634,0.52420916,-0.0041084257,-0.0086036476,-0.026163939,2.723706,2.5510227,0.66238892,0.15,1.7448579,0.5,0.036799384,13.587184,2.4727472,32.30635,-0.006015942,-0.14137963,-0.021439857,0.12963134,1.9490652,2.7289513
3830,4830000.0,5.4503784,1.553538,3.8968404,-0.25457698,1.0360267,1.2165542,0.7860398,-0.61728395,0.5,3.0000671,4.1471617,4.2369881,0.61605153,0.0071370944,-0.089768124,-0.095273647,2.8425251,2.6613441,0.65638892,0.15,1.6827506,0.5,0.036466051,13.711383,2.491937,32.30635,-0.0033627553,-0.15130899,0.012835213,0.20405511,1.2215439,2.5476872
3831,4831000.0,5.4838012,1.5750841,3.9087171,-0.25131757,1.0503954,1.2119414,0.8267885,-0.61728395,0.5,2.669065,3.8564159,3.9011187,0.24966031,0.066553907,-0.24214243,-0.012063639,2.5033559,2.3316263,0.6465274,0.15,1.7115736,0.5,0.035918189,13.920524,2.4787089,32.30635,-0.0066402241,-0.24851133,-0.005147532,0.17819095,0.032822718,-0.79472357
3832,4832000.0,5.5221488,1.553076,3.9690728,-0.25428013,1.0357185,1.2177893,0.78358756,-0.61728395,0.5,2.4733585,3.6136329,3.7812076,0.025235054,-0.019185614,0.10682471,-0.078097038,2.316308,2.1342916,0.63918252,0.15,1.7377536,0.5,0.03551014,14.080485,2.483822,32.30635,-0.0026975137,-0.15368324,-0.015107329,0.21287901,-0.17908145,-0.58191717
3833,4833000.0,5.4698489,1.5654571,3.9043918,-0.26926416,1.0439753,1.219187,0.80137922,-0.61728395,0.5,2.5540192,3.8049957,3.7949705,0.062091421,-0.0052378549,0.014020241,0.044959082,2.3934028,2.2145632,0.6318612,0.15,1.6848435,0.5,0.0351034,14.243634,2.4839153,32.30635,-0.037291132,-0.19510151,-0.021432032,0.22050823,-2.0576422,0.074062183
3834,4834000.0,5.4607339,1.5574291,3.9033049,-0.23512514,1.0386215,1.2223216,0.78422941,-0.61728395,0.5,2.9355662,4.2065889,4.0990199,0.50108981,-0.026652408,0.047767072,0.06885162,2.778387,2.5952374,0.63119219,0.15,1.6787191,0.5,0.035066233,14.258732,2.4748107,32.30635,-0.016739325,-0.1967133,-0.0024298523,0.22814135,1.7375542,-1.5317934
3835,4835000.0,5.4707571,1.5164046,3.9543525,-0.25536731,1.011263,1.1772619,0.78144014,-0.61728395,0.5,2.7805654,3.9603031,4.0152097,0.36618346,-0.0057628665,-0.11459722,-0.073364076,2.6239453,2.4527825,0.63559722,0.15,1.721138,0.5,0.035310957,14.159911,2.4842288,32.30635,0.0050683666,-0.18508722,0.028385281,0.21375983,2.6852511,-0.57493978
3836,4836000.0,5.5149268,1.5404623,3.9744645,-0.24442865,1.0273067,1.2036668,0.78310241,-0.61728395,0.5,2.7349038,3.9766422,3.9609523,0.26711683,0.006607973,-0.091018438,0.092981715,2.5779505,2.3997689,0.64028411,0.15,1.6833132,0.5,0.035571339,14.05626,2.4802145,32.30635,0.0055528962,-0.1518675,0.012244324,0.2034884,2.5607996,0.89563264
3837,4837000.0,5.440975,1.5589045,3.8820704,-0.26229039,1.0396055,1.2302977,0.77550063,-0.61728395,0.5,2.690149,3.9614584,3.8773134,0.23167515,-0.0037285129,0.055780268,0.065632827,2.5347193,2.3475993,0.64885925,0.15,1.6602405,0.5,0.036047736,13.870497,2.484154,32.30635,0.019878872,-0.17897782,-0.025439849,0.19700201,-4.8090191,-4.142474
3838,4838000.0,5.4608677,1.556557,3.9043107,-0.26139076,1.0380399,1.2043398,0.80781949,-0.61728395,0.5,2.8170262,4.0119857,4.0504754,0.38861746,0.014122173,0.26043856,0.054260729,2.6551189,2.4817039,0.6570132,0.15,1.7057532,0.5,0.036500733,13.698355,2.489063,32.30635,0.018206065,-0.15179086,-0.027854738,0.18259243,-2.9346203,3.1084017
3839,4839000.0,5.4756685,1.5704295,3.9052391,-0.23829993,1.0472913,1.230214,0.79398575,-0.61728395,0.5,2.9807545,4.202456,4.1849468,0.55486078,-0.0021831355,-0.063472875,0.0088895349,2.8216199,2.6382282,0.65673379,0.15,1.7132416,0.5,0.036485211,13.704183,2.4861114,32.30635,0.0046580596,-0.19428272,-0.021075288,0.21015741,-4.5226497,9.1062819
3840,4840000.0,5.4654682,1.5275133,3.9379549,-0.24881665,1.0186712,1.1900499,0.7813805,-0.61728395,0.5,2.5273352,3.8265819,3.7760295,-0.020605825,0.072440231,-0.0019800912,0.1883844,2.370727,2.1959917,0.65208711,0.15,1.7406129,0.5,0.036227062,13.801837,2.4777015,32.30635,0.0011696833,-0.16833884,0.015645751,0.17024139,0.77510202,-2.9373416
3841,4841000.0,5.4643186,1.5583699,3.9059487,-0.2721165,1.0392489,1.1985066,0.81881235,-0.61728395,0.5,2.6389004,3.901312,3.8989081,0.11648094,-0.0082722429,0.009548832,0.013802713,2.4747899,2.3052023,0.65021226,0.15,1.7369966,0.5,0.036122903,13.841634,2.4912327,32.30635,-0.027621354,-0.19590149,0.0024405075,0.19171371,2.8563749,-1.7211352
3842,4842000.0,5.4429072,1.5471886,3.8957186,-0.25379845,1.0317923,1.208881,0.78657946,-0.61728395,0.5,3.0718205,4.246736,4.2098742,0.75885134,-0.02366696,-0.34218455,-0.019992431,2.9141703,2.7352339,0.64172207,0.15,1.6762586,0.5,0.035651226,14.024763,2.4966185,32.30635,0.0024195357,-0.19817741,0.020903914,0.21031041,2.9323935,0.67441566
3843,4843000.0,5.4484041,1.5452622,3.9031419,-0.24891632,1.0305076,1.2048172,0.7891544,-0.61728395,0.5,2.8281898,3.9922852,4.1145624,0.37772182,0.029433127,-0.32194628,0.099937928,2.6700236,2.4927347,0.63363842,0.15,1.6489001,0.5,0.035202134,14.203684,2.4880621,32.30635,-0.0095702003,-0.27501344,-0.017443051,0.19089032,0.65681205,5.6645616
3844,4844000.0,5.419527,1.5498652,3.8696618,-0.25061276,1.0335773,1.2068057,0.79372835,-0.61728395,0.5,2.7108675,3.9678914,3.9009547,0.26375626,-0.018598567,-0.080593023,0.15902033,2.5517845,2.3748587,0.62754647,0.15,1.6037045,0.5,0.034863693,14.341567,2.4901769,32.30635,0.0050940589,-0.18836623,0.0016308504,0.1628867,-1.1627577,2.2420522
3845,4845000.0,5.4477319,1.5544931,3.8932388,-0.24918474,1.0366636,1.2023812,0.80725097,-0.61728395,0.5,3.0888451,4.2007836,4.255835,0.80991661,0.043796883,-0.34999256,-0.022749677,2.9270518,2.7540682,0.62840565,0.15,1.6312702,0.5,0.034911425,14.321959,2.4674844,32.30635,-0.019095294,-0.11796735,-0.021401222,0.23167247,2.5868584,0.90167884
3846,4846000.0,5.4782956,1.538641,3.9396546,-0.24566168,1.0260921,1.1892642,0.80020747,-0.61728395,0.5,2.6959242,3.8934338,3.9832492,0.21108946,0.010892345,-0.010861871,-0.042363097,2.5355426,2.3647994,0.63906403,0.15,1.6349308,0.5,0.035503557,14.083096,2.4946195,32.30635,-0.0070057098,-0.13838897,0.013117848,0.18450319,3.3293983,-0.6308016
3847,4847000.0,5.4732544,1.5389764,3.9342781,-0.2542498,1.0263158,1.1892996,0.80069288,-0.61728395,0.5,2.6617283,3.9362184,3.8960165,0.15294998,-0.014398355,-0.017677396,-0.17424832,2.5012494,2.3305937,0.65015991,0.15,1.6322899,0.5,0.036119995,13.842748,2.4850896,32.30635,0.0068209162,-0.23683028,-0.013551072,0.18778273,2.5698865,-0.23350551
3848,4848000.0,5.4833687,1.5315351,3.9518336,-0.2448609,1.0213533,1.1899098,0.78798513,-0.61728395,0.5,2.8477501,4.0110901,4.0541235,0.47803661,-0.01395224,0.022643081,-0.02466211,2.6898182,2.5164456,0.64955921,0.15,1.6803298,0.5,0.036086623,13.85555,2.4605261,32.30635,0.013418965,-0.17972117,-0.012352088,0.20638939,0.50543052,0.15759514
3849,4849000.0,5.467677,1.5283534,3.9393236,-0.24425776,1.0192315,1.1825079,0.79319668,-0.61728395,0.5,2.7413722,4.0152333,4.0211146,0.18776865,-0.061632458,0.051947602,0.099492812,2.5823958,2.4121286,0.65266635,0.15,1.6880414,0.5,0.036259241,13.789588,2.4938296,32.30635,0.0062999345,-0.20340987,0.024003797,0.15728883,-3.3327714,-0.23427228
3850,4850000.0,5.4899285,1.5654799,3.9244485,-0.25154375,1.0439905,1.2149849,0.80725305,-0.61728395,0.5,2.5230513,3.7741242,3.8051672,-0.010137531,-0.014059476,-0.041828303,0.022725649,2.3612576,2.1847652,0.64652985,0.15,1.6379847,0.5,0.035918325,13.920471,2.4785271,32.30635,-0.012042153,-0.2064222,-0.010892365,0.15908293,-2.3843672,-3.7971421
3851,4851000.0,5.4725658,1.5440313,3.9285345,-0.24988341,1.0296868,1.2092126,0.78108655,-0.61728395,0.5,2.7819442,3.9789523,3.9986023,0.36827795,0.0035966008,0.18491472,0.18061379,2.6253949,2.4452652,0.64569491,0.15,1.6613931,0.5,0.035871939,13.938471,2.4991945,32.30635,-0.015725999,-0.16982077,0.0091362934,0.19829746,-6.4556491,7.096667
3852,4852000.0,5.4537952,1.5279992,3.925796,-0.26465871,1.0189953,1.1854635,0.78852632,-0.61728395,0.5,2.4142887,3.6862093,3.7227617,-0.16610477,0.00091080383,0.13564953,0.15098916,2.2562484,2.0842222,0.63976069,0.15,1.7019386,0.5,0.03554226,14.06776,2.4761634,32.30635,-0.0051366179,-0.21499497,-0.014512293,0.19137967,-1.7884821,-5.1048082
3853,4853000.0,5.4654457,1.520479,3.9449668,-0.24361404,1.0139802,1.1842394,0.77824088,-0.61728395,0.5,2.7975209,3.9813643,3.9810609,0.43013763,-0.027303726,-0.26085676,-0.090932028,2.641542,2.4677953,0.64380938,0.15,1.7111755,0.5,0.035767188,13.979293,2.4770286,32.30635,0.0064490095,-0.19604727,-0.016623154,0.19884526,-0.82849259,1.394323
3854,4854000.0,5.5122695,1.6023854,3.9098841,-0.2681854,1.0686021,1.234847,0.83848156,-0.61728395,0.5,2.7387742,3.9486241,4.0126316,0.2550669,0.0094035072,-0.2456539,0.025388193,2.5707216,2.3949579,0.64597261,0.15,1.6921963,0.5,0.035887367,13.932479,2.4728293,32.30635,0.037352332,-0.24862604,0.0050097929,0.19867726,2.9456569,0.8190478
3855,4855000.0,5.5081228,1.5553917,3.9527311,-0.24721008,1.0372628,1.2160518,0.78969214,-0.61728395,0.5,2.4771143,3.7245963,3.7746561,-0.067909511,0.0082692365,0.20217258,0.015622884,2.3188403,2.1385312,0.65223012,0.15,1.6567904,0.5,0.036235007,13.798811,2.4863412,32.30635,-0.059758843,-0.31433579,0.022265597,0.21674156,-0.21343179,-1.0212762
3856,4856000.0,5.5381646,1.5533036,3.984861,-0.24072522,1.0358703,1.1949249,0.8157133,-0.61728395,0.5,2.9895425,4.1321258,4.1152498,0.72125179,-0.002407008,-0.22943037,0.012080118,2.8260531,2.6568416,0.64936956,0.15,1.667699,0.5,0.036076087,13.859596,2.4845034,32.30635,-0.017649688,-0.16623712,-0.00078153571,0.18373532,1.2631792,5.372663
3857,4857000.0,5.5410199,1.5752728,3.9657471,-0.25319475,1.0505212,1.2234982,0.81103453,-0.61728395,0.5,2.6933147,3.9275937,3.9375396,0.21481082,-0.024627125,0.031908045,0.12013821,2.5307631,2.3526583,0.64330938,0.15,1.7098502,0.5,0.03573941,13.990158,2.4786037,32.30635,-0.00066751969,-0.15114389,-0.0032815156,0.15596386,-1.2568702,-3.8690688
3858,4858000.0,5.4995793,1.5729905,3.9265888,-0.2424204,1.0489991,1.2299559,0.79842595,-0.61728395,0.5,3.1603591,4.2530924,4.3159395,0.91204546,0.02847927,-0.093810992,0.12344279,3.0003346,2.8179047,0.64269391,0.15,1.7524216,0.5,0.035705217,14.003556,2.4821035,32.30635,0.0034767667,-0.13431457,0.011913503,0.15490979,-0.87596008,5.5081554
3859,4859000.0,5.4880384,1.5481175,3.9399209,-0.27426576,1.0324118,1.1998515,0.80060367,-0.61728395,0.5,2.6631562,3.8514879,3.9549541,0.18302672,-0.073265074,-0.019664078,0.10450777,2.5026952,2.3290837,0.64238223,0.15,1.7224415,0.5,0.035687902,14.01035,2.4725414,32.30635,0.017635124,-0.16215045,0.0040817563,0.2678353,-1.6101543,2.6764217
3860,4860000.0,5.4783256,1.5699161,3.9084095,-0.25536081,1.0469489,1.2298415,0.79368493,-0.61728395,0.5,2.699283,3.9814535,3.9639656,0.1524298,-0.033380006,-0.3141924,-0.12147201,2.5402087,2.3568603,0.63896974,0.15,1.6921266,0.5,0.035498319,14.085174,2.4801523,32.30635,0.011105294,-0.17340784,-0.0079074102,0.12210295,-1.2899138,-1.0691059
3861,4861000.0,5.5073818,1.5722291,3.9351527,-0.24484966,1.0484914,1.2161773,0.81635365,-0.61728395,0.5,2.8060188,4.1067909,4.0204051,0.29086025,-0.0077597669,-0.0082849125,0.0055432586,2.6424011,2.4674007,0.63702469,0.15,1.7212312,0.5,0.035390261,14.128181,2.4775162,32.30635,0.0017034794,-0.14954684,0.010047409,0.17187384,1.9280522,0.017030463
3862,4862000.0,5.511562,1.5250098,3.9865522,-0.2592818,1.0170017,1.1511476,0.83143289,-0.61728395,0.5,2.9478167,4.0882032,4.0805028,0.67474396,-0.013321899,0.12604487,0.041808649,2.7811767,2.6273046,0.63541041,0.15,1.6894652,0.5,0.035300578,14.164074,2.4839717,32.30635,0.032385815,-0.20867207,-0.01868052,0.20535794,1.407305,2.2243705
3863,4863000.0,5.4899956,1.5626593,3.9273363,-0.25582699,1.0421095,1.2054976,0.81593713,-0.61728395,0.5,2.7183219,3.8838307,3.9229314,0.34820355,0.0084668905,0.030665355,-0.026630212,2.5547877,2.3826773,0.64249836,0.15,1.7172023,0.5,0.035694354,14.007818,2.4961812,32.30635,0.0052700622,-0.18659068,-0.004249879,0.17198249,1.2582378,-3.3492837
3864,4864000.0,5.4767607,1.5768811,3.8998796,-0.26950155,1.0515937,1.2239931,0.81291039,-0.61728395,0.5,2.4295049,3.6752318,3.7734011,-0.16011822,0.021934759,-0.1052553,0.055532552,2.2665773,2.0887106,0.64630786,0.15,1.6558225,0.5,0.035905992,13.925252,2.4764642,32.30635,0.014862039,-0.2089683,0.014981077,0.17108628,-0.38457237,-6.742939
3865,4865000.0,5.4550134,1.5253329,3.9296805,-0.24936266,1.0172171,1.1842256,0.78599634,-0.61728395,0.5,2.6788497,3.850289,3.9450606,0.24119944,-0.051517753,-0.035672814,0.017435947,2.5213164,2.3491278,0.65451237,0.15,1.6372767,0.5,0.036361798,13.750695,2.4739805,32.30635,-0.021516418,-0.16701165,-0.014053181,0.17851384,-4.5049035,-0.84748873
3866,4866000.0,5.4629862,1.5745198,3.8884664,-0.24483937,1.050019,1.212372,0.82529087,-0.61728395,0.5,2.7151278,3.9930518,3.9644642,0.18786739,-0.1104869,-0.5842544,0.0088373896,2.5497189,2.3775692,0.65546851,0.15,1.6398256,0.5,0.036414917,13.730637,2.488139,32.30635,-0.0028416511,-0.21440418,0.0071990067,0.17138697,2.1453336,-2.1223257
3867,4867000.0,5.4669181,1.5343464,3.9325717,-0.2424733,1.0232281,1.177677,0.80945952,-0.61728395,0.5,2.7658299,4.0072843,3.9697588,0.32044668,0.036049425,-0.28229718,0.045858522,2.603594,2.4379314,0.65891562,0.15,1.677134,0.5,0.036606423,13.658805,2.47737,32.30635,-0.0044458218,-0.16347501,-0.0027767767,0.21153445,4.9323565,7.9265069
3868,4868000.0,5.4865461,1.5396408,3.9469053,-0.25379691,1.0267588,1.1868613,0.80513907,-0.61728395,0.5,2.671935,3.868472,3.8977787,0.24955441,0.015491536,0.016359629,-0.050491926,2.510565,2.3414793,0.64968404,0.15,1.6857505,0.5,0.036093558,13.852888,2.4790218,32.30635,-0.010792952,-0.20139822,-0.0013943568,0.16155485,1.56584,-8.9829695
3869,4869000.0,5.4628559,1.5297225,3.9331335,-0.24087068,1.0201445,1.1823758,0.79556226,-0.61728395,0.5,2.5676485,3.8889281,3.837708,-0.023690662,-0.021808807,-0.038088341,-0.12884427,2.4081979,2.2384417,0.64619965,0.15,1.7264345,0.5,0.03589998,13.927584,2.4878857,32.30635,-0.0016465699,-0.20354591,-0.030960302,0.18745378,2.4462093,-10.509454
3870,4870000.0,5.4966955,1.59916,3.8975355,-0.23933412,1.0664511,1.2269968,0.8442463,-0.61728395,0.5,2.7307499,4.0439554,3.9401724,0.20812204,0.061869002,0.11132286,0.030068216,2.5615419,2.3891194,0.63289526,0.15,1.6894269,0.5,0.035160848,14.220362,2.4911241,32.30635,-0.030173066,-0.14383533,-0.04527007,0.19821155,1.7639718,3.4508868
3871,4871000.0,5.4686063,1.5528824,3.9157239,-0.25089785,1.0355894,1.2250873,0.7731407,-0.61728395,0.5,2.8177637,4.0491004,4.0304754,0.37371539,0.024322338,-0.031977297,-0.0090373276,2.662807,2.4766648,0.63562408,0.15,1.7239264,0.5,0.035312449,14.159313,2.4779237,32.30635,-0.015878078,-0.17425639,-0.034832053,0.17699708,-2.9163809,1.1517795
3872,4872000.0,5.4879512,1.5416067,3.9463445,-0.2554702,1.0280699,1.1807595,0.81674901,-0.61728395,0.5,2.7339594,3.9998323,3.9353969,0.26664915,0.081257465,-0.20007981,-0.11033612,2.5702625,2.4052027,0.63656106,0.15,1.6868811,0.5,0.035364503,14.138471,2.4723722,32.30635,-0.016169183,-0.19881912,-0.010263915,0.13286739,-6.7488586,2.5789674
3873,4873000.0,5.4762482,1.5750367,3.9012115,-0.26308678,1.0503637,1.2188307,0.81714232,-0.61728395,0.5,2.5730314,3.8253113,3.8631513,0.030631686,0.0039854504,0.0025673345,-0.017916873,2.4092557,2.2336745,0.63974795,0.15,1.6495556,0.5,0.035541553,14.06804,2.4761207,32.30635,0.0079287627,-0.20755842,-0.014781832,0.15198711,-2.8299494,-5.9433273
3874,4874000.0,5.4121535,1.5329366,3.8792169,-0.26704907,1.0222879,1.20298,0.77206184,-0.61728395,0.5,2.6090288,3.9004505,3.8370583,0.089577599,-0.01087427,0.18323645,-0.04852351,2.4542883,2.2740852,0.65018117,0.15,1.6376751,0.5,0.036121176,13.842296,2.4853336,32.30635,-0.0082379934,-0.21292064,0.012159553,0.19362773,0.26839223,-4.5968638
3875,4875000.0,5.4761185,1.5259835,3.950135,-0.26567461,1.017651,1.1815889,0.79069606,-0.61728395,0.5,2.8900923,4.1130994,4.0642127,0.49296477,-0.014211246,0.18226195,-0.079647946,2.731617,2.5611046,0.64861966,0.15,1.635026,0.5,0.036034426,13.87562,2.4815839,32.30635,0.0022726036,-0.17896384,0.0050389219,0.18386994,-1.7920498,5.4324925
3876,4876000.0,5.4737887,1.5577641,3.9160246,-0.27864182,1.0388449,1.2021564,0.81277657,-0.61728395,0.5,2.7252775,3.8803001,3.9850711,0.31046143,-0.0062111518,0.0058621434,0.050475067,2.5623768,2.3905632,0.65526946,0.15,1.6870345,0.5,0.036403859,13.734808,2.4754304,32.30635,-0.0095019471,-0.23063509,-0.024320297,0.18235477,-0.69636392,6.0473887
3877,4877000.0,5.4605549,1.5747942,3.8857607,-0.25203472,1.050202,1.1962649,0.8481041,-0.61728395,0.5,2.6971152,3.9601084,3.9419501,0.18928703,-0.029824747,-0.25167105,-0.097545792,2.5271339,2.3640412,0.65589743,0.15,1.6881201,0.5,0.036438746,13.721658,2.4899231,32.30635,0.054605125,-0.18883503,0.0072505552,0.12195976,-0.37902447,0.30807903
3878,4878000.0,5.4537043,1.5431453,3.910559,-0.28215875,1.0290959,1.185611,0.81246151,-0.61728395,0.5,2.8355421,3.9500445,4.0623114,0.4942703,-0.022839971,-0.1399091,0.015203878,2.6727045,2.5054345,0.6559286,0.15,1.7149068,0.5,0.036440478,13.721006,2.4820949,32.30635,-0.035490069,-0.19161778,-0.002568904,0.20103752,2.6349961,-2.8219012
3879,4879000.0,5.4946634,1.5573019,3.9373615,-0.24913314,1.0385367,1.1848658,0.83605996,-0.61728395,0.5,2.7196544,3.9623495,3.9578683,0.23874552,-0.012358672,-0.29676087,0.039229647,2.5520871,2.3897544,0.65131874,0.15,1.7611473,0.5,0.036184375,13.818119,2.5153686,32.30635,0.017597966,-0.21385728,-0.0060721865,0.16702103,2.570287,3.2778168
3880,4880000.0,5.4269623,1.5631436,3.8638187,-0.25913265,1.0424324,1.2234202,0.79181116,-0.61728395,0.5,2.7944431,4.0348008,4.0249968,0.32353168,-0.055017189,-0.20305609,-0.06781538,2.6357443,2.4538084,0.6496817,0.15,1.7798991,0.5,0.036093428,13.852938,2.4946187,32.30635,0.014698177,-0.17746277,-0.010220553,0.20397284,0.354661,-2.7371486
3881,4881000.0,5.4960438,1.5525631,3.9434807,-0.25253689,1.0353765,1.1794665,0.83600779,-0.61728395,0.5,2.7981947,3.9701253,4.0205017,0.40395695,-0.0094802695,-0.0056026423,-0.0063348144,2.6306378,2.4697979,0.64497985,0.15,1.7671115,0.5,0.035832214,13.953924,2.4680287,32.30635,-0.030266181,-0.21608305,-0.0046787182,0.20228532,1.5218295,-2.215022
3882,4882000.0,5.4446039,1.5331363,3.9114675,-0.24283728,1.0224211,1.1856205,0.79649586,-0.61728395,0.5,2.693846,3.9460501,4.0143577,0.1211303,0.036230479,0.12935527,-0.070001652,2.5342083,2.3637358,0.64427748,0.15,1.7064261,0.5,0.035793194,13.969136,2.4897168,32.30635,0.0051216412,-0.16863313,-0.002616389,0.22718459,0.41539785,3.4798513
3883,4883000.0,5.4379013,1.5497451,3.8881562,-0.25835015,1.0334972,1.1982849,0.80537403,-0.61728395,0.5,2.6203002,3.9143564,3.8737544,0.072789938,-0.017483507,-0.049316856,-0.0029388916,2.4588832,2.2866639,0.64103518,0.15,1.7160315,0.5,0.035613065,14.039791,2.4755443,32.30635,-0.032522348,-0.20792146,0.0014877465,0.16271054,-0.88687502,-2.973902
3884,4884000.0,5.4800621,1.5530205,3.9270416,-0.24026899,1.0356815,1.1923328,0.81886298,-0.61728395,0.5,2.834654,4.0810914,4.0045599,0.41831058,-0.011526321,0.22984169,0.039241938,2.6705334,2.5026748,0.63722459,0.15,1.7620816,0.5,0.035401366,14.123749,2.4761855,32.30635,-0.035850477,-0.18761376,-0.0083856741,0.15955468,0.46305704,0.73037769
3885,4885000.0,5.4869231,1.5699942,3.9169289,-0.25068939,1.047001,1.2146678,0.8148885,-0.61728395,0.5,2.7306466,3.9528852,3.9773032,0.26175146,-0.035564727,-0.054598901,0.030486743,2.5673226,2.3924488,0.64191169,0.15,1.7667511,0.5,0.035661761,14.02062,2.4848133,32.30635,0.040675649,-0.21103055,0.020501373,0.22039844,0.82550321,2.9234266
3886,4886000.0,5.4790624,1.5447519,3.9343105,-0.24592262,1.0301674,1.2080079,0.78390868,-0.61728395,0.5,2.7296134,3.906113,4.0093367,0.2733905,0.056975572,-0.14719963,0.15456054,2.5724985,2.3932699,0.64926454,0.15,1.7444216,0.5,0.036070252,13.861838,2.4813033,32.30635,-0.020689058,-0.20236929,-0.013383396,0.16621325,1.7257419,5.6087166
3887,4887000.0,5.4853567,1.5486308,3.9367259,-0.25394093,1.0327541,1.200106,0.80106805,-0.61728395,0.5,2.7880664,4.0676422,3.992041,0.30451609,0.053535644,-0.4163584,0.013602869,2.6275124,2.453923,0.64913335,0.15,1.7251085,0.5,0.036062964,13.86464,2.461279,32.30635,0.031203015,-0.22345104,-0.033669028,0.23883618,0.79968292,2.9374287
3888,4888000.0,5.500476,1.5717252,3.9287508,-0.25680138,1.0481554,1.2091862,0.8252625,-0.61728395,0.5,2.6150185,3.7990018,3.89475,0.15130361,0.015503264,-0.29244268,0.075049963,2.4496153,2.2783469,0.64840306,0.15,1.6892076,0.5,0.036022392,13.880255,2.4690973,32.30635,-0.017467372,-0.16655396,0.012130277,0.18240777,3.2692578,10.074506
3889,4889000.0,5.4707339,1.5466385,3.9240954,-0.25379647,1.0314255,1.2130183,0.77995513,-0.61728395,0.5,2.8462696,4.0435233,4.0580267,0.43725876,-0.020177499,-0.05950771,-0.0093878507,2.6899471,2.508531,0.64746426,0.15,1.6685833,0.5,0.035970237,13.900381,2.4973047,32.30635,0.0082191147,-0.21432826,0.0026255381,0.13769999,-0.41209692,-0.57818539
3890,4890000.0,5.4509339,1.5561234,3.8948105,-0.26141647,1.0377508,1.2061253,0.80464809,-0.61728395,0.5,2.9049518,4.0624912,4.1025216,0.5498424,-0.022774337,-0.071491951,0.076757773,2.7436802,2.5691324,0.64724508,0.15,1.6448447,0.5,0.03595806,13.905088,2.4819566,32.30635,-0.0026456039,-0.20950983,0.0091086416,0.21907484,0.79084786,-1.6106632
3891,4891000.0,5.4728813,1.5596796,3.9132017,-0.26312112,1.0401224,1.2079212,0.80782117,-0.61728395,0.5,2.7642715,4.0527622,3.9467475,0.29330467,0.0035327613,-0.10533326,0.015615563,2.6023639,2.4279521,0.64451419,0.15,1.6317384,0.5,0.035806344,13.964006,2.4871974,32.30635,-0.0093861581,-0.1365724,0.002595934,0.13579637,0.25617796,4.4755248
3892,4892000.0,5.4413717,1.5750982,3.8662735,-0.23421287,1.0504047,1.2116445,0.82722332,-0.61728395,0.5,2.7758047,4.0639376,4.0355294,0.22794718,-0.0054880743,0.15817672,-0.053528625,2.6100085,2.4384487,0.64657451,0.15,1.6435546,0.5,0.035920806,13.919509,2.4802329,32.30635,-0.0012203443,-0.18062905,0.0033599937,0.14602962,-0.59533991,1.3909293
3893,4893000.0,5.4299145,1.5397851,3.8901294,-0.26694136,1.0268551,1.1910305,0.79957728,-0.61728395,0.5,2.9211563,4.1141271,4.1132251,0.53611655,-0.051561645,-0.10760877,0.010619909,2.760901,2.5895397,0.6479765,0.15,1.6370341,0.5,0.035998694,13.889393,2.4937674,32.30635,0.0053320517,-0.17290673,0.0040902931,0.18021639,2.1637603,2.7335387
3894,4894000.0,5.3976866,1.5419949,3.8556916,-0.27721428,1.0283288,1.1896382,0.80503355,-0.61728395,0.5,2.6421383,3.8584649,3.9605941,0.10735606,-0.0089937428,0.077174312,-0.06967513,2.4807895,2.3109095,0.6507377,0.15,1.6487986,0.5,0.036152094,13.830457,2.4759241,32.30635,-0.020018824,-0.12724386,-0.010100898,0.18103096,-1.7036164,3.5965097
3895,4895000.0,5.4530804,1.5491891,3.9038913,-0.26510744,1.0331264,1.1936613,0.81091099,-0.61728395,0.5,2.8718554,4.0214099,4.1120278,0.48212844,-0.0065941582,0.026719865,0.020161237,2.7093285,2.5395064,0.65330903,0.15,1.6989053,0.5,0.036294946,13.776023,2.5105048,32.30635,0.033097305,-0.17466817,-0.022298012,0.18892221,2.524316,6.6317465
3896,4896000.0,5.4671079,1.5541366,3.9129713,-0.2597806,1.0364258,1.2011847,0.80834482,-0.61728395,0.5,2.9162625,4.0728263,4.1149934,0.56096781,-0.034366717,-0.12035517,0.092596922,2.75425,2.5818188,0.6514598,0.15,1.7258654,0.5,0.036192211,13.815127,2.4725557,32.30635,-0.013503469,-0.19279033,0.0054567332,0.20566461,4.5374635,1.3270558
3897,4897000.0,5.5057126,1.583505,3.9222077,-0.23648563,1.0560111,1.2319912,0.81235679,-0.61728395,0.5,2.8310325,4.0441601,4.1030766,0.3458609,-0.0487778,-0.19976561,-0.054768237,2.6682159,2.4880114,0.65020613,0.15,1.7199698,0.5,0.036122563,13.841764,2.4851255,32.30635,-0.012148429,-0.17331934,-0.013793245,0.21761003,-2.3564005,-6.39485
3898,4898000.0,5.5068044,1.574547,3.9322574,-0.24797246,1.0500371,1.2361935,0.79224164,-0.61728395,0.5,2.6910195,3.8678325,3.935319,0.26990699,0.058744137,-0.29523052,-0.16608541,2.5322345,2.3468284,0.64701579,0.15,1.7137193,0.5,0.035945322,13.910016,2.4861255,32.30635,0.02326808,-0.16509056,0.014948873,0.24648182,-1.1778619,-8.6704193
3899,4899000.0,5.494723,1.5655387,3.9291843,-0.26116435,1.0440297,1.2074693,0.81778732,-0.61728395,0.5,2.6337433,3.8816862,3.8692373,0.15030636,-0.02480896,-0.31746176,0.0088869972,2.4698383,2.2975497,0.64856856,0.15,1.7218344,0.5,0.036031587,13.876713,2.4991999,32.30635,-0.014815287,-0.15763302,0.0024009466,0.19851907,3.9066755,4.0265967
3900,4900000.0,5.4553285,1.5631701,3.8921584,-0.26171902,1.0424501,1.225588,0.78884187,-0.61728395,0.5,2.5926938,3.8931334,3.9010623,-0.016114445,0.041044511,-0.052041677,0.08409976,2.4345901,2.2514554,0.63923155,0.15,1.643798,0.5,0.035512864,14.079405,2.4689685,32.30635,0.043457805,-0.14483526,0.033287267,0.19801267,0.10809305,-0.74026778
3901,4901000.0,5.4558039,1.586853,3.8689509,-0.26870414,1.0582438,1.2373283,0.81027882,-0.61728395,0.5,2.7727397,4.0409067,4.0330641,0.24424844,0.035736214,-0.13737584,0.031760802,2.6103396,2.4282326,0.63561519,0.15,1.6299082,0.5,0.035311955,14.15951,2.4710659,32.30635,-0.0077724972,-0.16021046,-0.016891273,0.15815083,1.3419999,0.5256816
3902,4902000.0,5.4824911,1.5855353,3.8969559,-0.27095979,1.057365,1.2290747,0.81964429,-0.61728395,0.5,3.028726,4.1391977,4.2154878,0.73149258,-0.0176982,-0.038922251,0.049018424,2.8644488,2.6865169,0.63969247,0.15,1.6592697,0.5,0.035538471,14.06926,2.4980315,32.30635,-0.0046875996,-0.16190089,-0.00030879026,0.17350218,-0.00062815901,1.6136587
3903,4903000.0,5.448295,1.5521776,3.8961174,-0.22740371,1.0351194,1.2084028,0.79519531,-0.61728395,0.5,3.1726959,4.2864445,4.3686431,0.86300016,-0.0092883181,-0.13216796,0.026114215,3.0133189,2.8362424,0.64463876,0.15,1.6319998,0.5,0.035813265,13.961307,2.479496,32.30635,0.008628204,-0.29105704,-0.012055149,0.28942639,0.58185593,6.1596835
3904,4904000.0,5.4499415,1.5547062,3.8952353,-0.23725216,1.0368057,1.2098457,0.79722101,-0.61728395,0.5,2.6544921,3.9819,3.8891612,0.092415114,0.055162284,-0.47820101,-0.080940176,2.4947091,2.3176369,0.64895586,0.15,1.6731261,0.5,0.036053103,13.868432,2.4853787,32.30635,-0.036210193,-0.2561078,-0.00021023207,0.16338325,3.6317918,-4.23777
3905,4905000.0,5.4628486,1.5083531,3.9544954,-0.27560692,1.0058936,1.1719472,0.77599054,-0.61728395,0.5,2.6597704,3.8965761,3.8587892,0.22394592,-0.00091605282,0.048669955,-0.0225943,2.5042425,2.3334672,0.64982937,0.15,1.6871429,0.5,0.036101632,13.849789,2.4723822,32.30635,0.018371632,-0.14414281,-0.0015219903,0.16588992,2.473791,2.5926062
3906,4906000.0,5.5049276,1.5573706,3.947557,-0.2498336,1.0385825,1.2068543,0.80562317,-0.61728395,0.5,2.7776502,4.0174164,3.9746615,0.34087259,0.040014034,0.084171525,0.038969493,2.6161831,2.4416278,0.65585069,0.15,1.7561296,0.5,0.03643615,13.722636,2.5032141,32.30635,-0.0034803844,-0.16451508,-0.024160971,0.17187442,0.079628891,3.2498116
3907,4907000.0,5.4552653,1.5230535,3.9322118,-0.24233126,1.015697,1.1815196,0.7861224,-0.61728395,0.5,3.0136057,4.2071532,4.1569301,0.67673378,0.0090474334,0.10930163,-0.090288109,2.8560471,2.6846373,0.65951354,0.15,1.720063,0.5,0.036639641,13.646422,2.492901,32.30635,0.012682885,-0.20245655,0.039119656,0.11863448,-2.2459129,8.1954171
3908,4908000.0,5.4440146,1.5449765,3.8990382,-0.23808794,1.0303171,1.2165199,0.77244179,-0.61728395,0.5,2.6993125,3.934727,4.0286319,0.13457858,0.033630363,0.30556102,0.11045083,2.5444958,2.360599,0.65629498,0.15,1.6735921,0.5,0.036460832,13.713346,2.4734505,32.30635,-0.070750113,-0.20820603,0.012505488,0.16230966,-3.1727476,-1.5987482
3909,4909000.0,5.5146153,1.5684938,3.9461215,-0.24299719,1.0460004,1.1981499,0.83544359,-0.61728395,0.5,2.8109431,4.0668011,4.0107534,0.35527469,0.012138286,0.078294265,-0.010384229,2.6434993,2.4773443,0.65430074,0.15,1.7040678,0.5,0.036350041,13.755143,2.4943463,32.30635,-0.026327334,-0.16486457,-0.011740194,0.20498107,2.4708637,0.16275022
3910,4910000.0,5.4964933,1.5619055,3.9345878,-0.24678586,1.0416068,1.1959433,0.82800844,-0.61728395,0.5,2.89801,4.1030843,4.1247028,0.46624305,0.025316112,0.19146505,0.039046438,2.7320565,2.5650257,0.64770259,0.15,1.7334496,0.5,0.035983477,13.895266,2.4816531,32.30635,-0.017624229,-0.16322739,-0.010053489,0.18085534,1.5093808,0.78284347
3911,4911000.0,5.4789984,1.572289,3.9067093,-0.25833128,1.0485314,1.2111176,0.82347795,-0.61728395,0.5,2.7925088,3.904749,4.0443683,0.42840904,0.018798112,0.15051931,0.043027318,2.6274632,2.4552994,0.64340839,0.15,1.7018772,0.5,0.03574491,13.988005,2.4737274,32.30635,0.019323574,-0.20267638,0.0068072108,0.17302268,-0.77912696,-2.5496518
3912,4912000.0,5.4836583,1.5562277,3.9274307,-0.25544723,1.0378203,1.1934131,0.82247396,-0.61728395,0.5,2.8066765,3.8847116,4.0001569,0.53516093,-0.033993159,0.029090988,0.079177446,2.6418321,2.4743966,0.63762448,0.15,1.7076582,0.5,0.035423582,14.114891,2.4934375,32.30635,-0.014887037,-0.17930905,-0.010946118,0.26571569,-3.557467,0.0030537347
3913,4913000.0,5.4296252,1.4924895,3.9371357,-0.25141282,0.99531448,1.1480712,0.78387512,-0.61728395,0.5,2.6824396,3.9207954,3.8812412,0.24528217,0.00084220863,-0.17209662,-0.077354518,2.5253314,2.3627842,0.63487402,0.15,1.7276525,0.5,0.035270779,14.176041,2.5008996,32.30635,0.015129026,-0.1710133,0.0087257814,0.17476796,3.5749082,-1.779899
3914,4914000.0,5.4208672,1.4996133,3.9212539,-0.27236442,1.0000652,1.1757657,0.75675624,-0.61728395,0.5,2.5856322,3.8362296,3.7812503,0.13941665,0.00026759787,0.015022604,0.093114021,2.4339593,2.2582658,0.63545281,0.15,1.6577091,0.5,0.035302934,14.163129,2.4861229,32.30635,0.0031646011,-0.15003201,-0.026870192,0.17947181,1.0435698,3.8853714
3915,4915000.0,5.4473444,1.5630707,3.8842737,-0.26805912,1.0423838,1.2152133,0.8030959,-0.61728395,0.5,2.8159595,4.0330958,3.9996827,0.41510014,0.0064453872,-0.3059781,0.10791792,2.654999,2.4776098,0.644858,0.15,1.6727568,0.5,0.035825444,13.956561,2.4621499,32.30635,0.029334175,-0.11593685,-0.041431323,0.19279448,2.837154,4.4164217
3916,4916000.0,5.490194,1.5872531,3.9029409,-0.23127863,1.0585106,1.2406377,0.80631895,-0.61728395,0.5,2.677627,3.9081111,3.953768,0.17100197,-0.044669394,0.042257416,-0.0382708,2.5160206,2.3321985,0.66030963,0.15,1.6655529,0.5,0.036683868,13.629969,2.4936797,32.30635,-0.015011821,-0.19367208,-0.008422455,0.22366788,-0.016766835,-6.6549342
3917,4917000.0,5.469778,1.5523639,3.9174142,-0.26992207,1.0352436,1.2045741,0.80081097,-0.61728395,0.5,2.9218772,3.9709445,4.1555737,0.63911345,0.010663723,-0.23029847,0.0051046921,2.7613747,2.5864898,0.66394134,0.15,1.6456413,0.5,0.03688563,13.555414,2.4749045,32.30635,-0.0082259926,-0.24313404,0.010405447,0.13493765,-0.42467568,5.8077662
3918,4918000.0,5.4590107,1.5647606,3.8942501,-0.26195884,1.0435108,1.2198561,0.79933955,-0.61728395,0.5,2.6743927,3.9155033,3.9303253,0.17734942,-0.0154824,0.039405421,0.026540837,2.514185,2.3347503,0.66433094,0.15,1.6503713,0.5,0.036907274,13.547465,2.4697764,32.30635,0.010029923,-0.22770008,0.0048862493,0.15906961,-2.9487979,3.5993899
3919,4919000.0,5.5072405,1.5416375,3.9656029,-0.23351345,1.0280904,1.1835447,0.81292888,-0.61728395,0.5,2.6096292,3.8438252,3.8762549,0.10880743,-0.011130063,-0.0088949704,0.079636773,2.4466979,2.2800969,0.65643089,0.15,1.6644849,0.5,0.036468383,13.710507,2.4948148,32.30635,-0.016337326,-0.14595849,-0.020347149,0.11673008,-0.68433414,-1.4564749
3920,4920000.0,5.4836393,1.5500017,3.9336376,-0.25247189,1.0336683,1.2092474,0.79055399,-0.61728395,0.5,2.6192119,3.8409758,3.8732071,0.14345272,0.020432772,-0.25169515,-0.011765308,2.4607651,2.2825233,0.6457938,0.15,1.746588,0.5,0.035877433,13.936337,2.4774837,32.30635,0.018123903,-0.16342013,-0.011002015,0.18755607,4.2289258,-0.40443095
3921,4921000.0,5.4745158,1.5509926,3.9235231,-0.2467365,1.0343292,1.204388,0.79888399,-0.61728395,0.5,2.8902778,4.0704252,4.110586,0.48982222,0.011258889,0.1313624,-0.034447653,2.7301615,2.5549422,0.63637097,0.15,1.7459592,0.5,0.035353943,14.142694,2.4793853,32.30635,-0.039766864,-0.25341944,-0.0091496299,0.20140364,1.1720637,-0.26560438
3922,4922000.0,5.4573802,1.5441697,3.9132105,-0.2570844,1.0297791,1.223724,0.76114801,-0.61728395,0.5,2.7858159,4.0028676,3.95343,0.40115012,0.014070808,-0.13285114,-0.023680467,2.6332628,2.4450966,0.63603209,0.15,1.6887935,0.5,0.035335116,14.150229,2.4917565,32.30635,-0.0023724583,-0.21132681,-0.0060178496,0.14326147,0.15279606,-3.9404461
3923,4923000.0,5.5030385,1.5921365,3.9109019,-0.253704,1.0617673,1.2302731,0.82850082,-0.61728395,0.5,2.4862102,3.7905312,3.8101304,-0.14203093,-0.043246565,0.066523488,-0.067023146,2.320158,2.1436675,0.63687311,0.15,1.6575607,0.5,0.035381839,14.131543,2.497167,32.30635,0.015998051,-0.13551748,0.017378164,0.21658977,-3.5859635,-3.3783836
3924,4924000.0,5.5211152,1.5583547,3.9627604,-0.24301743,1.0392388,1.1870027,0.83476937,-0.61728395,0.5,2.6718125,3.8823839,3.9430698,0.18998391,0.053428333,-0.11824907,-0.027340918,2.5045039,2.3413175,0.64612985,0.15,1.7179753,0.5,0.035896103,13.929089,2.4799213,32.30635,0.0090497068,-0.20729936,0.019412527,0.15964916,2.0315431,0.8550187
3925,4925000.0,5.4874519,1.5608494,3.9266025,-0.26638835,1.0409024,1.2054407,0.8131314,-0.61728395,0.5,2.8591144,4.0547784,4.0664451,0.45611963,-0.016403999,-0.096127334,0.067648517,2.6961425,2.5234857,0.65154426,0.15,1.6928619,0.5,0.036196903,13.813336,2.4853039,32.30635,0.010078938,-0.17210304,0.031403461,0.20797429,-0.37981353,1.2891811
3926,4926000.0,5.5047893,1.5898947,3.9148946,-0.25525333,1.0602722,1.2155338,0.84540328,-0.61728395,0.5,2.752524,3.9825108,4.0141897,0.26087147,0.063768634,-0.20020014,-0.0012577513,2.5830841,2.4140851,0.65863669,0.15,1.702084,0.5,0.036590927,13.66459,2.4822905,32.30635,-0.01810048,-0.2009638,0.011332258,0.22406963,0.18715394,1.44318
3927,4927000.0,5.4848024,1.5559332,3.9288692,-0.25263133,1.037624,1.1963011,0.81799266,-0.61728395,0.5,2.542913,3.7883429,3.8357916,0.004604356,-0.052518431,-0.26931316,-0.086717128,2.3789668,2.209829,0.65604331,0.15,1.6938529,0.5,0.036446851,13.718606,2.4889135,32.30635,0.0049154094,-0.19627651,-0.0045636799,0.15492231,1.8396703,-5.5060438
3928,4928000.0,5.5245555,1.5702877,3.9542679,-0.23758541,1.0471967,1.2153617,0.81439225,-0.61728395,0.5,2.9843497,4.2556727,4.1015773,0.59579906,0.013170175,-0.21254826,0.0070508068,2.8211251,2.6459587,0.65165066,0.15,1.7057901,0.5,0.036202814,13.811081,2.4675874,32.30635,-0.010735283,-0.17662444,0.0027562928,0.16537928,2.7227164,3.5951545
3929,4929000.0,5.5063643,1.5404015,3.9659628,-0.2572693,1.0272662,1.1981695,0.79064239,-0.61728395,0.5,2.6622759,3.9052237,3.9438917,0.13771234,-0.0060458501,-0.015650178,-0.015282239,2.5038114,2.3286717,0.64222409,0.15,1.7172641,0.5,0.035679116,14.0138,2.46731,32.30635,-0.01125943,-0.15693105,0.044310292,0.16552398,-3.7326724,6.5034389
3930,4930000.0,5.504017,1.5737922,3.9302248,-0.23909113,1.0495338,1.2252332,0.80626451,-0.61728395,0.5,2.8555203,4.0736978,4.0704348,0.42242815,-0.0069929267,-0.042081703,-0.088201172,2.6939247,2.5143808,0.63956022,0.15,1.7302853,0.5,0.035531123,14.07217,2.4986023,32.30635,0.018955633,-0.14236514,0.010399433,0.2186468,-2.8135361,-1.5229506
3931,4931000.0,5.5048036,1.5517766,3.953027,-0.24920545,1.034852,1.2244746,0.77222941,-0.61728395,0.5,2.609694,3.887027,3.84102,0.10103512,-0.047153442,-0.28542549,0.012778204,2.45492,2.2687657,0.63318297,0.15,1.7187864,0.5,0.035176832,14.213901,2.4838128,32.30635,0.0034935765,-0.14618415,0.01310849,0.21241662,4.3606056,-0.96143165
3932,4932000.0,5.4436151,1.5705634,3.8730518,-0.26645055,1.0473806,1.2298635,0.79468607,-0.61728395,0.5,2.7059441,3.9414129,3.9749773,0.20144213,0.052586349,-0.11129713,-0.083222974,2.5466692,2.3635154,0.63388278,0.15,1.6603369,0.5,0.03521571,14.198209,2.472273,32.30635,0.013299772,-0.18737163,0.0054568589,0.2112624,5.0169262,3.1234276
3933,4933000.0,5.4620451,1.5409817,3.9210633,-0.247429,1.0276531,1.1997879,0.7893188,-0.61728395,0.5,2.6435435,3.8974686,3.8860747,0.14708716,0.00029994387,0.0005971656,-0.019190992,2.4853443,2.3094886,0.63625141,0.15,1.6539816,0.5,0.035347301,14.145352,2.4994321,32.30635,-0.0012793137,-0.17582082,0.015661971,0.18304453,-4.6805228,0.20092765
3934,4934000.0,5.4699699,1.5570834,3.9128865,-0.25278798,1.038391,1.2111694,0.7991709,-0.61728395,0.5,2.764157,3.9673064,4.0244048,0.30075979,-0.0058263272,0.11328886,-0.05668576,2.6039832,2.4269332,0.63907038,0.15,1.6656322,0.5,0.03550391,14.082956,2.4797219,32.30635,-0.014363947,-0.26389792,-0.021858707,0.17933333,-4.1771929,-0.040201864
3935,4935000.0,5.5009322,1.5760009,3.9249314,-0.24781678,1.0510067,1.2127016,0.82719349,-0.61728395,0.5,2.8511151,4.0549968,4.0515025,0.44684588,-0.062051946,-0.1763636,0.031466752,2.6853248,2.5134647,0.64623333,0.15,1.6462016,0.5,0.035901852,13.926858,2.4759611,32.30635,0.020030293,-0.19651107,0.030073482,0.2176152,-1.2490828,-4.9933669
3936,4936000.0,5.4847902,1.5332423,3.9515479,-0.25180631,1.0224918,1.176106,0.80988224,-0.61728395,0.5,2.9555785,4.1782173,4.0999957,0.58852251,-0.031800773,-0.16219457,-0.058680887,2.7932579,2.6281174,0.6510648,0.15,1.7090526,0.5,0.036170267,13.823509,2.4895173,32.30635,-0.0054823046,-0.16965195,-0.0041015033,0.23466581,-0.90998223,-6.5819874
3937,4937000.0,5.5016726,1.543253,3.9584195,-0.24694779,1.0291678,1.2004016,0.79208637,-0.61728395,0.5,2.7624993,3.9422182,3.9593685,0.3859112,-0.0028830508,-0.058683558,-0.12540313,2.6037454,2.4282736,0.65002014,0.15,1.6913004,0.5,0.03611223,13.845725,2.4856957,32.30635,-0.0040512113,-0.21903872,-0.009944364,0.17705374,3.3254592,-0.070099388
3938,4938000.0,5.4327528,1.5156736,3.9170792,-0.27428507,1.0107755,1.1824861,0.77301755,-0.61728395,0.5,2.7567908,3.977305,3.9471246,0.34594285,0.0079039262,0.16431537,0.011166968,2.6018588,2.4275533,0.65026269,0.15,1.7351166,0.5,0.036125705,13.84056,2.5091189,32.30635,0.0068256713,-0.20495785,0.005976472,0.24197923,-0.19008304,7.1170916
3939,4939000.0,5.4347378,1.5171883,3.9175495,-0.24442619,1.0117857,1.177811,0.78192637,-0.61728395,0.5,2.6598749,3.9530087,3.9229836,0.10363236,0.058086644,-0.21443804,-0.04236737,2.5031573,2.331939,0.65169848,0.15,1.6952176,0.5,0.036205471,13.810067,2.5263851,32.30635,-0.01325334,-0.26007706,0.013652696,0.26829676,2.8820462,-8.2852122
3940,4940000.0,5.4405973,1.5263271,3.9142702,-0.27284105,1.0178802,1.1829849,0.78930455,-0.61728395,0.5,2.7854923,3.9655323,4.0020936,0.38885112,0.040907428,-0.14880488,0.0071472944,2.627296,2.4561159,0.64712295,0.15,1.6621311,0.5,0.035951275,13.907713,2.4933457,32.30635,-0.0069080342,-0.18143316,0.00026389482,0.18609106,-1.2562036,4.2557268
3941,4941000.0,5.4787379,1.5413241,3.9374137,-0.25772967,1.0278814,1.1718904,0.82861941,-0.61728395,0.5,2.766895,3.9428073,3.9899417,0.3679361,0.021807407,-0.072704369,-0.0060018108,2.600819,2.4406077,0.64529621,0.15,1.6110946,0.5,0.035849789,13.947083,2.5075103,32.30635,-0.012741111,-0.19284833,0.0028807539,0.14433494,-2.7333054,6.7174065
3942,4942000.0,5.4410321,1.5109771,3.9300551,-0.27020725,1.0076435,1.1596938,0.79719505,-0.61728395,0.5,2.9121592,4.0794961,4.0749566,0.58202491,-0.027729374,-0.10409513,0.0028698246,2.7523814,2.5892677,0.64220617,0.15,1.5866447,0.5,0.035678121,14.014191,2.4678813,32.30635,0.0088421313,-0.16991869,0.005326254,0.19035862,-2.034839,2.1117054
3943,4943000.0,5.4499279,1.497489,3.9524389,-0.24533574,0.99864854,1.1766051,0.75220438,-0.61728395,0.5,2.5779506,3.8347933,3.8820955,0.016962993,-0.0034479545,-0.027199275,-0.0061497118,2.4271901,2.2503505,0.64834753,0.15,1.5989458,0.5,0.036019307,13.881444,2.4797492,32.30635,-0.033441271,-0.22374841,0.035719941,0.16661447,0.64840858,-5.6737505
3944,4944000.0,5.4474563,1.501053,3.9464033,-0.23825931,1.0010254,1.152214,0.79176869,-0.61728395,0.5,2.4568771,3.7576147,3.7399793,-0.12696264,-0.0094696412,0.18144806,-0.081405419,2.2981869,2.1360682,0.65168712,0.15,1.6153472,0.5,0.03620484,13.810308,2.4734705,32.30635,0.0078270638,-0.18866525,0.027123858,0.17969259,1.2472397,0.16971839
3945,4945000.0,5.4147925,1.5430759,3.8717167,-0.26500959,1.0290496,1.2057982,0.784307,-0.61728395,0.5,2.6855236,3.9044064,3.9488933,0.20327104,0.017493594,0.022740556,-0.0095898311,2.5283289,2.3497953,0.65475507,0.15,1.6593616,0.5,0.036375281,13.745598,2.4745096,32.30635,0.015972791,-0.17722934,0.024282443,0.16538866,-2.712157,-0.0088131654
3946,4946000.0,5.4211867,1.5390183,3.8821684,-0.24285736,1.0263437,1.1822775,0.81051478,-0.61728395,0.5,3.1304212,4.2699555,4.2664498,0.85485836,-0.047345238,0.044305551,-0.030096901,2.9679738,2.8012418,0.65208888,0.15,1.6587603,0.5,0.03622716,13.8018,2.476501,32.30635,-0.054635834,-0.22865829,0.012709898,0.16331237,-0.95227617,5.7698163
3947,4947000.0,5.4417794,1.5344893,3.9072902,-0.25941275,1.0233234,1.1724907,0.81689187,-0.61728395,0.5,2.7672423,3.9595908,3.9801019,0.36203426,0.038347084,-0.10365822,0.034745969,2.6035168,2.4407878,0.65118188,0.15,1.7338818,0.5,0.036176771,13.821023,2.4820652,32.30635,0.02846759,-0.18383019,0.0054955458,0.1917362,-3.2796402,-0.9272911
3948,4948000.0,5.4165591,1.5500316,3.8665275,-0.25757688,1.0336883,1.1804587,0.83059451,-0.61728395,0.5,2.7086025,3.9832572,3.9407883,0.20176197,0.032633166,0.046452124,-0.12160654,2.5421306,2.3799294,0.64762468,0.15,1.6978582,0.5,0.035979149,13.896938,2.4670496,32.30635,0.0011707948,-0.21333733,0.0034085109,0.17667288,-5.4696959,0.97567087
3949,4949000.0,5.3886532,1.5025352,3.886118,-0.27506809,1.0020138,1.1972741,0.73153404,-0.61728395,0.5,2.6372608,3.8779452,3.8998833,0.13395404,0.0052447539,-0.034821516,-0.065912127,2.4906431,2.3039059,0.64926157,0.15,1.685922,0.5,0.036070087,13.861902,2.4888831,32.30635,0.009751176,-0.15392983,-0.022296756,0.18650939,-2.8545343,-5.2648418
3950,4950000.0,5.4346679,1.5399979,3.89467,-0.26456336,1.026997,1.1883516,0.80363804,-0.61728395,0.5,2.763381,3.9678146,3.9557715,0.36655705,-0.046884248,0.16383126,-0.0439572,2.6023119,2.4325104,0.64393619,0.15,1.658922,0.5,0.035774233,13.97654,2.4806666,32.30635,0.017492335,-0.19619553,-0.0033307802,0.19341102,-1.7849689,2.1487767
3951,4951000.0,5.4228597,1.5219508,3.9009089,-0.24922557,1.0149617,1.186557,0.77736708,-0.61728395,0.5,2.9354361,3.9717797,4.204581,0.62994743,0.067380129,-0.2358821,-0.010062464,2.7796323,2.6050651,0.64054546,0.15,1.5776928,0.5,0.035585859,14.050525,2.4685281,32.30635,-0.0086916568,-0.23721435,-0.018917377,0.16664289,2.5342122,5.7415083
3952,4952000.0,5.4267845,1.5296696,3.897115,-0.24331443,1.0201092,1.1705136,0.81195687,-0.61728395,0.5,2.9503035,4.1386138,4.1102738,0.60202298,0.0016829104,-0.10572402,0.091008495,2.7875671,2.6243995,0.64456576,0.15,1.6275469,0.5,0.035809209,13.962889,2.5162816,32.30635,-0.040495844,-0.21996295,0.00088598054,0.18854168,-0.99867873,6.1077637
3953,4953000.0,5.4438494,1.5280637,3.9157857,-0.25836512,1.0190383,1.1591576,0.82517301,-0.61728395,0.5,2.5549835,3.7829281,3.8535238,0.028498635,-0.0096809106,-0.017634079,-0.12300137,2.3895982,2.2322413,0.63847138,0.15,1.6577283,0.5,0.035470632,14.096168,2.4970356,32.30635,0.0035115559,-0.23859735,0.013437445,0.13380897,-1.8943853,-5.6933867
3954,4954000.0,5.4080796,1.5389474,3.8691322,-0.26261063,1.0262964,1.1777953,0.81662832,-0.61728395,0.5,2.9262605,4.2001429,4.1264105,0.45222798,0.0064206919,0.20259949,0.037382257,2.7625877,2.598329,0.64018345,0.15,1.6735983,0.5,0.035565747,14.05847,2.4638071,32.30635,-0.01163041,-0.14209249,-0.0085953709,0.22165516,-4.8932837,-0.81989916
3955,4955000.0,5.4512256,1.5467239,3.9045017,-0.27476909,1.0314825,1.1812054,0.82428544,-0.61728395,0.5,2.6121304,3.8646777,3.8584193,0.11329418,-0.0310611,-0.13918034,0.042182413,2.446923,2.2832494,0.64411523,0.15,1.6867457,0.5,0.035784179,13.972655,2.4715658,32.30635,-0.012517475,-0.1960831,-0.011149357,0.20657107,-0.70619939,3.4773435
3956,4956000.0,5.4324014,1.5330451,3.8993564,-0.2646736,1.0223603,1.1651197,0.8248298,-0.61728395,0.5,2.8192475,3.9833049,4.0728946,0.40154288,0.0033331984,0.20524375,0.093320615,2.653931,2.4948452,0.6430033,0.15,1.6484901,0.5,0.035722406,13.996818,2.4648754,32.30635,-0.027895068,-0.21303806,0.0015186608,0.27671266,0.54241002,3.1373626
3957,4957000.0,5.4159719,1.535784,3.8801879,-0.26399368,1.0241868,1.1745012,0.81616257,-0.61728395,0.5,2.820218,3.9988274,4.0505016,0.41132502,0.026942977,-0.0054181143,0.014244999,2.6566386,2.4932037,0.65145513,0.15,1.7254483,0.5,0.036191952,13.815226,2.4880199,32.30635,-0.010637337,-0.23001176,-0.02767315,0.19041737,-0.1768914,-3.4382527
3958,4958000.0,5.4399987,1.5543786,3.8856201,-0.26292162,1.0365872,1.2032201,0.80590301,-0.61728395,0.5,2.87267,4.0961117,4.0209914,0.50090687,0.057981489,0.041581632,0.012590167,2.7111469,2.5376595,0.65629744,0.15,1.6712215,0.5,0.036460969,13.713294,2.4886905,32.30635,-0.01412932,-0.20160095,0.021108458,0.20747567,-4.141062,4.5992027
3959,4959000.0,5.4164503,1.5155634,3.9008868,-0.26527733,1.0107021,1.1763494,0.78136711,-0.61728395,0.5,2.9030884,4.0667289,4.1125284,0.53000793,-0.0079020296,-0.25300237,0.08619801,2.7464829,2.5755595,0.66106904,0.15,1.676728,0.5,0.036726058,13.614312,2.4796475,32.30635,0.021437418,-0.19380913,0.0033573099,0.16366395,2.3108529,2.2241254
3960,4960000.0,5.414619,1.5091657,3.9054533,-0.25742191,1.0064355,1.1700763,0.77988462,-0.61728395,0.5,2.5859239,3.8635726,3.8379979,0.056201072,-0.027710708,-0.16819071,0.092586406,2.4296155,2.2601416,0.66504435,0.15,1.6971431,0.5,0.036946908,13.532932,2.4911499,32.30635,-0.02093509,-0.17332414,-0.028847191,0.19321971,1.3159455,0.57999673
3961,4961000.0,5.4168702,1.5356667,3.8812035,-0.25836854,1.0241086,1.182426,0.80496656,-0.61728395,0.5,2.9477222,4.0888089,4.2130082,0.54134953,-0.051012169,0.024065617,0.052394162,2.7863868,2.6185014,0.6629575,0.15,1.6784803,0.5,0.036830972,13.575531,2.4953648,32.30635,-0.025918311,-0.25038487,0.0094749641,0.17240137,4.1430763,2.5300354
3962,4962000.0,5.447682,1.5647331,3.8829489,-0.25020903,1.0434924,1.2121705,0.80997247,-0.61728395,0.5,2.8829376,4.116162,4.0451184,0.48753246,0.038928386,-0.1550213,0.026499208,2.7205989,2.5454351,0.65657418,0.15,1.6930767,0.5,0.036476343,13.707514,2.4932073,32.30635,0.0013717309,-0.17601134,0.018477603,0.23146629,0.96891861,-0.95468433
3963,4963000.0,5.4192976,1.5259637,3.8933339,-0.25468667,1.0176378,1.1900173,0.77895593,-0.61728395,0.5,2.7776463,4.0014882,3.9738997,0.35755099,0.0016704413,-0.25914655,-0.080399733,2.6215241,2.4463119,0.64949311,0.15,1.676203,0.5,0.03608295,13.85696,2.4939968,32.30635,0.0047164664,-0.16650399,0.013173047,0.21301792,-0.87950917,-2.3148144
3964,4964000.0,5.4357327,1.5501097,3.885623,-0.27907113,1.0337404,1.201416,0.80160536,-0.61728395,0.5,2.7364421,3.9988055,3.9098508,0.30066985,0.059405468,-0.28633584,-0.032446392,2.5757803,2.4019339,0.64255379,0.15,1.6736144,0.5,0.035697433,14.006609,2.475637,32.30635,0.023546543,-0.1881008,-0.0093518712,0.1920992,2.4222354,1.0580315
3965,4965000.0,5.4571378,1.5553362,3.9018016,-0.25869752,1.0372258,1.2045105,0.80563673,-0.61728395,0.5,2.5008468,3.8861523,3.7676823,-0.15129412,-0.012804861,-0.20742167,0.00044964097,2.3393771,2.1654771,0.63495943,0.15,1.6485262,0.5,0.035275524,14.174134,2.4835361,32.30635,-0.0097148141,-0.19481569,-0.01112163,0.16937452,1.0759144,-0.069533842
3966,4966000.0,5.4648177,1.5557631,3.9090546,-0.25452491,1.0375105,1.2135343,0.79378132,-0.61728395,0.5,2.9718904,4.0569483,4.1748047,0.68391827,-0.031064781,-0.16346104,-0.011302786,2.8127968,2.6340082,0.63348636,0.15,1.654688,0.5,0.035193687,14.207093,2.4691293,32.30635,-0.015309811,-0.17987227,0.0099170572,0.16931017,1.4170445,8.9279254
3967,4967000.0,5.4769372,1.5632686,3.9136686,-0.25945751,1.0425158,1.1976326,0.8278341,-0.61728395,0.5,3.0023834,4.0941634,4.209676,0.703311,0.019084152,-0.14676221,0.049707075,2.8364648,2.6689287,0.63174153,0.15,1.6677103,0.5,0.035096752,14.246333,2.4757409,32.30635,-0.011459817,-0.17707024,-0.016862323,0.16478019,1.392946,0.62627401
3968,4968000.0,5.4482343,1.5344678,3.9137665,-0.23858567,1.023309,1.192261,0.78939302,-0.61728395,0.5,2.7277389,3.9937654,3.9257263,0.26372508,-0.034599283,-0.28073611,-0.0051762467,2.5695248,2.3957798,0.63799857,0.15,1.6813864,0.5,0.035444365,14.106615,2.4668314,32.30635,0.017707019,-0.15401305,0.0036361996,0.18029351,2.0428562,-0.81271842
3969,4969000.0,5.4229861,1.5092476,3.9137386,-0.26308996,1.0064901,1.1752219,0.77286706,-0.61728395,0.5,2.6164811,3.9194377,3.8653582,0.064647277,-0.025119165,-0.11103638,0.026432197,2.4615792,2.2892661,0.64490489,0.15,1.6416354,0.5,0.03582805,13.955546,2.4876968,32.30635,-0.014174735,-0.15712482,-0.01422376,0.14370524,1.1893195,1.6627566
3970,4970000.0,5.4231115,1.5338577,3.8892537,-0.26347674,1.0229022,1.1801839,0.80519801,-0.61728395,0.5,3.069781,4.1852791,4.2488021,0.77526182,0.017483412,-0.17919448,0.010097406,2.9083992,2.7411845,0.65277047,0.15,1.732571,0.5,0.036265026,13.787388,2.4700487,32.30635,0.0014078991,-0.17265382,-0.051010823,0.23332799,0.33015546,3.6848328
3971,4971000.0,5.4626984,1.5420766,3.9206218,-0.25912211,1.0283832,1.2058313,0.78266843,-0.61728395,0.5,2.5313185,3.7958661,3.7939557,0.0041337866,0.062205907,-0.10322624,0.075778354,2.3744522,2.1955811,0.65693498,0.15,1.6936349,0.5,0.036496388,13.699986,2.4891504,32.30635,-0.012066206,-0.15213398,0.022492118,0.19655144,2.76025,0.27680073
3972,4972000.0,5.4812282,1.5542583,3.9269699,-0.24494265,1.036507,1.2038778,0.80479768,-0.61728395,0.5,2.8056544,4.0869313,3.9998197,0.33021219,0.010091469,0.11182965,0.094796932,2.6443528,2.4704608,0.65588978,0.15,1.6689775,0.5,0.036438321,13.721818,2.4867578,32.30635,-0.020687161,-0.14170333,0.010095299,0.22357761,0.6352734,-0.13725131
3973,4973000.0,5.4920637,1.5599348,3.9321288,-0.2484752,1.0402926,1.2087153,0.80712488,-0.61728395,0.5,2.6863218,3.9449309,3.874966,0.23906852,-0.015213767,-0.40403978,0.087049278,2.5245538,2.3497813,0.64801387,0.15,1.6794917,0.5,0.036000771,13.888592,2.4720155,32.30635,0.026639989,-0.18785126,-0.017924068,0.22766085,5.5007168,-3.2447462
3974,4974000.0,5.4770837,1.5570297,3.920054,-0.23879995,1.0383552,1.1897463,0.82884613,-0.61728395,0.5,2.7095739,4.0179876,3.9862566,0.1244776,0.0064248985,-0.11419076,-0.10440017,2.5434525,2.378315,0.6335493,0.15,1.6354307,0.5,0.035197183,14.205682,2.5000879,32.30635,-0.0033545302,-0.15160166,0.025325515,0.16998861,1.3011962,-5.8704892
3975,4975000.0,5.4577266,1.5521376,3.905589,-0.25343945,1.0350927,1.1999308,0.80690072,-0.61728395,0.5,2.7504065,3.9928145,3.9743686,0.28403653,0.013881064,-0.11291403,0.077825339,2.5886834,2.4163119,0.62662894,0.15,1.6254204,0.5,0.034812719,14.362567,2.4866685,32.30635,-0.0047038205,-0.18608643,-0.0054853709,0.19443722,2.1199438,0.39213435
3976,4976000.0,5.4801474,1.5599808,3.9201667,-0.25324693,1.0403232,1.2001805,0.81905452,-0.61728395,0.5,2.6593601,3.932008,3.8660629,0.18000929,-0.039029755,0.034705126,0.00047181627,2.4952011,2.325196,0.62514474,0.15,1.6882375,0.5,0.034730263,14.396666,2.5000708,32.30635,0.0082862397,-0.1175425,-0.015069677,0.22942126,-1.6562233,3.1018561
3977,4977000.0,5.4179788,1.5172679,3.900711,-0.26826069,1.0118387,1.1730343,0.78868897,-0.61728395,0.5,2.588053,3.8156544,3.8805964,0.06790837,-0.012972783,0.049397289,0.075675755,2.4299801,2.2614472,0.62330449,0.15,1.6743386,0.5,0.034628027,14.439171,2.4734625,32.30635,-0.015404101,-0.21827735,0.068572892,0.2103207,-1.1569371,-1.3687649
3978,4978000.0,5.43724,1.5495625,3.8876775,-0.2663627,1.0333754,1.2141614,0.78302752,-0.61728395,0.5,2.7959108,4.02401,4.0305707,0.3331518,-0.01269063,-0.13934151,0.037146384,2.6389725,2.457854,0.63618585,0.15,1.6695255,0.5,0.035343658,14.146809,2.4791023,32.30635,0.013049098,-0.14375378,-0.023604883,0.20560221,3.6516479,0.94954549
3979,4979000.0,5.4542908,1.5679697,3.8863212,-0.27278349,1.0456509,1.2025431,0.82850527,-0.61728395,0.5,2.739345,3.9732974,3.9675949,0.27714275,-0.024963378,-0.14709839,-0.094339758,2.5732919,2.4045231,0.64680379,0.15,1.6774428,0.5,0.035933544,13.914575,2.4967741,32.30635,-0.02488652,-0.16413281,0.014832622,0.12017938,4.1163737,-1.2183568
3980,4980000.0,5.4594876,1.577756,3.8817316,-0.25482109,1.0521772,1.219376,0.82071887,-0.61728395,0.5,2.5651825,3.8979067,3.8570767,-0.059435883,0.047124016,-0.17559615,0.0048010669,2.4006899,2.2256738,0.65918313,0.15,1.6123888,0.5,0.036621285,13.653262,2.4795608,32.30635,-0.0031901915,-0.14674187,0.013944266,0.18404797,-0.77621761,3.8875745
3981,4981000.0,5.438919,1.517193,3.921726,-0.25204274,1.0117888,1.1631671,0.80227704,-0.61728395,0.5,2.7465127,3.9823721,3.9450897,0.31207633,0.035335238,-0.19999805,-0.084832028,2.5857163,2.4226541,0.66628007,0.15,1.6484043,0.5,0.037015559,13.507833,2.4858285,32.30635,0.0099421621,-0.25658088,-0.010837747,0.16780942,-1.0127621,-0.87323641
3982,4982000.0,5.4495617,1.5339592,3.9156025,-0.26564104,1.0229699,1.167035,0.82362612,-0.61728395,0.5,2.9680219,4.1588896,4.1329888,0.61218724,-0.02074364,-0.0040378802,-0.0077455724,2.8029466,2.6430863,0.66575493,0.15,1.6660322,0.5,0.036986385,13.518488,2.4798086,32.30635,-0.011966358,-0.15119398,-0.016537396,0.17853641,-2.2635214,1.3439037
3983,4983000.0,5.4536946,1.5408177,3.9128769,-0.26687393,1.0275437,1.1886605,0.80451539,-0.61728395,0.5,2.9177068,4.0932817,4.0847878,0.57505104,-0.058714119,0.061846708,-0.061064869,2.7564618,2.5867502,0.66372476,0.15,1.7403151,0.5,0.036873598,13.559838,2.4963939,32.30635,-0.0039787221,-0.19346801,0.020706971,0.22123249,-2.0828417,5.446043
3984,4984000.0,5.4355712,1.5378537,3.8977174,-0.2584988,1.0255671,1.1953489,0.79049995,-0.61728395,0.5,2.7176916,3.9250014,3.9538207,0.27425272,-0.056309135,-0.064149385,-0.038403198,2.5592557,2.3848727,0.65437499,0.15,1.7436865,0.5,0.036354166,13.753582,2.4792522,32.30635,4.5514592e-05,-0.26196924,0.031908568,0.20055397,3.2790112,-0.88004974
3985,4985000.0,5.4718497,1.5625545,3.9092952,-0.25756286,1.0420396,1.2195331,0.79627223,-0.61728395,0.5,2.6132934,3.8768832,3.8687051,0.094291971,0.0030200933,0.10782493,-0.052375494,2.4537006,2.273741,0.64615143,0.15,1.7317939,0.5,0.035897302,13.928624,2.4863403,32.30635,0.0078749293,-0.1754936,-0.0048036606,0.17564234,-1.0901463,-1.698118
3986,4986000.0,5.4661585,1.5600387,3.9061199,-0.26332822,1.0403618,1.1834547,0.84238207,-0.61728395,0.5,3.1021161,4.2998948,4.2269273,0.77952619,-0.033006497,0.12418058,0.013987279,2.9332817,2.7726089,0.63947888,0.15,1.7192273,0.5,0.035526604,14.07396,2.4897704,32.30635,-0.0074346979,-0.18691908,-0.017630479,0.14660182,1.1429735,4.5525188
3987,4987000.0,5.4363614,1.5022172,3.9341442,-0.24985318,1.0018017,1.1455717,0.80285159,-0.61728395,0.5,2.8447713,4.0456881,4.0122056,0.47642009,-0.015243476,-0.13052531,0.042563862,2.6838598,2.5258118,0.63148985,0.15,1.708577,0.5,0.035082769,14.252011,2.4793801,32.30635,-0.018038641,-0.23109814,0.0018791202,0.25564959,1.0144727,-2.6620131
3988,4988000.0,5.4338278,1.5364848,3.897343,-0.24213707,1.0246542,1.1887244,0.79752081,-0.61728395,0.5,2.7726601,4.0152851,3.9905729,0.31212227,0.021320741,-0.19864979,-0.20347097,2.612817,2.4416857,0.6371319,0.15,1.6799878,0.5,0.035396217,14.125803,2.4666679,32.30635,0.0021536113,-0.25859949,0.0017710159,0.1790161,1.7919133,-2.8491335
3989,4989000.0,5.4595989,1.5158948,3.9437041,-0.25544423,1.010923,1.1789012,0.77835022,-0.61728395,0.5,3.0653705,4.2322417,4.1531911,0.81067864,-0.036269253,0.16001533,-0.17122617,2.9093696,2.7371311,0.64027753,0.15,1.6521318,0.5,0.035570974,14.056405,2.4744904,32.30635,-0.0091978368,-0.26672386,-0.0076388512,0.16922918,-3.2017278,6.5698936
3990,4990000.0,5.4668398,1.5259502,3.9408897,-0.26019947,1.0176288,1.180346,0.79236962,-0.61728395,0.5,2.6000482,3.8112394,3.8767228,0.1121823,0.093818533,-0.13520995,-0.036030461,2.4412375,2.2714065,0.64848396,0.15,1.6359863,0.5,0.036026887,13.878524,2.4851177,32.30635,0.00122703,-0.1706037,0.028822033,0.21520019,-0.43360814,-1.8563236
3991,4991000.0,5.4037109,1.5155786,3.8881323,-0.27734662,1.0107122,1.194147,0.75666703,-0.61728395,0.5,2.7581656,3.9321782,3.990411,0.35190771,-0.012291544,-0.21062452,-0.0014036593,2.6065107,2.4256814,0.65802562,0.15,1.6339155,0.5,0.036556979,13.677279,2.4948297,32.30635,0.013532139,-0.18853094,-0.018390613,0.18360291,4.6512779,3.6562821
3992,4992000.0,5.4409563,1.5585764,3.8823799,-0.27507176,1.0393867,1.2133107,0.79857593,-0.61728395,0.5,2.6461656,3.8871299,3.9247095,0.12665729,0.0024307302,-0.25408307,0.1266213,2.486111,2.3083456,0.65772369,0.15,1.6285532,0.5,0.036540205,13.683558,2.4817959,32.30635,0.014249574,-0.1545858,0.0035454762,0.13244898,0.46215631,5.5850407
3993,4993000.0,5.5219744,1.5708685,3.9511059,-0.25569104,1.047584,1.2076057,0.82609256,-0.61728395,0.5,2.5435111,3.7770159,3.8490946,0.0044229212,0.0011509278,-0.47676265,0.075868539,2.3779415,2.2072796,0.66070884,0.15,1.696519,0.5,0.036706047,13.621734,2.4904256,32.30635,0.030343137,-0.21347933,0.0060815403,0.18121692,0.81817391,-5.3943404
3994,4994000.0,5.5057418,1.5810685,3.9246733,-0.25037851,1.0543862,1.2199697,0.82517363,-0.61728395,0.5,2.8317088,4.0828378,3.9976115,0.41467703,0.01331465,-0.21765514,-0.018814935,2.6663234,2.4920348,0.65275269,0.15,1.7070058,0.5,0.036264038,13.787764,2.4677837,32.30635,0.0092362162,-0.23146796,-0.016512065,0.16138131,-1.2848092,-2.966739
3995,4995000.0,5.4958742,1.5872723,3.9086018,-0.26703165,1.0585234,1.21695,0.83925637,-0.61728395,0.5,2.727741,4.0042189,3.9740666,0.20493751,-0.00033994512,0.13153879,-0.0072359659,2.5595331,2.3889078,0.64735676,0.15,1.6536002,0.5,0.035964264,13.90269,2.4940836,32.30635,0.0062202262,-0.12195522,0.02100239,0.13172414,0.35842936,0.19016774
3996,4996000.0,5.4622609,1.5377619,3.924499,-0.23868668,1.0255058,1.1886581,0.79964832,-0.61728395,0.5,2.616504,3.886511,3.9620757,0.00092543058,0.017666534,0.11252125,-0.057020796,2.4562345,2.2855481,0.6366125,0.15,1.6269996,0.5,0.035367361,14.137328,2.4653728,32.30635,0.0092181826,-0.15532943,-0.015155467,0.16102733,-2.8777434,0.82851896
3997,4997000.0,5.4599014,1.5233208,3.9365806,-0.22954277,1.0158753,1.1791921,0.78978184,-0.61728395,0.5,2.8946291,4.1197249,4.0608614,0.50330089,0.038018887,0.05309775,0.12951636,2.736337,2.5663087,0.6312242,0.15,1.6257392,0.5,0.035068011,14.258009,2.4773944,32.30635,0.0039379812,-0.18067867,-0.014219104,0.22973231,-0.93261108,-1.4326875
3998,4998000.0,5.4878594,1.5518936,3.9359659,-0.24326732,1.03493,1.204283,0.80046579,-0.61728395,0.5,2.574084,3.8766667,3.8518764,-0.0062910521,-0.039346085,0.016775567,-0.09024715,2.4136507,2.2387776,0.63065105,0.15,1.6762389,0.5,0.03503617,14.270966,2.4865908,32.30635,-0.0095945468,-0.18758896,-0.012705535,0.18569749,3.1871324,-8.0790774
3999,4999000.0,5.4787947,1.4997166,3.9790782,-0.23703954,1.0001341,1.1579353,0.78169068,-0.61728395,0.5,2.5327757,3.7311273,3.823928,0.04327173,0.0097806875,-0.010900183,-0.10494325,2.3761053,2.2103738,0.63185675,0.15,1.6682043,0.5,0.035103153,14.243735,2.4787671,32.30635,1.5633676e-05,-0.19045373,-0.016918636,0.18889295,-1.0864192,-0.44635957
4000,5000000.0,5.4599209,1.5646484,3.8952725,-0.25656976,1.0434359,1.2458357,0.76307008,-0.61728395,0.5,2.6528732,3.9503982,3.8687614,0.13946006,0.0021482736,-0.066063518,-0.050552383,2.4999349,2.3059974,0.63753728,0.15,1.7453686,0.5,0.035418738,14.116822,2.4781192,32.30635,0.021882252,-0.21696884,0.0078655627,0.20002768,-1.0252337,-5.3088464
